Decay	EVR
9.15	8.72
9.17	8.88
9.25	8.97
8.915	9.1
9.103	9.16
9.18	9.18
9.23	9.12
	8.91
	8.92
	8.93
	9.03
	9.06
	9.08
	9.11
	9.11
	9.13
	9.18
	
	
	
	
	
	
	
	
	
	
	
	
	
	
	
	
	
	
	
	
	
	
	
	
	
	
	
	
	
	
	
	
	
	
	
	
	
	
	
	
	
	
	
	
	
	
	
	
	
	
	
	
	
	
	
	
	
	
	
	
	
	
	
	
	
	
	
	
	
	
	
	
	
	
	
	
	
	
	
	
	
	
	
	
	
	
	
	
	
	
	
	
	
	
	
	
	
	
	
	
	
	
	
	
	
	
	
	
	
	
	
	
	
	
	
	
	
	
	
	
	
	
	
	
	
