====== Si(300um) + Si(300um)                 =======
        SRIM-2013.00
========================================
      Ion and Recoil IONIZATION     
 See SRIM Outputs\TDATA.txt for details   
========================================
====== TRIM Calc.=  H(5.4 MeV) ==> Si_Top    +Si_Bottom (  600 um) ===========
------------------------------------------------------------------------------
--------------------------------------------------------------------
    Recoil/Damage Calculations made with Kinchin-Pease Estimates    
--------------------------------------------------------------------
 See file :  SRIM Outputs\TDATA.txt   for calculation data
 Ion    =  H   Energy = 5400 keV
============= TARGET MATERIAL ======================================
Layer 1 : Si_Top    
Layer Width = 30000.E+02 A ;
  Layer # 1- Density = 4.975E22 atoms/cm3 = 2.321 g/cm3
  Layer # 1- Si = 100  Atomic Percent = 100  Mass Percent
Layer 2 : Si_Bottom 
Layer Width = 30000.E+02 A ;
  Layer # 2- Density = 4.975E22 atoms/cm3 = 2.321 g/cm3
  Layer # 2- Si = 100  Atomic Percent = 100  Mass Percent
====================================================================
 Total Ions calculated =001000.00
===============================================================
  Ionization Energy Units are  >>>>  eV /(Angstrom-Ion)  <<<<  
===============================================================

  TARGET       IONIZ.       IONIZ.  
  DEPTH         by           by     
  (Ang)        IONS         RECOILS 
-----------  -----------  -----------
600000.E-01  1297.29E-03  4114.67E-08
120000.E+00  1307.26E-03  2230.90E-07
180000.E+00  1321.54E-03  1497.67E-06
240000.E+00  1325.56E-03  9065.22E-08
300000.E+00  1353.04E-03  8252.09E-08
360000.E+00  1370.90E-03  5618.82E-08
420000.E+00  1383.34E-03  1460.86E-07
480000.E+00  1396.26E-03  5267.98E-08
540000.E+00  1420.89E-03  3600.34E-08
600000.E+00  1438.56E-03  2699.73E-07
660000.E+00  1462.45E-03  1792.03E-07
720000.E+00  1483.96E-03  1456.56E-07
780000.E+00  1497.01E-03  8214.65E-08
840000.E+00  1524.20E-03  5380.71E-08
900000.E+00  1543.93E-03  5712.82E-06
960000.E+00  1561.24E-03  7933.27E-08
102000.E+01  1596.65E-03  1123.14E-07
108000.E+01  1628.31E-03  9840.63E-08
114000.E+01  1660.21E-03  5056.92E-08
120000.E+01  1696.40E-03  3928.87E-08
126000.E+01  1732.69E-03  4780.57E-08
132000.E+01  1770.86E-03  1255.13E-07
138000.E+01  1809.11E-03  1513.60E-07
144000.E+01  1842.68E-03  1019.28E-07
150000.E+01  1884.97E-03  2674.43E-07
156000.E+01  1940.00E-03  1117.36E-07
162000.E+01  1994.70E-03  1048.15E-07
168000.E+01  2046.82E-03  1670.83E-07
174000.E+01  2108.38E-03  1191.07E-07
180000.E+01  2191.96E-03  1727.73E-07
186000.E+01  2281.30E-03  8859.17E-08
192000.E+01  2369.34E-03  1822.50E-07
198000.E+01  2487.26E-03  1270.84E-07
204000.E+01  2612.78E-03  1581.87E-07
210000.E+01  2765.76E-03  8417.11E-07
216000.E+01  2980.16E-03  3551.79E-07
222000.E+01  3204.71E-03  3361.64E-07
228000.E+01  3525.25E-03  3351.61E-07
234000.E+01  4005.05E-03  2798.25E-07
240000.E+01  4785.58E-03  7232.21E-07
246000.E+01  5834.31E-03  1571.26E-06
252000.E+01  3774.44E-03  1353.90E-06
258000.E+01  7052.57E-04  3223.41E-07
264000.E+01  1157.62E-05  7841.83E-09
270000.E+01  0000.00E+00  0000.00E+00
276000.E+01  0000.00E+00  0000.00E+00
282000.E+01  0000.00E+00  0000.00E+00
288000.E+01  0000.00E+00  0000.00E+00
294000.E+01  0000.00E+00  0000.00E+00
300000.E+01  0000.00E+00  0000.00E+00
306000.E+01  0000.00E+00  0000.00E+00
312000.E+01  0000.00E+00  0000.00E+00
318000.E+01  0000.00E+00  0000.00E+00
324000.E+01  0000.00E+00  0000.00E+00
330000.E+01  0000.00E+00  0000.00E+00
336000.E+01  0000.00E+00  0000.00E+00
342000.E+01  0000.00E+00  0000.00E+00
348000.E+01  0000.00E+00  0000.00E+00
354000.E+01  0000.00E+00  0000.00E+00
360000.E+01  0000.00E+00  0000.00E+00
366000.E+01  0000.00E+00  0000.00E+00
372000.E+01  0000.00E+00  0000.00E+00
378000.E+01  0000.00E+00  0000.00E+00
384000.E+01  0000.00E+00  0000.00E+00
390000.E+01  0000.00E+00  0000.00E+00
396000.E+01  0000.00E+00  0000.00E+00
402000.E+01  0000.00E+00  0000.00E+00
408000.E+01  0000.00E+00  0000.00E+00
414000.E+01  0000.00E+00  0000.00E+00
420000.E+01  0000.00E+00  0000.00E+00
426000.E+01  0000.00E+00  0000.00E+00
432000.E+01  0000.00E+00  0000.00E+00
438000.E+01  0000.00E+00  0000.00E+00
444000.E+01  0000.00E+00  0000.00E+00
450000.E+01  0000.00E+00  0000.00E+00
456000.E+01  0000.00E+00  0000.00E+00
462000.E+01  0000.00E+00  0000.00E+00
468000.E+01  0000.00E+00  0000.00E+00
474000.E+01  0000.00E+00  0000.00E+00
480000.E+01  0000.00E+00  0000.00E+00
486000.E+01  0000.00E+00  0000.00E+00
492000.E+01  0000.00E+00  0000.00E+00
498000.E+01  0000.00E+00  0000.00E+00
504000.E+01  0000.00E+00  0000.00E+00
510000.E+01  0000.00E+00  0000.00E+00
516000.E+01  0000.00E+00  0000.00E+00
522000.E+01  0000.00E+00  0000.00E+00
528000.E+01  0000.00E+00  0000.00E+00
534000.E+01  0000.00E+00  0000.00E+00
540000.E+01  0000.00E+00  0000.00E+00
546000.E+01  0000.00E+00  0000.00E+00
552000.E+01  0000.00E+00  0000.00E+00
558000.E+01  0000.00E+00  0000.00E+00
564000.E+01  0000.00E+00  0000.00E+00
570000.E+01  0000.00E+00  0000.00E+00
576000.E+01  0000.00E+00  0000.00E+00
582000.E+01  0000.00E+00  0000.00E+00
588000.E+01  0000.00E+00  0000.00E+00
594000.E+01  0000.00E+00  0000.00E+00
600000.E+01  0000.00E+00  0000.00E+00
