====== Si(300um) + Si(300um)                 =======
        SRIM-2013.00
========================================
      Ion and Recoil IONIZATION     
 See SRIM Outputs\TDATA.txt for details   
========================================
====== TRIM Calc.=  H(5.2 MeV) ==> Si_Top    +Si_Bottom (  600 um) ===========
------------------------------------------------------------------------------
--------------------------------------------------------------------
    Recoil/Damage Calculations made with Kinchin-Pease Estimates    
--------------------------------------------------------------------
 See file :  SRIM Outputs\TDATA.txt   for calculation data
 Ion    =  H   Energy = 5200 keV
============= TARGET MATERIAL ======================================
Layer 1 : Si_Top    
Layer Width = 30000.E+02 A ;
  Layer # 1- Density = 4.975E22 atoms/cm3 = 2.321 g/cm3
  Layer # 1- Si = 100  Atomic Percent = 100  Mass Percent
Layer 2 : Si_Bottom 
Layer Width = 30000.E+02 A ;
  Layer # 2- Density = 4.975E22 atoms/cm3 = 2.321 g/cm3
  Layer # 2- Si = 100  Atomic Percent = 100  Mass Percent
====================================================================
 Total Ions calculated =001000.00
===============================================================
  Ionization Energy Units are  >>>>  eV /(Angstrom-Ion)  <<<<  
===============================================================

  TARGET       IONIZ.       IONIZ.  
  DEPTH         by           by     
  (Ang)        IONS         RECOILS 
-----------  -----------  -----------
600000.E-01  1332.81E-03  5114.27E-08
120000.E+00  1342.02E-03  5391.82E-08
180000.E+00  1352.75E-03  1256.28E-07
240000.E+00  1368.55E-03  2543.45E-07
300000.E+00  1389.66E-03  4706.38E-08
360000.E+00  1411.09E-03  6675.42E-08
420000.E+00  1424.63E-03  1846.84E-07
480000.E+00  1451.26E-03  9894.22E-08
540000.E+00  1471.48E-03  5294.20E-08
600000.E+00  1487.98E-03  1518.19E-06
660000.E+00  1524.84E-03  5281.62E-08
720000.E+00  1552.03E-03  9169.27E-08
780000.E+00  1569.45E-03  3333.70E-07
840000.E+00  1591.22E-03  6989.40E-08
900000.E+00  1619.22E-03  8150.13E-07
960000.E+00  1650.55E-03  1537.04E-07
102000.E+01  1682.48E-03  9779.34E-08
108000.E+01  1712.06E-03  5555.30E-08
114000.E+01  1750.39E-03  2057.61E-07
120000.E+01  1784.48E-03  1519.66E-07
126000.E+01  1824.28E-03  4453.34E-06
132000.E+01  1871.62E-03  9127.78E-08
138000.E+01  1923.41E-03  1040.34E-07
144000.E+01  1973.83E-03  1151.54E-07
150000.E+01  2028.14E-03  5687.90E-07
156000.E+01  2086.98E-03  1564.00E-07
162000.E+01  2163.54E-03  8497.56E-08
168000.E+01  2256.68E-03  2105.73E-07
174000.E+01  2336.05E-03  2342.36E-07
180000.E+01  2442.42E-03  1747.08E-07
186000.E+01  2566.36E-03  2006.94E-07
192000.E+01  2704.17E-03  1802.77E-07
198000.E+01  2870.96E-03  1705.17E-07
204000.E+01  3086.63E-03  3748.99E-07
210000.E+01  3377.91E-03  3349.26E-07
216000.E+01  3775.33E-03  2469.69E-07
222000.E+01  4379.54E-03  3260.89E-07
228000.E+01  5450.94E-03  8349.25E-07
234000.E+01  5330.72E-03  1708.75E-06
240000.E+01  1598.55E-03  7222.76E-07
246000.E+01  9013.16E-05  5912.33E-08
252000.E+01  0000.00E+00  0000.00E+00
258000.E+01  0000.00E+00  0000.00E+00
264000.E+01  0000.00E+00  0000.00E+00
270000.E+01  0000.00E+00  0000.00E+00
276000.E+01  0000.00E+00  0000.00E+00
282000.E+01  0000.00E+00  0000.00E+00
288000.E+01  0000.00E+00  0000.00E+00
294000.E+01  0000.00E+00  0000.00E+00
300000.E+01  0000.00E+00  0000.00E+00
306000.E+01  0000.00E+00  0000.00E+00
312000.E+01  0000.00E+00  0000.00E+00
318000.E+01  0000.00E+00  0000.00E+00
324000.E+01  0000.00E+00  0000.00E+00
330000.E+01  0000.00E+00  0000.00E+00
336000.E+01  0000.00E+00  0000.00E+00
342000.E+01  0000.00E+00  0000.00E+00
348000.E+01  0000.00E+00  0000.00E+00
354000.E+01  0000.00E+00  0000.00E+00
360000.E+01  0000.00E+00  0000.00E+00
366000.E+01  0000.00E+00  0000.00E+00
372000.E+01  0000.00E+00  0000.00E+00
378000.E+01  0000.00E+00  0000.00E+00
384000.E+01  0000.00E+00  0000.00E+00
390000.E+01  0000.00E+00  0000.00E+00
396000.E+01  0000.00E+00  0000.00E+00
402000.E+01  0000.00E+00  0000.00E+00
408000.E+01  0000.00E+00  0000.00E+00
414000.E+01  0000.00E+00  0000.00E+00
420000.E+01  0000.00E+00  0000.00E+00
426000.E+01  0000.00E+00  0000.00E+00
432000.E+01  0000.00E+00  0000.00E+00
438000.E+01  0000.00E+00  0000.00E+00
444000.E+01  0000.00E+00  0000.00E+00
450000.E+01  0000.00E+00  0000.00E+00
456000.E+01  0000.00E+00  0000.00E+00
462000.E+01  0000.00E+00  0000.00E+00
468000.E+01  0000.00E+00  0000.00E+00
474000.E+01  0000.00E+00  0000.00E+00
480000.E+01  0000.00E+00  0000.00E+00
486000.E+01  0000.00E+00  0000.00E+00
492000.E+01  0000.00E+00  0000.00E+00
498000.E+01  0000.00E+00  0000.00E+00
504000.E+01  0000.00E+00  0000.00E+00
510000.E+01  0000.00E+00  0000.00E+00
516000.E+01  0000.00E+00  0000.00E+00
522000.E+01  0000.00E+00  0000.00E+00
528000.E+01  0000.00E+00  0000.00E+00
534000.E+01  0000.00E+00  0000.00E+00
540000.E+01  0000.00E+00  0000.00E+00
546000.E+01  0000.00E+00  0000.00E+00
552000.E+01  0000.00E+00  0000.00E+00
558000.E+01  0000.00E+00  0000.00E+00
564000.E+01  0000.00E+00  0000.00E+00
570000.E+01  0000.00E+00  0000.00E+00
576000.E+01  0000.00E+00  0000.00E+00
582000.E+01  0000.00E+00  0000.00E+00
588000.E+01  0000.00E+00  0000.00E+00
594000.E+01  0000.00E+00  0000.00E+00
600000.E+01  0000.00E+00  0000.00E+00
