====== Si(300um) + Si(300um)                 =======
        SRIM-2013.00
========================================
      Ion and Recoil IONIZATION     
 See SRIM Outputs\TDATA.txt for details   
========================================
====== TRIM Calc.=  H(3.7 MeV) ==> Si_Top    +Si_Bottom (  600 um) ===========
------------------------------------------------------------------------------
--------------------------------------------------------------------
    Recoil/Damage Calculations made with Kinchin-Pease Estimates    
--------------------------------------------------------------------
 See file :  SRIM Outputs\TDATA.txt   for calculation data
 Ion    =  H   Energy = 3700 keV
============= TARGET MATERIAL ======================================
Layer 1 : Si_Top    
Layer Width = 30000.E+02 A ;
  Layer # 1- Density = 4.975E22 atoms/cm3 = 2.321 g/cm3
  Layer # 1- Si = 100  Atomic Percent = 100  Mass Percent
Layer 2 : Si_Bottom 
Layer Width = 30000.E+02 A ;
  Layer # 2- Density = 4.975E22 atoms/cm3 = 2.321 g/cm3
  Layer # 2- Si = 100  Atomic Percent = 100  Mass Percent
====================================================================
 Total Ions calculated =001000.00
===============================================================
  Ionization Energy Units are  >>>>  eV /(Angstrom-Ion)  <<<<  
===============================================================

  TARGET       IONIZ.       IONIZ.  
  DEPTH         by           by     
  (Ang)        IONS         RECOILS 
-----------  -----------  -----------
600000.E-01  1709.32E-03  2205.36E-07
120000.E+00  1738.21E-03  1292.57E-07
180000.E+00  1777.72E-03  8693.79E-08
240000.E+00  1821.70E-03  1542.80E-07
300000.E+00  1856.69E-03  1230.40E-07
360000.E+00  1914.35E-03  1248.65E-07
420000.E+00  1960.62E-03  8089.91E-08
480000.E+00  2017.21E-03  1130.56E-07
540000.E+00  2071.86E-03  1314.34E-07
600000.E+00  2147.40E-03  1743.55E-07
660000.E+00  2222.77E-03  4330.07E-07
720000.E+00  2324.00E-03  1280.65E-07
780000.E+00  2430.03E-03  3300.52E-07
840000.E+00  2538.17E-03  1338.69E-07
900000.E+00  2677.58E-03  2160.54E-07
960000.E+00  2843.99E-03  2376.44E-06
102000.E+01  3053.57E-03  9593.63E-07
108000.E+01  3325.57E-03  2313.00E-07
114000.E+01  3713.14E-03  6184.60E-07
120000.E+01  4242.28E-03  3583.03E-07
126000.E+01  5248.66E-03  5489.53E-07
132000.E+01  6511.81E-03  2230.87E-06
138000.E+01  1471.58E-03  8452.87E-07
144000.E+01  1750.79E-06  3683.28E-09
150000.E+01  0000.00E+00  0000.00E+00
156000.E+01  0000.00E+00  0000.00E+00
162000.E+01  0000.00E+00  0000.00E+00
168000.E+01  0000.00E+00  0000.00E+00
174000.E+01  0000.00E+00  0000.00E+00
180000.E+01  0000.00E+00  0000.00E+00
186000.E+01  0000.00E+00  0000.00E+00
192000.E+01  0000.00E+00  0000.00E+00
198000.E+01  0000.00E+00  0000.00E+00
204000.E+01  0000.00E+00  0000.00E+00
210000.E+01  0000.00E+00  0000.00E+00
216000.E+01  0000.00E+00  0000.00E+00
222000.E+01  0000.00E+00  0000.00E+00
228000.E+01  0000.00E+00  0000.00E+00
234000.E+01  0000.00E+00  0000.00E+00
240000.E+01  0000.00E+00  0000.00E+00
246000.E+01  0000.00E+00  0000.00E+00
252000.E+01  0000.00E+00  0000.00E+00
258000.E+01  0000.00E+00  0000.00E+00
264000.E+01  0000.00E+00  0000.00E+00
270000.E+01  0000.00E+00  0000.00E+00
276000.E+01  0000.00E+00  0000.00E+00
282000.E+01  0000.00E+00  0000.00E+00
288000.E+01  0000.00E+00  0000.00E+00
294000.E+01  0000.00E+00  0000.00E+00
300000.E+01  0000.00E+00  0000.00E+00
306000.E+01  0000.00E+00  0000.00E+00
312000.E+01  0000.00E+00  0000.00E+00
318000.E+01  0000.00E+00  0000.00E+00
324000.E+01  0000.00E+00  0000.00E+00
330000.E+01  0000.00E+00  0000.00E+00
336000.E+01  0000.00E+00  0000.00E+00
342000.E+01  0000.00E+00  0000.00E+00
348000.E+01  0000.00E+00  0000.00E+00
354000.E+01  0000.00E+00  0000.00E+00
360000.E+01  0000.00E+00  0000.00E+00
366000.E+01  0000.00E+00  0000.00E+00
372000.E+01  0000.00E+00  0000.00E+00
378000.E+01  0000.00E+00  0000.00E+00
384000.E+01  0000.00E+00  0000.00E+00
390000.E+01  0000.00E+00  0000.00E+00
396000.E+01  0000.00E+00  0000.00E+00
402000.E+01  0000.00E+00  0000.00E+00
408000.E+01  0000.00E+00  0000.00E+00
414000.E+01  0000.00E+00  0000.00E+00
420000.E+01  0000.00E+00  0000.00E+00
426000.E+01  0000.00E+00  0000.00E+00
432000.E+01  0000.00E+00  0000.00E+00
438000.E+01  0000.00E+00  0000.00E+00
444000.E+01  0000.00E+00  0000.00E+00
450000.E+01  0000.00E+00  0000.00E+00
456000.E+01  0000.00E+00  0000.00E+00
462000.E+01  0000.00E+00  0000.00E+00
468000.E+01  0000.00E+00  0000.00E+00
474000.E+01  0000.00E+00  0000.00E+00
480000.E+01  0000.00E+00  0000.00E+00
486000.E+01  0000.00E+00  0000.00E+00
492000.E+01  0000.00E+00  0000.00E+00
498000.E+01  0000.00E+00  0000.00E+00
504000.E+01  0000.00E+00  0000.00E+00
510000.E+01  0000.00E+00  0000.00E+00
516000.E+01  0000.00E+00  0000.00E+00
522000.E+01  0000.00E+00  0000.00E+00
528000.E+01  0000.00E+00  0000.00E+00
534000.E+01  0000.00E+00  0000.00E+00
540000.E+01  0000.00E+00  0000.00E+00
546000.E+01  0000.00E+00  0000.00E+00
552000.E+01  0000.00E+00  0000.00E+00
558000.E+01  0000.00E+00  0000.00E+00
564000.E+01  0000.00E+00  0000.00E+00
570000.E+01  0000.00E+00  0000.00E+00
576000.E+01  0000.00E+00  0000.00E+00
582000.E+01  0000.00E+00  0000.00E+00
588000.E+01  0000.00E+00  0000.00E+00
594000.E+01  0000.00E+00  0000.00E+00
600000.E+01  0000.00E+00  0000.00E+00
