============================== SRIM-2013.00 ==============================
==============================================================================
====== SRIM Outputs\RANGE_3D.txt : File of Final Ion Positions =====

Ion =  H (01)   Ion Mass= 001.0080
Energy  = 3300000.E-03 keV
Ion Angle to Surface = 00.0 degrees
==================== TARGET =======================
  Layer # 1 - Si_Top    
  Layer # 1 - Bottom Depth=300000.E+01 A
  Layer # 1 - Density =0002.3210 g/cm3
  Layer # 1 -  100 % of Si
икикикикикикикикикикикикикикикикикикикикикикикикикикикикикикикикикикикикикикикикикикикикикикикикикикикик
  Layer # 2 - Si_Bottom 
  Layer # 2 - Bottom Depth=600000.E+01 A
  Layer # 2 - Density =0002.3210 g/cm3
  Layer # 2 -  100 % of Si
икикикикикикикикикикикикикикикикикикикикикикикикикикикикикикикикикикикикикикикикикикикикикикикикикикикик
                                            
Ion       Depth  X   Lateral Y   Lateral Z  
Number    (Angstrom) (Angstrom)  (Angstrom) 
-------  ----------- ----------- -----------
0000001   1.0846E+06 -3.8181E+04 -1.2326E+04
0000002   1.0853E+06 -1.7991E+05 -8.3227E+04
0000003   1.1040E+06 -1.9855E+04 -5.1289E+03
0000004   1.1162E+06 -2.6485E+04  5.8013E+03
0000005   1.1027E+06 -5.3674E+04 -2.8812E+04
0000006   1.0859E+06  1.2479E+04  1.5029E+04
0000007   1.1067E+06 -2.3900E+04 -6.5398E+04
0000008   1.0588E+06 -2.7105E+04  7.5902E+03
0000009   1.0833E+06  2.1989E+04  1.1871E+04
0000010   1.1076E+06 -2.6772E+03 -3.7077E+04
0000011   1.0940E+06  4.4529E+04 -1.9663E+04
0000012   1.1309E+06 -2.9269E+04  1.7549E+04
0000013   1.0912E+06  6.5672E+04 -1.8052E+04
0000014   1.1035E+06  6.6145E+04 -7.5166E+04
0000015   1.1019E+06 -2.5219E+04 -1.2405E+03
0000016   1.0852E+06  5.3480E+04  6.9405E+03
0000017   1.1210E+06  3.2344E+04  1.5551E+04
0000018   1.1071E+06  1.0028E+03 -6.2667E+03
0000019   1.0869E+06  1.2658E+04  7.6252E+04
0000020   1.0943E+06 -4.6314E+04  2.7690E+04
0000021   1.0397E+06  2.2114E+05  1.4626E+05
0000022   1.1076E+06  5.6340E+03 -3.5410E+04
0000023   1.1095E+06 -4.5050E+04  1.0828E+04
0000024   1.0806E+06  5.1062E+03  8.3580E+04
0000025   1.0574E+06  6.3787E+04 -5.1642E+04
0000026   1.0997E+06  2.3448E+03  1.1243E+04
0000027   1.0923E+06  2.5254E+04  3.2333E+04
0000028   1.0636E+06  1.8488E+03  5.4361E+03
0000029   1.0921E+06  2.5119E+04  4.2551E+04
0000030   1.1184E+06  1.5085E+04 -2.9520E+04
0000031   1.1055E+06  1.3241E+04 -5.6389E+04
0000032   1.0802E+06  2.3393E+04  3.9512E+04
0000033   1.0789E+06 -4.6664E+04  3.7906E+04
0000034   1.0359E+06  1.3995E+05  5.9682E+04
0000035   1.0798E+06  2.7234E+04 -8.5520E+04
0000036   1.1077E+06 -3.5875E+04 -7.4830E+02
0000037   1.0772E+06  7.2161E+03 -8.1488E+02
0000038   1.1053E+06 -8.6444E+04  3.2274E+04
0000039   1.0794E+06  2.0742E+04 -2.4582E+03
0000040   1.0680E+06  1.8727E+03  9.8858E+04
0000041   1.0878E+06  2.3678E+04  4.3709E+04
0000042   1.1013E+06  3.9877E+04  4.7503E+04
0000043   1.0852E+06  1.5580E+04 -1.9844E+04
0000044   1.1045E+06  8.4151E+03  1.4306E+04
0000045   1.0881E+06  1.6157E+04  4.5418E+04
0000046   1.0976E+06  1.4201E+04  1.3345E+04
0000047   1.1169E+06 -4.7438E+04 -6.8198E+04
0000048   1.0958E+06  1.6969E+04 -1.9791E+03
0000049   1.0977E+06 -3.1336E+04 -1.7645E+04
0000050   1.1225E+06 -3.9111E+04 -2.2305E+04
0000051   1.1007E+06  1.2575E+04 -6.1409E+03
0000052   1.0899E+06 -2.8646E+03 -8.1407E+04
0000053   1.0883E+06  1.0729E+05  4.5763E+04
0000054   1.0773E+06  3.5288E+04  2.5505E+04
0000055   1.1058E+06  5.9434E+04 -3.2131E+03
0000056   1.0952E+06 -4.2465E+03  5.5760E+04
0000057   1.0710E+06 -1.8379E+04 -4.7058E+04
0000058   1.0935E+06 -5.4383E+04  1.2697E+04
0000059   1.0885E+06 -5.4543E+04  5.2096E+04
0000060   1.0993E+06  1.2845E+04  3.6515E+04
0000061   1.1256E+06 -2.4731E+03  1.3116E+04
0000062   1.0962E+06  6.6203E+04 -8.0114E+04
0000063   1.1099E+06 -7.8925E+03  1.1301E+04
0000064   1.0961E+06  3.0148E+04  7.2914E+04
0000065   1.0843E+06  5.8420E+02  9.6449E+03
0000066   1.0772E+06 -4.8592E+03  8.4102E+03
0000067   1.0901E+06  6.0677E+04  2.6658E+04
0000068   1.0891E+06  3.5541E+04 -2.3840E+03
0000069   1.1087E+06  9.5459E+02  2.1347E+03
0000070   1.0976E+06  4.4316E+04 -1.6149E+03
0000071   1.0973E+06  5.1987E+04  3.7395E+04
0000072   1.0870E+06 -3.0604E+04  1.1148E+05
0000073   1.0854E+06 -9.1515E+03  1.8658E+03
0000074   1.0670E+06  1.6553E+04  8.1648E+03
0000075   1.0748E+06  9.2543E+04 -8.5075E+04
0000076   1.1082E+06  7.1093E+04 -3.6630E+04
0000077   1.0622E+06 -2.7848E+04  8.1845E+03
0000078   1.0723E+06 -5.1520E+03 -3.2793E+04
0000079   1.0900E+06 -5.4843E+03 -2.4143E+04
0000080   1.0732E+06 -9.7692E+03 -5.6918E+04
0000081   1.1287E+06  2.0157E+04  1.2368E+04
0000082   1.0974E+06 -1.2576E+04  2.1928E+04
0000083   1.0706E+06  5.0430E+04  1.4232E+04
0000084   1.1247E+06  1.3994E+04  4.9498E+04
0000085   1.0807E+06  3.3991E+03 -1.2209E+04
0000086   1.0767E+06  7.3152E+04  1.2926E+05
0000087   1.0794E+06  2.1687E+04 -7.7128E+04
0000088   1.0888E+06  2.9833E+04 -2.9200E+04
0000089   1.0868E+06  2.5241E+04 -3.9865E+04
0000090   1.0863E+06 -1.0604E+04 -1.3233E+04
0000091   1.1227E+06  1.4385E+04 -4.9733E+04
0000092   1.1220E+06  2.6868E+04 -3.1550E+04
0000093   1.0772E+06  1.1241E+04 -6.4831E+04
0000094   1.0846E+06 -1.5268E+04 -3.7124E+03
0000095   1.0860E+06 -7.5337E+04  4.0829E+04
0000096   1.0733E+06  6.5078E+04  2.1153E+04
0000097   1.1038E+06  6.9425E+03  6.4753E+03
0000098   1.0701E+06  3.7422E+04 -1.2613E+04
0000099   1.0914E+06  4.4749E+03 -3.1460E+04
0000100   1.1005E+06  5.1064E+04  1.4194E+04
0000101   1.1022E+06  9.3019E+03 -4.6607E+04
0000102   1.0974E+06 -3.2635E+04 -1.5206E+04
0000103   1.0622E+06 -2.0364E+04  1.2573E+05
0000104   1.1451E+06 -4.9383E+04  4.5491E+04
0000105   1.0847E+06 -8.2569E+04 -5.1701E+04
0000106   1.1040E+06 -1.1943E+04 -1.4017E+04
0000107   1.0869E+06 -3.2721E+04  1.0192E+04
0000108   1.1146E+06  2.9452E+04 -1.3299E+04
0000109   1.0818E+06 -5.6520E+03 -6.0565E+04
0000110   1.0978E+06  3.8837E+04 -2.4424E+04
0000111   1.1029E+06  1.5836E+03  6.7884E+03
0000112   1.1002E+06 -3.7057E+04 -5.5977E+04
0000113   1.0927E+06  4.3733E+04 -1.1584E+04
0000114   1.0968E+06  8.8435E+04  4.2382E+04
0000115   1.1096E+06 -2.0810E+04  3.2497E+04
0000116   1.0898E+06 -4.7789E+04 -2.2079E+04
0000117   1.1057E+06  2.5959E+04 -6.1721E+04
0000118   1.0753E+06 -6.2266E+04 -2.1358E+04
0000119   1.0895E+06  1.6154E+04  2.1576E+04
0000120   1.0994E+06 -8.4070E+03  7.3529E+03
0000121   1.0765E+06  9.5985E+04  3.7516E+04
0000122   1.0720E+06 -1.6075E+04 -8.4334E+02
0000123   1.0854E+06  3.5745E+04 -4.4875E+04
0000124   1.1025E+06 -4.6902E+04  8.9243E+04
0000125   1.0744E+06 -5.6112E+04  7.5842E+04
0000126   1.0941E+06 -2.1927E+03  6.5143E+03
0000127   1.0953E+06 -4.8994E+03 -5.1293E+04
0000128   1.0906E+06  4.5236E+04  1.4822E+04
0000129   1.0995E+06  2.2891E+04 -2.7040E+03
0000130   1.0846E+06  1.2178E+02 -1.2851E+03
0000131   1.1013E+06 -2.6998E+04 -2.4908E+04
0000132   1.1101E+06  9.0356E+04 -3.9451E+04
0000133   1.1248E+06 -3.5876E+04 -6.5536E+03
0000134   1.0916E+06  2.0399E+04 -3.2456E+04
0000135   1.0828E+06 -5.7345E+03 -1.0441E+04
0000136   1.0421E+06 -1.7533E+04 -7.2104E+04
0000137   1.1171E+06 -3.5860E+04 -2.0353E+03
0000138   1.0805E+06  2.5221E+04 -8.0382E+04
0000139   1.1238E+06  8.7233E+03  1.2934E+04
0000140   1.0874E+06  2.8678E+04 -7.2909E+04
0000141   1.0652E+06 -4.5441E+04 -1.0636E+04
0000142   1.0771E+06  1.8781E+04  4.9507E+04
0000143   1.0885E+06  1.3595E+04 -3.9960E+02
0000144   1.1284E+06 -6.1775E+03 -1.6473E+04
0000145   1.1021E+06  5.9577E+04 -2.3843E+04
0000146   1.1083E+06 -1.8970E+04 -1.8106E+04
0000147   1.1265E+06  3.0622E+04 -1.2535E+04
0000148   1.1203E+06  6.0708E+04  3.9113E+04
0000149   1.0748E+06 -1.3884E+04  9.4499E+03
0000150   1.0927E+06 -3.5664E+04 -9.7710E+02
0000151   1.0926E+06  4.2521E+03 -5.0395E+04
0000152   1.0743E+06 -1.5895E+04  8.1499E+04
0000153   1.0898E+06 -4.0610E+04 -8.7980E+03
0000154   1.1035E+06 -1.0676E+04  9.8874E+03
0000155   1.0990E+06 -2.3228E+04  4.2253E+03
0000156   1.1379E+06  4.4521E+03  7.8520E+03
0000157   1.1032E+06 -1.4317E+04 -1.2452E+04
0000158   1.0916E+06  1.0127E+04  1.1071E+05
0000159   1.0701E+06  1.0418E+04 -2.8933E+04
0000160   1.1151E+06  3.8918E+03 -1.6754E+03
0000161   1.0949E+06  4.3553E+04  1.4891E+04
0000162   1.1199E+06  3.6109E+04 -3.2618E+04
0000163   1.0756E+06 -1.0235E+05  8.0570E+04
0000164   1.0792E+06  1.0112E+05  4.2672E+04
0000165   1.1056E+06  4.9980E+04 -1.4057E+04
0000166   1.0861E+06 -9.7102E+04  1.9272E+05
0000167   1.0844E+06  1.2103E+04 -2.7403E+04
0000168   1.0707E+06 -2.8168E+04  6.4294E+03
0000169   1.1343E+06 -1.3785E+04 -2.7493E+04
0000170   1.0763E+06  1.5207E+04 -1.0348E+04
0000171   1.1284E+06  5.7224E+04  4.5811E+04
0000172   1.0957E+06  1.0270E+04  1.1051E+03
0000173   1.1004E+06 -2.0096E+04  3.8986E+04
0000174   1.0592E+06  2.8627E+04 -7.5928E+04
0000175   1.0925E+06 -3.6288E+04 -4.8099E+04
0000176   1.0859E+06  2.3253E+04  1.9229E+04
0000177   1.1054E+06 -3.9747E+03  5.8513E+04
0000178   1.0428E+06 -2.1462E+04 -1.8860E+04
0000179   1.1211E+06  2.3605E+04 -9.4579E+03
0000180   1.0946E+06  1.2051E+05 -4.2373E+04
0000181   1.0846E+06  9.4898E+03 -3.0357E+04
0000182   1.1101E+06  1.0451E+04  6.8323E+02
0000183   1.1113E+06 -1.0514E+03  4.9415E+04
0000184   1.0927E+06  1.6905E+04  3.9526E+04
0000185   1.0800E+06 -8.0193E+03  2.2144E+04
0000186   1.1207E+06 -6.2261E+02 -1.6311E+04
0000187   1.1143E+06 -2.6359E+04  5.5067E+04
0000188   1.0993E+06 -2.2035E+04 -4.2489E+04
0000189   1.0733E+06 -4.9694E+03  1.4382E+04
0000190   1.0715E+06 -4.8578E+04  1.5087E+04
0000191   1.0843E+06  4.1270E+04  1.4821E+03
0000192   1.0889E+06 -1.3616E+04  3.3813E+04
0000193   1.0560E+06 -2.6499E+04 -2.4844E+04
0000194   1.0628E+06  3.5077E+03 -3.0885E+04
0000195   1.1107E+06 -1.2121E+03 -5.4301E+03
0000196   1.0932E+06 -7.0049E+04  4.5688E+04
0000197   1.0805E+06 -9.5025E+04 -1.9751E+04
0000198   1.1030E+06 -2.6152E+04 -4.7326E+04
0000199   1.0785E+06  5.5971E+04 -5.8836E+03
0000200   1.0844E+06  3.0356E+02  5.3594E+04
0000201   1.0932E+06  7.9499E+04  3.2329E+04
0000202   1.0872E+06 -2.7711E+04 -1.3525E+04
0000203   1.0861E+06  1.2574E+04 -1.7271E+04
0000204   1.1018E+06 -7.2268E+04 -8.3969E+02
0000205   1.0701E+06  4.0011E+03 -4.0760E+04
0000206   1.0731E+06 -1.6784E+04 -4.1709E+04
0000207   1.1257E+06  1.7878E+04  3.2097E+04
0000208   1.0919E+06  7.0098E+04 -1.9013E+04
0000209   1.0769E+06 -2.0848E+04  2.8669E+03
0000210   1.0910E+06  6.8351E+03  4.8409E+03
0000211   1.0855E+06 -2.5659E+04  4.8344E+03
0000212   1.0899E+06  1.9936E+04 -3.8779E+04
0000213   1.0763E+06  5.7196E+03 -6.4397E+03
0000214   1.0499E+06  6.5595E+04 -1.3949E+05
0000215   1.0910E+06  3.7687E+04 -8.0817E+04
0000216   1.1082E+06 -5.2214E+04  3.8432E+04
0000217   1.0630E+06 -3.8193E+04 -5.0207E+04
0000218   1.1148E+06  3.0128E+03 -1.6188E+03
0000219   1.0871E+06  1.9054E+04  1.3196E+04
0000220   1.0844E+06 -1.5775E+02 -3.0151E+04
0000221   1.0777E+06  5.2513E+04 -6.8032E+04
0000222   1.1192E+06 -5.0170E+04  1.0155E+04
0000223   1.1000E+06 -1.3736E+04  7.0249E+04
0000224   1.0895E+06 -6.0952E+04 -9.9447E+03
0000225   1.0726E+06  2.8140E+04 -6.7706E+03
0000226   1.0828E+06  5.5939E+04  2.0734E+04
0000227   1.0930E+06 -2.0002E+04  5.8953E+04
0000228   1.1340E+06  6.0301E+03  5.6107E+04
0000229   1.0893E+06 -8.9795E+03  1.1149E+04
0000230   1.0786E+06  5.3920E+04 -3.5644E+04
0000231   1.1104E+06 -4.5025E+04  7.3810E+03
0000232   1.0901E+06 -5.0032E+03 -2.7428E+03
0000233   1.0736E+06 -2.1165E+04  2.1880E+05
0000234   1.1072E+06 -2.8931E+04 -4.2979E+04
0000235   1.0994E+06  6.7213E+04 -9.4698E+03
0000236   1.1098E+06  5.0347E+04  2.2783E+04
0000237   1.0894E+06 -7.5599E+04  6.3468E+04
0000238   1.0405E+06  1.6463E+04 -2.9373E+04
0000239   1.0916E+06  4.8286E+03  1.0330E+05
0000240   1.0891E+06  2.9805E+04  2.3881E+03
0000241   1.0812E+06 -2.0640E+04  2.3659E+04
0000242   1.0910E+06 -6.0971E+04 -2.5982E+04
0000243   1.0580E+06  3.8844E+04 -1.8252E+05
0000244   1.0886E+06 -1.1208E+04  1.0657E+04
0000245   1.0838E+06  6.3176E+03  1.2736E+04
0000246   1.0799E+06  2.3499E+04  3.4453E+04
0000247   1.1048E+06 -2.6031E+04 -3.4173E+04
0000248   1.0985E+06 -2.8241E+04  2.1647E+04
0000249   1.0796E+06  8.5068E+03  8.7515E+04
0000250   1.1445E+06  3.9986E+04 -1.7302E+04
0000251   1.0975E+06  2.0272E+04 -1.5087E+04
0000252   1.0912E+06 -3.2252E+04  5.0695E+04
0000253   1.0510E+06 -1.0673E+05  3.3628E+04
0000254   1.0876E+06 -3.9209E+04 -1.5851E+04
0000255   1.1061E+06 -5.9929E+04 -1.8576E+04
0000256   1.0971E+06  2.5374E+03 -9.8383E+04
0000257   1.1152E+06  1.2904E+04 -3.8347E+03
0000258   1.1006E+06 -2.8113E+04 -3.2004E+04
0000259   1.0663E+06 -1.6301E+04  6.1227E+04
0000260   1.0509E+06 -6.7990E+04  1.5350E+04
0000261   1.0693E+06 -7.2666E+04  4.6250E+04
0000262   1.0804E+06  1.5776E+04  4.6383E+04
0000263   1.1191E+06 -5.3594E+03 -1.9855E+04
0000264   1.0746E+06  4.4062E+04  2.6953E+04
0000265   1.1027E+06 -2.7510E+04  8.7657E+04
0000266   1.0717E+06 -9.9118E+04  3.0485E+04
0000267   1.0453E+06  6.8846E+04  6.7144E+04
0000268   1.1019E+06  1.6244E+04 -2.8166E+04
0000269   1.0750E+06 -1.8404E+04 -3.8456E+04
0000270   1.0976E+06  2.8285E+04  6.6470E+03
0000271   1.0808E+06  2.6958E+04 -7.3728E+03
0000272   1.0883E+06  1.4399E+03 -1.7049E+04
0000273   1.0777E+06  5.9595E+03 -6.5464E+03
0000274   1.1077E+06  3.4868E+04 -7.5645E+04
0000275   1.0788E+06  1.8827E+04  5.7767E+04
0000276   1.1191E+06 -9.2333E+03  2.8318E+04
0000277   1.0992E+06 -4.0748E+04 -2.6153E+04
0000278   1.0812E+06 -3.6694E+04  2.8453E+04
0000279   1.0632E+06 -3.4998E+03 -5.1303E+04
0000280   1.0909E+06 -2.1349E+04 -1.3390E+04
0000281   1.1009E+06  3.5218E+04  2.9534E+04
0000282   1.0998E+06 -2.2986E+03 -1.6396E+04
0000283   1.0806E+06  1.6100E+04 -9.9432E+03
0000284   1.0806E+06  7.4163E+03  6.9502E+03
0000285   1.0668E+06  2.6861E+03  2.5471E+04
0000286   1.0841E+06  3.7376E+04 -2.2309E+04
0000287   1.0791E+06 -4.6172E+03 -2.8283E+04
0000288   1.0874E+06 -1.9164E+04  2.0995E+04
0000289   1.0691E+06  1.3018E+04  3.5410E+03
0000290   1.0680E+06  2.7380E+04 -2.6009E+03
0000291   1.0865E+06 -5.2641E+04  7.6640E+03
0000292   1.1022E+06  9.5433E+03  1.0772E+04
0000293   1.0899E+06  5.4143E+04  3.5204E+03
0000294   1.0953E+06  3.1028E+04 -5.3122E+04
0000295   1.0821E+06 -3.8476E+04  4.6578E+03
0000296   1.0844E+06 -3.2310E+04  2.8229E+04
0000297   1.0742E+06 -4.4832E+04 -6.2312E+04
0000298   1.1089E+06 -1.3082E+04  4.9216E+04
0000299   1.1269E+06 -2.0501E+03 -3.0827E+04
0000300   1.0960E+06  1.9044E+02  1.5785E+04
0000301   1.1001E+06 -1.8092E+04 -2.0442E+04
0000302   1.0868E+06  1.9230E+04  9.6450E+03
0000303   1.0890E+06 -7.3176E+04  3.8680E+03
0000304   1.0989E+06  4.5211E+04  2.2906E+04
0000305   1.0952E+06  1.1523E+04 -2.9547E+04
0000306   1.0749E+06 -6.5377E+04 -1.3029E+04
0000307   1.1192E+06  2.3537E+03 -4.3037E+04
0000308   1.0892E+06 -7.0646E+04  3.4935E+04
0000309   1.1077E+06 -1.4941E+04 -3.1515E+04
0000310   1.0715E+06 -2.3008E+02  7.1574E+04
0000311   1.1051E+06 -3.1612E+04  3.5729E+04
0000312   1.1347E+06 -4.1851E+04  8.5474E+03
0000313   1.1068E+06 -2.9384E+04  1.6007E+04
0000314   1.0930E+06  4.4362E+04  8.2120E+04
0000315   1.1342E+06  3.3679E+04 -1.6606E+04
0000316   1.1214E+06 -4.4800E+04  6.7645E+04
0000317   1.0924E+06 -1.7178E+03 -1.3133E+04
0000318   1.0771E+06  1.0577E+04 -4.5045E+03
0000319   1.0779E+06  2.8357E+04 -2.0948E+04
0000320   1.0749E+06 -3.7294E+04 -2.6297E+04
0000321   1.1089E+06 -2.9835E+03  7.0467E+04
0000322   1.1136E+06 -1.8662E+04 -2.6809E+04
0000323   1.0841E+06  4.4305E+04  7.3373E+03
0000324   1.0828E+06  2.9299E+04 -1.9788E+02
0000325   1.0530E+06  9.7716E+04 -8.8630E+04
0000326   1.0803E+06 -1.9507E+04 -5.5633E+04
0000327   1.1076E+06 -1.0279E+05  4.9397E+04
0000328   1.0821E+06  4.2225E+04  3.8762E+04
0000329   1.1042E+06 -1.6759E+04 -2.8416E+03
0000330   1.0804E+06 -2.4451E+04 -8.8185E+03
0000331   1.0471E+06 -7.1882E+04  4.3858E+04
0000332   1.0829E+06 -1.9685E+04  3.1186E+03
0000333   1.1104E+06 -1.7028E+04  1.6213E+04
0000334   1.1172E+06 -2.1001E+03  9.5229E+03
0000335   1.0998E+06  5.9691E+03 -6.5260E+04
0000336   1.1239E+06 -1.3145E+04  5.5759E+04
0000337   1.1405E+06 -3.7764E+04 -2.7868E+04
0000338   1.0820E+06 -6.2379E+04 -2.3344E+04
0000339   1.0504E+06  4.1708E+04 -5.8475E+04
0000340   1.1080E+06 -1.4970E+03  2.2427E+04
0000341   1.0623E+06  4.1060E+04  1.5843E+04
0000342   1.0836E+06  5.5287E+04 -3.8931E+04
0000343   1.0688E+06  2.0049E+03 -3.9326E+04
0000344   1.0584E+06 -3.4301E+03 -9.4058E+03
0000345   1.1070E+06  8.6166E+03 -5.9415E+04
0000346   1.1061E+06 -1.9902E+03 -1.6435E+04
0000347   1.0619E+06 -1.0241E+05  1.0606E+05
0000348   1.1013E+06  2.7744E+04 -2.0371E+04
0000349   1.0828E+06  9.0551E+04  1.3236E+04
0000350   1.1130E+06 -2.1842E+04  5.8609E+03
0000351   1.0913E+06  4.4209E+04  4.6864E+04
0000352   1.0889E+06 -4.6646E+04  1.5386E+04
0000353   1.1064E+06  4.7623E+04  5.2990E+04
0000354   1.1190E+06 -3.5805E+03 -4.8396E+03
0000355   1.0984E+06  6.1534E+03 -6.0484E+01
0000356   1.1146E+06 -2.0041E+04  2.5544E+04
0000357   1.0927E+06 -2.5316E+04  1.4865E+04
0000358   1.0831E+06 -1.5493E+03 -8.1088E+04
0000359   1.1033E+06  8.4450E+03 -1.3476E+02
0000360   1.0802E+06  7.4380E+04  4.4697E+04
0000361   1.0575E+06  1.1934E+05 -2.6810E+02
0000362   1.1065E+06  3.4847E+04 -1.6008E+04
0000363   1.0901E+06 -5.8131E+03 -6.8417E+04
0000364   1.0846E+06 -8.7420E+04 -7.2216E+03
0000365   1.0847E+06 -2.2024E+04  3.9841E+04
0000366   1.0975E+06  1.2930E+04 -2.0063E+04
0000367   1.0983E+06  6.1252E+04 -2.2102E+04
0000368   1.1042E+06  1.1360E+04 -5.1232E+04
0000369   1.0848E+06 -1.4908E+04 -1.7059E+04
0000370   1.0983E+06 -9.0950E+01  3.0339E+04
0000371   1.0946E+06  2.0138E+04  3.8139E+04
0000372   1.0493E+06 -1.0340E+03 -3.5775E+04
0000373   1.1120E+06 -1.1918E+04  3.6109E+04
0000374   1.0898E+06  1.1044E+04  4.8184E+04
0000375   1.1017E+06  9.8914E+03  3.2352E+04
0000376   1.0499E+06  1.3975E+04  4.9781E+04
0000377   1.0577E+06  5.9113E+04  4.7411E+04
0000378   1.1073E+06  4.3332E+04  8.6717E+03
0000379   1.0934E+06  4.4900E+04 -1.5512E+04
0000380   1.1001E+06 -8.1727E+03 -3.0401E+04
0000381   1.0691E+06 -6.9377E+03 -8.6685E+03
0000382   1.0739E+06  2.4068E+04  2.7626E+03
0000383   1.1035E+06 -9.9688E+02 -2.8172E+04
0000384   1.0747E+06  4.8922E+04 -8.2883E+03
0000385   1.0982E+06  1.7734E+04 -1.0031E+05
0000386   1.1503E+06  9.1899E+03 -3.1944E+03
0000387   1.1230E+06  2.0727E+04 -4.2218E+04
0000388   1.1020E+06  3.7476E+03 -4.6214E+04
0000389   1.0978E+06 -9.6678E+02  4.4225E+03
0000390   1.0944E+06  4.2313E+04  2.2839E+04
0000391   1.0906E+06 -1.0229E+04 -3.8408E+04
0000392   1.1056E+06 -1.7177E+04  2.8791E+01
0000393   1.0715E+06  7.0021E+04  2.6094E+04
0000394   1.0946E+06 -6.0535E+03  1.2053E+04
0000395   1.0563E+06 -3.4777E+04 -4.8884E+04
0000396   1.0857E+06  1.6242E+04  1.4758E+04
0000397   1.1034E+06  3.1154E+03 -3.2565E+04
0000398   1.1006E+06  3.4295E+04 -1.4566E+04
0000399   1.1132E+06 -4.3520E+04 -6.4274E+02
0000400   1.1036E+06 -7.8769E+04  1.5368E+04
0000401   1.0687E+06 -2.2357E+04  4.3557E+04
0000402   1.0914E+06  1.7248E+04 -1.7542E+04
0000403   1.0909E+06 -2.3839E+04 -6.1833E+03
0000404   1.0851E+06 -1.3297E+05 -1.8221E+04
0000405   1.0820E+06 -1.5486E+04 -7.6828E+03
0000406   1.0911E+06 -8.1306E+04 -4.7187E+03
0000407   1.1315E+06  7.6983E+03 -1.8594E+04
0000408   1.0894E+06  6.6989E+03 -1.4042E+04
0000409   1.0971E+06 -2.9448E+03  4.2789E+04
0000410   1.0999E+06  4.9059E+04  8.4091E+03
0000411   1.0851E+06 -1.1873E+04 -2.3911E+04
0000412   1.1123E+06 -3.8680E+04 -2.9670E+04
0000413   1.0707E+06  9.9277E+03  7.3169E+04
0000414   1.1030E+06  2.6607E+04 -5.0204E+04
0000415   1.1257E+06 -1.0635E+03  6.5510E+04
0000416   1.0864E+06  4.0734E+04  3.6049E+04
0000417   1.1151E+06  2.6945E+04 -5.0717E+04
0000418   1.0950E+06  5.3402E+04 -6.2353E+03
0000419   1.0873E+06 -1.4013E+04 -7.1737E+03
0000420   1.1069E+06 -2.6817E+04  4.8102E+03
0000421   1.0825E+06 -9.6114E+03  1.1553E+04
0000422   1.0886E+06  3.5036E+04 -1.6037E+03
0000423   1.1343E+06  3.2940E+04 -2.8780E+04
0000424   1.0981E+06 -2.5586E+04 -3.7509E+04
0000425   1.1146E+06  1.8908E+04 -3.2394E+04
0000426   1.1246E+06  4.1326E+04 -5.5865E+04
0000427   1.0871E+06 -1.2434E+04  1.4324E+04
0000428   1.0995E+06 -1.9677E+04 -7.2077E+03
0000429   1.1127E+06 -5.4381E+03  1.5529E+04
0000430   1.1055E+06 -2.4638E+04  3.3929E+04
0000431   1.1057E+06  2.1509E+03 -5.4175E+04
0000432   1.1204E+06 -9.8003E+03  5.3340E+04
0000433   1.0788E+06  4.8060E+03 -3.4306E+04
0000434   1.1398E+06  2.8470E+04  6.3142E+04
0000435   1.0994E+06 -3.6944E+04 -3.7740E+04
0000436   1.1396E+06  2.9096E+04 -3.9463E+04
0000437   1.0934E+06 -1.0497E+04 -3.4535E+04
0000438   1.1001E+06  8.9481E+03  1.0608E+04
0000439   1.0733E+06 -2.7000E+04  3.0014E+04
0000440   1.1114E+06 -1.6097E+04  3.9074E+04
0000441   1.0856E+06 -4.1904E+04 -8.6548E+03
0000442   1.0532E+06  3.3117E+04 -1.2388E+03
0000443   1.0994E+06  3.6466E+04  1.9679E+04
0000444   1.1105E+06 -1.8046E+04  2.4369E+04
0000445   1.0694E+06  4.6168E+04 -6.4686E+04
0000446   1.0593E+06  3.8358E+04  3.4372E+04
0000447   1.0973E+06 -9.6841E+03 -7.9443E+02
0000448   1.0818E+06  1.1540E+05 -7.1703E+01
0000449   1.1096E+06  2.8702E+04 -1.8891E+04
0000450   1.0737E+06  3.3734E+04 -4.0611E+04
0000451   1.0823E+06  8.7007E+04 -2.4351E+04
0000452   1.1103E+06  4.4126E+04 -1.0591E+04
0000453   1.0772E+06  1.8311E+04 -4.5340E+04
0000454   1.1083E+06  4.2698E+04 -1.5540E+04
0000455   1.0416E+06 -1.5203E+05 -1.8768E+04
0000456   1.0837E+06  5.8232E+03  2.2908E+04
0000457   1.0886E+06 -6.9791E+03  9.2281E+04
0000458   1.0738E+06 -1.7721E+04 -3.6002E+04
0000459   1.0902E+06  3.3539E+04  1.9863E+04
0000460   1.0794E+06 -2.0534E+04  1.6110E+04
0000461   1.1342E+06  1.2756E+04  9.7567E+03
0000462   1.0815E+06  9.7201E+03 -6.4029E+04
0000463   1.0946E+06  4.3975E+04  1.2783E+03
0000464   1.0871E+06  1.0056E+04 -1.8732E+04
0000465   1.1057E+06  4.5762E+04 -7.1178E+04
0000466   1.0887E+06  9.3966E+03  2.2218E+03
0000467   1.0657E+06  4.6759E+04  4.9411E+04
0000468   1.1062E+06  3.2083E+04 -1.4964E+04
0000469   1.0724E+06 -9.7003E+04 -6.5675E+03
0000470   1.0871E+06  1.1652E+04  2.7398E+04
0000471   1.0914E+06 -9.3106E+03 -6.2373E+04
0000472   1.0670E+06 -9.8576E+03 -4.5604E+04
0000473   1.1066E+06 -6.9868E+04  2.0238E+04
0000474   1.1068E+06 -3.9445E+04 -5.2080E+03
0000475   1.0951E+06 -5.7063E+03  5.8289E+04
0000476   1.0763E+06  2.6662E+04  9.0326E+04
0000477   1.1067E+06  3.7225E+03 -2.4669E+04
0000478   1.0845E+06 -3.2466E+04  3.8628E+04
0000479   1.0916E+06  3.5561E+04  7.2250E+04
0000480   1.1076E+06  3.1408E+04  9.4207E+03
0000481   1.1204E+06  2.4686E+04 -1.5859E+04
0000482   1.0835E+06 -1.2839E+05 -8.1575E+04
0000483   1.1051E+06 -6.1888E+04  1.7490E+04
0000484   1.0998E+06 -1.9345E+04  5.1338E+04
0000485   1.1270E+06 -5.1278E+04  1.5486E+04
0000486   1.0850E+06  5.3707E+03  3.0177E+04
0000487   1.1056E+06  2.0104E+04 -2.0250E+04
0000488   1.0604E+06 -1.3027E+03  2.6100E+02
0000489   1.0964E+06 -4.3330E+04 -4.0638E+04
0000490   1.1361E+06 -1.8605E+04  1.8107E+04
0000491   1.0679E+06 -4.8975E+03 -1.4769E+04
0000492   1.0660E+06 -1.3621E+03  3.6921E+04
0000493   1.0644E+06 -2.3676E+04 -3.5788E+04
0000494   1.0909E+06 -2.1033E+04 -5.1894E+04
0000495   1.0904E+06 -1.8129E+04  6.9230E+03
0000496   1.0786E+06  4.7346E+04 -4.5429E+04
0000497   1.0873E+06  3.2818E+04 -1.4715E+04
0000498   1.1227E+06 -4.4748E+04 -4.8183E+04
0000499   1.1021E+06  2.6809E+04 -2.8273E+04
0000500   1.0832E+06  5.9817E+04  7.5076E+04
0000501   1.1214E+06  4.4219E+04  3.1111E+04
0000502   1.0642E+06 -3.1824E+04  7.9277E+03
0000503   1.1057E+06 -7.4008E+04  5.5561E+04
0000504   1.0833E+06 -4.7149E+04  4.3520E+04
0000505   1.0717E+06  1.7146E+04  1.0577E+04
0000506   1.0622E+06 -2.7984E+04 -1.0239E+05
0000507   1.0843E+06 -1.8913E+04  3.0821E+04
0000508   1.0770E+06  7.8515E+04  1.3284E+05
0000509   1.0820E+06  3.1072E+04  7.3829E+03
0000510   1.0935E+06 -6.3633E+03  4.0358E+04
0000511   7.4206E+05 -4.0157E+05 -1.2577E+05
0000512   1.0965E+06 -4.5303E+03 -2.4266E+04
0000513   1.0890E+06  3.5743E+02 -1.6690E+04
0000514   1.1115E+06 -4.3524E+04 -5.8527E+03
0000515   1.1172E+06 -9.8807E+03 -4.7130E+04
0000516   1.1010E+06 -7.0826E+04 -7.0582E+04
0000517   1.0904E+06  2.9353E+04  8.0179E+03
0000518   1.0702E+06  2.3093E+03 -3.0767E+04
0000519   1.0919E+06 -1.3655E+04  4.9674E+04
0000520   1.1145E+06  3.1598E+04 -6.1317E+04
0000521   1.0455E+06  9.9297E+04  5.0586E+04
0000522   1.0917E+06  1.5131E+04 -2.2870E+04
0000523   1.0962E+06 -3.5090E+03  6.1632E+04
0000524   1.1336E+06  3.1630E+04 -5.5217E+04
0000525   1.0929E+06 -5.3831E+04  1.7430E+04
0000526   1.1197E+06  1.4534E+04 -9.3011E+04
0000527   1.0791E+06 -4.4518E+03  1.9180E+04
0000528   1.1253E+06  1.7241E+04  6.3752E+03
0000529   1.1181E+06  2.4348E+03  6.8553E+03
0000530   1.0723E+06  6.1393E+04 -2.1101E+04
0000531   1.1200E+06 -1.7907E+04  1.6617E+03
0000532   1.0935E+06 -5.0034E+04  1.3200E+04
0000533   1.1124E+06  1.4005E+04  2.0912E+04
0000534   1.0879E+06  7.0810E+04  4.5866E+04
0000535   1.0485E+06 -6.1295E+04 -1.2539E+05
0000536   1.0917E+06 -7.4061E+04 -9.0862E+03
0000537   1.0811E+06 -3.2101E+02  6.4573E+03
0000538   1.0971E+06  2.4072E+04  1.0126E+04
0000539   1.0882E+06 -7.7755E+03  3.9626E+04
0000540   1.1225E+06 -4.6558E+04  2.0076E+04
0000541   1.1246E+06 -3.8418E+04  1.9997E+03
0000542   1.0723E+06 -3.1055E+04  9.8278E+03
0000543   1.1150E+06 -3.4854E+04  6.5953E+03
0000544   1.1110E+06  1.8501E+03  2.5313E+03
0000545   1.0823E+06 -4.6511E+04  4.9668E+03
0000546   1.0796E+06  2.7985E+04  5.2174E+04
0000547   1.1176E+06 -1.2554E+04 -2.0300E+04
0000548   1.0860E+06  1.9783E+04  4.8626E+03
0000549   1.0738E+06 -3.7550E+04  1.4277E+04
0000550   1.0815E+06 -1.8434E+03  1.2478E+04
0000551   1.0638E+06  9.0211E+04 -4.6034E+03
0000552   1.1053E+06  1.2281E+04 -5.1476E+04
0000553   1.0738E+06  1.4930E+04  2.1710E+04
0000554   1.1140E+06  3.8311E+04  3.1312E+04
0000555   1.0717E+06 -1.5849E+04  2.6172E+04
0000556   1.0931E+06  2.3979E+03 -3.4115E+04
0000557   1.0808E+06  1.6845E+04 -1.4794E+04
0000558   1.0997E+06  6.0491E+04 -1.6471E+04
0000559   1.1074E+06  1.5260E+04  1.7385E+04
0000560   1.1190E+06  3.3663E+04  3.5108E+04
0000561   1.0748E+06 -1.6818E+04 -2.2499E+04
0000562   1.1179E+06  3.3736E+04 -3.5868E+04
0000563   1.1140E+06  5.1978E+04  3.5245E+04
0000564   1.0791E+06 -1.1411E+04  5.7349E+03
0000565   1.0887E+06  3.5388E+04 -9.6931E+03
0000566   1.0740E+06 -1.0334E+04 -6.1229E+04
0000567   1.0965E+06  5.0336E+03  7.5909E+03
0000568   1.1187E+06  2.1838E+03  2.2128E+04
0000569   1.0832E+06 -3.9664E+03  3.4764E+04
0000570   1.0563E+06 -5.0264E+03 -1.7834E+04
0000571   1.1175E+06 -1.2292E+03 -5.1062E+04
0000572   1.0933E+06 -3.0362E+04  2.1548E+04
0000573   1.0931E+06 -1.0372E+03 -3.8366E+04
0000574   1.0813E+06 -2.8071E+04  2.6343E+04
0000575   1.0928E+06 -2.8613E+04  1.6175E+04
0000576   1.0940E+06 -8.3498E+03  2.7196E+04
0000577   1.0797E+06  1.2520E+05 -7.7712E+04
0000578   1.0978E+06 -8.1108E+03  7.7364E+03
0000579   1.1170E+06  7.3987E+03 -1.6992E+04
0000580   1.0689E+06  4.5822E+02 -6.0064E+04
0000581   1.0994E+06 -3.9538E+04 -2.8420E+04
0000582   1.0617E+06 -5.3323E+04  4.2733E+04
0000583   1.0851E+06  1.3089E+03 -2.5779E+04
0000584   1.0793E+06 -1.7258E+04  1.7495E+04
0000585   1.0656E+06  3.4441E+04 -2.7261E+04
0000586   1.1159E+06 -1.1919E+04  1.4193E+04
0000587   1.0806E+06  5.6233E+02  3.2240E+04
0000588   1.1009E+06  2.5640E+04  8.0652E+03
0000589   1.1161E+06  5.7968E+04  3.0990E+04
0000590   1.1224E+06 -4.1761E+03  2.7079E+04
0000591   1.0981E+06 -3.2127E+04 -8.3257E+04
0000592   1.0704E+06  5.6844E+03  6.5150E+03
0000593   1.0729E+06  1.5694E+04  2.8280E+01
0000594   1.1197E+06 -1.1413E+04 -3.8079E+04
0000595   1.0627E+06 -1.3988E+03  5.3421E+04
0000596   1.1029E+06 -1.1364E+04 -1.8064E+04
0000597   1.1107E+06 -3.1362E+04  6.8708E+02
0000598   1.1148E+06 -3.0145E+04  3.4946E+03
0000599   1.1070E+06 -3.4008E+04 -4.5490E+03
0000600   1.0849E+06 -6.1880E+04  2.4785E+04
0000601   1.0795E+06  1.7450E+04 -1.7059E+04
0000602   1.1304E+06  3.5675E+04  2.8088E+03
0000603   1.1232E+06  1.7910E+04 -1.0923E+04
0000604   1.0878E+06  7.0902E+04 -2.3042E+04
0000605   1.1178E+06  1.5123E+04 -5.5786E+04
0000606   1.0828E+06 -2.7310E+04 -5.4256E+04
0000607   1.0787E+06 -1.3423E+05 -2.9800E+04
0000608   1.0747E+06 -1.6094E+04 -1.1148E+05
0000609   1.0384E+06  8.8349E+04  2.3156E+05
0000610   1.0629E+06 -1.0227E+04 -4.7946E+02
0000611   1.0897E+06  5.4075E+04  1.0194E+04
0000612   1.1119E+06  2.0987E+04 -3.1147E+04
0000613   1.1342E+06  1.1783E+04  3.3987E+04
0000614   1.0760E+06 -3.1535E+04  1.9578E+04
0000615   1.0795E+06 -3.1022E+04  6.1299E+04
0000616   1.1086E+06 -3.5371E+04  4.4978E+03
0000617   1.0975E+06 -3.7006E+04  3.1435E+04
0000618   1.0926E+06  2.1647E+04  2.4900E+04
0000619   1.0914E+06  5.2369E+04 -8.5173E+03
0000620   1.1171E+06 -3.7432E+04  3.8607E+04
0000621   1.0684E+06  3.8075E+04  9.4198E+03
0000622   1.0831E+06  4.3173E+02 -1.1840E+04
0000623   1.0952E+06 -2.1814E+04  3.3525E+04
0000624   1.0798E+06 -9.2675E+04  4.1499E+03
0000625   1.0911E+06  6.6389E+04  8.0239E+03
0000626   1.1203E+06  3.2788E+04  6.4999E+04
0000627   1.0821E+06 -1.9600E+04 -1.9722E+04
0000628   1.1135E+06 -5.7524E+04  5.2457E+04
0000629   1.1138E+06 -3.2047E+04  3.2759E+04
0000630   1.0921E+06 -1.6724E+04  2.4912E+04
0000631   1.0943E+06 -3.2076E+04 -1.6112E+04
0000632   1.0793E+06  4.6372E+03 -1.4649E+04
0000633   1.1232E+06  4.7719E+03  2.6871E+03
0000634   1.1022E+06  6.4256E+04  1.7595E+03
0000635   1.0862E+06  7.9534E+04  2.9869E+04
0000636   1.0928E+06 -1.1713E+04 -3.6557E+04
0000637   1.1018E+06 -1.0329E+05  1.1696E+04
0000638   1.1035E+06  1.4760E+04 -1.9581E+04
0000639   1.1120E+06  2.9212E+04  3.1542E+04
0000640   1.0738E+06 -6.9575E+04  2.1825E+04
0000641   1.0679E+06 -1.6057E+04  3.0319E+04
0000642   1.0993E+06  1.4560E+04  6.1271E+02
0000643   1.0864E+06  6.9355E+04 -2.5983E+04
0000644   1.0811E+06  8.0012E+03 -2.8523E+04
0000645   1.0737E+06  1.1901E+04 -1.3309E+04
0000646   1.0733E+06  1.0016E+04  4.6620E+04
0000647   1.0773E+06 -9.4731E+04 -1.4359E+04
0000648   1.1166E+06  9.9781E+04 -1.2326E+04
0000649   9.9385E+05 -3.0489E+04 -4.1223E+05
0000650   1.0839E+06  3.2869E+04 -3.1670E+04
0000651   1.0561E+06  6.5526E+04 -8.1747E+04
0000652   1.0581E+06 -1.0513E+04  2.8511E+04
0000653   1.1120E+06  2.6025E+04  8.4894E+04
0000654   1.1211E+06  3.5213E+04  2.6816E+04
0000655   1.0790E+06  1.3124E+04  6.9958E+03
0000656   1.0899E+06  1.0029E+04  1.3585E+04
0000657   1.1337E+06  4.1324E+04  2.7313E+04
0000658   1.0629E+06 -5.4147E+04  4.2903E+04
0000659   1.0906E+06 -1.2729E+04 -5.5676E+03
0000660   1.0832E+06 -2.2613E+03 -6.6453E+04
0000661   1.0949E+06 -3.9675E+04 -1.3362E+04
0000662   1.0962E+06 -3.4650E+04  2.8607E+03
0000663   1.0953E+06 -9.1130E+03  3.5051E+04
0000664   1.1047E+06 -1.5893E+04 -1.8094E+04
0000665   1.0642E+06  6.0439E+04  1.0945E+04
0000666   1.0967E+06 -3.3031E+03  1.3502E+04
0000667   1.0985E+06  6.5177E+03 -1.2483E+04
0000668   1.1123E+06 -5.2461E+04  9.5373E+03
0000669   1.0911E+06  2.6505E+04  1.5163E+03
0000670   1.0745E+06  8.8032E+04 -6.0782E+02
0000671   1.0953E+06 -6.7349E+03 -2.4578E+04
0000672   1.0997E+06 -1.3483E+04  1.0854E+04
0000673   1.1042E+06 -3.9977E+04 -5.7085E+04
0000674   1.0911E+06 -4.5643E+04  5.6473E+03
0000675   1.0857E+06 -2.7111E+04 -1.9008E+04
0000676   1.0987E+06  2.3631E+04  9.9615E+03
0000677   1.1256E+06  3.9710E+04  2.8429E+04
0000678   1.1042E+06  8.8536E+03 -4.9759E+03
0000679   1.1401E+06  1.1911E+03 -4.2575E+04
0000680   1.0873E+06  5.7092E+04  2.8533E+04
0000681   1.0870E+06  7.4224E+03  5.6291E+04
0000682   1.0794E+06  2.6328E+04  2.0814E+04
0000683   1.0814E+06 -6.8002E+04  3.4283E+04
0000684   1.0966E+06  2.4577E+04 -5.6468E+04
0000685   1.1270E+06 -1.2862E+04  1.9969E+04
0000686   1.1226E+06 -2.0072E+04  2.7193E+04
0000687   1.1084E+06  3.6415E+04 -5.6739E+03
0000688   1.0871E+06 -2.0394E+04  5.5350E+03
0000689   1.0995E+06 -2.9151E+04  1.6492E+04
0000690   1.0968E+06 -3.2060E+04  1.1974E+04
0000691   1.0925E+06  4.0152E+04  2.0236E+04
0000692   1.0659E+06 -9.6033E+04  1.9095E+05
0000693   1.0870E+06  2.2021E+04  4.5675E+03
0000694   1.1048E+06  7.9819E+03  3.1026E+04
0000695   1.0485E+06  8.1010E+02 -4.8351E+04
0000696   1.0918E+06  2.2464E+04  5.2022E+04
0000697   1.0631E+06 -3.4206E+04  2.2117E+04
0000698   1.1055E+06  1.0161E+04  3.4711E+03
0000699   1.1210E+06  2.6939E+04 -1.5855E+04
0000700   1.1011E+06 -1.0159E+04  8.8331E+03
0000701   1.0732E+06  1.3846E+04 -3.1818E+04
0000702   1.1054E+06  1.5117E+04  3.1038E+03
0000703   1.0841E+06  2.1828E+05 -5.7699E+04
0000704   1.1011E+06 -3.9826E+04  3.2253E+04
0000705   1.1015E+06 -2.8980E+04 -3.1697E+04
0000706   1.1009E+06 -8.1240E+03  2.0229E+04
0000707   1.1025E+06 -1.1820E+05  4.0682E+04
0000708   1.0867E+06  3.0439E+04 -3.8092E+04
0000709   1.0668E+06  2.8684E+04 -3.7176E+04
0000710   1.1215E+06 -4.1672E+04  4.1154E+03
0000711   1.1026E+06 -1.1741E+04  3.8680E+04
0000712   1.1152E+06  6.9006E+04 -3.3587E+04
0000713   1.1133E+06  1.4472E+04  3.3572E+04
0000714   1.0964E+06 -6.7129E+04 -3.4943E+04
0000715   1.0931E+06 -2.5364E+03  3.3338E+02
0000716   1.1037E+06  4.6654E+04  4.7711E+03
0000717   1.1228E+06 -2.2342E+04  1.7065E+03
0000718   1.1083E+06 -1.5258E+04  1.0047E+04
0000719   1.1028E+06  4.4368E+04  2.9717E+04
0000720   1.0572E+06  2.0571E+04 -7.4680E+03
0000721   1.0609E+06 -9.4652E+03  1.2982E+04
0000722   1.0943E+06  4.3696E+04  1.6783E+04
0000723   1.0689E+06  1.7636E+04  2.9148E+04
0000724   1.0872E+06  7.6483E+04  2.8777E+02
0000725   1.0841E+06 -3.1460E+03  6.0304E+04
0000726   1.0954E+06 -7.8158E+03 -2.8077E+03
0000727   1.0878E+06  4.5042E+04  1.7101E+04
0000728   1.1031E+06  1.4236E+04  2.0650E+04
0000729   1.1035E+06  2.5479E+03 -1.8734E+04
0000730   1.1139E+06  5.7519E+04 -1.8464E+04
0000731   1.0886E+06 -1.1279E+04  7.4166E+04
0000732   1.1241E+06 -1.2208E+04  1.8277E+04
0000733   1.0585E+06 -5.1717E+04  4.7489E+04
0000734   1.0655E+06  9.9698E+03  2.6652E+04
0000735   1.0813E+06  6.1750E+04 -1.2475E+05
0000736   1.1183E+06 -3.7761E+04  5.1425E+04
0000737   1.1006E+06  9.1032E+03  2.6339E+04
0000738   1.0938E+06  6.9487E+03 -6.8604E+03
0000739   1.1274E+06 -2.4121E+04 -3.0673E+04
0000740   1.0843E+06  5.1199E+04 -7.4380E+03
0000741   1.0880E+06 -2.8019E+04  5.4582E+04
0000742   1.0930E+06  2.6956E+04  1.5816E+04
0000743   1.0990E+06 -1.6135E+03 -1.1206E+04
0000744   1.0779E+06 -2.8578E+04 -6.1831E+03
0000745   1.1063E+06 -9.9278E+03 -1.2318E+04
0000746   1.1265E+06  3.6221E+03  2.5694E+04
0000747   1.1116E+06  4.3756E+04 -1.3686E+04
0000748   1.0857E+06 -4.6933E+03 -4.2942E+04
0000749   1.0635E+06  6.9640E+03 -4.3063E+04
0000750   1.1132E+06 -1.6718E+04  9.9938E+03
0000751   1.0773E+06 -2.4633E+03  2.1033E+04
0000752   1.0857E+06 -4.7526E+03  5.0362E+04
0000753   1.0683E+06 -4.7907E+04 -3.4070E+04
0000754   1.0743E+06 -2.7733E+04  2.8936E+04
0000755   1.1299E+06 -2.6713E+04 -9.3154E+03
0000756   1.0659E+06 -2.6124E+04  2.3067E+04
0000757   1.0773E+06 -2.7724E+04  1.3375E+04
0000758   1.0722E+06  1.8710E+03 -4.9306E+04
0000759   1.0892E+06 -3.9019E+04  6.8657E+04
0000760   1.0736E+06 -1.5864E+03  1.3296E+04
0000761   1.1199E+06 -7.9992E+03  2.0486E+04
0000762   1.0941E+06  1.1072E+04 -2.1468E+04
0000763   1.0780E+06  4.1119E+04 -3.0417E+03
0000764   1.1127E+06 -3.1357E+04  3.2294E+04
0000765   1.0641E+06 -7.5318E+03  1.9312E+03
0000766   1.0940E+06 -2.7830E+04 -1.3127E+04
0000767   1.0848E+06 -5.6477E+04  3.3006E+04
0000768   1.1057E+06  2.4461E+04 -4.3240E+04
0000769   1.1106E+06 -1.0852E+04 -1.3253E+04
0000770   1.1005E+06 -1.0022E+04 -1.8367E+04
0000771   1.0965E+06  6.0679E+02 -3.5571E+04
0000772   1.0923E+06 -3.9022E+04  2.8659E+04
0000773   1.1221E+06 -3.1987E+04  4.6405E+04
0000774   1.0807E+06 -3.3777E+04  3.9717E+04
0000775   1.0820E+06 -2.4621E+04 -7.3905E+03
0000776   1.0493E+06  2.2626E+04 -2.4793E+03
0000777   1.0790E+06 -6.2508E+04 -2.0955E+04
0000778   1.1206E+06 -3.7536E+04  4.0945E+04
0000779   1.1181E+06  2.5267E+04  1.9999E+04
0000780   1.0472E+06  1.3707E+05  9.1648E+03
0000781   1.0835E+06 -4.4114E+04 -3.2876E+04
0000782   1.0623E+06 -1.0717E+05 -3.6767E+04
0000783   1.1081E+06  2.6516E+04  2.3242E+04
0000784   1.0976E+06 -9.5163E+03  4.7993E+04
0000785   1.1246E+06 -5.6864E+03  8.1378E+02
0000786   1.0694E+06  6.1361E+04  7.6569E+04
0000787   1.0632E+06 -1.0245E+03 -3.6676E+03
0000788   1.0954E+06  2.6341E+04 -1.7501E+04
0000789   1.1038E+06 -1.6847E+04 -2.7264E+04
0000790   1.0731E+06 -7.6557E+04 -2.3382E+04
0000791   1.0850E+06 -3.8979E+04  6.0809E+04
0000792   1.0670E+06 -3.2613E+04 -1.7161E+04
0000793   1.0871E+06 -4.8047E+04  8.8466E+03
0000794   1.1230E+06  1.6839E+04  4.3509E+04
0000795   1.0990E+06 -6.6824E+03  2.1288E+04
0000796   1.1335E+06 -4.9570E+04 -7.8520E+04
0000797   1.0909E+06 -6.3000E+03  3.6972E+04
0000798   1.0874E+06  1.7688E+04 -7.4834E+04
0000799   1.0756E+06  2.3061E+03 -1.5785E+04
0000800   1.0963E+06 -3.9478E+04 -1.9743E+03
0000801   1.0995E+06 -4.8164E+04 -5.9182E+04
0000802   1.0618E+06  4.6376E+04  1.6688E+04
0000803   1.1113E+06  3.1026E+04 -3.2784E+03
0000804   1.1290E+06  4.2063E+04  2.3823E+04
0000805   1.0569E+06 -2.9132E+04  1.4321E+04
0000806   1.0893E+06 -4.0010E+04  1.5428E+04
0000807   1.0972E+06  2.1702E+04 -3.2311E+03
0000808   1.0981E+06 -2.6618E+04  1.9685E+04
0000809   1.0838E+06  9.2360E+03 -1.2234E+03
0000810   1.1108E+06 -3.0100E+03  2.9492E+04
0000811   1.0675E+06 -2.9569E+04 -1.9884E+04
0000812   1.1153E+06 -1.9722E+04 -5.4898E+04
0000813   1.0922E+06  2.9755E+04  3.8838E+04
0000814   1.0899E+06 -9.2431E+03 -8.1868E+04
0000815   1.1155E+06 -1.1057E+04  5.8273E+04
0000816   1.0731E+06 -7.4050E+04  7.8368E+03
0000817   1.1188E+06  3.9705E+04  1.6828E+04
0000818   1.0707E+06 -3.3007E+04 -6.2985E+03
0000819   1.0616E+06  3.3564E+03 -3.1872E+04
0000820   1.0972E+06 -5.2091E+03  1.1369E+04
0000821   1.0612E+06  3.1183E+04  8.3633E+04
0000822   1.1179E+06  7.6002E+03 -2.3513E+04
0000823   1.0739E+06 -1.9542E+04  7.6262E+04
0000824   1.0984E+06  1.0586E+05  4.2988E+03
0000825   1.0998E+06 -1.8383E+04 -3.0806E+04
0000826   1.1160E+06 -2.0806E+04 -4.9163E+04
0000827   1.1040E+06  8.2943E+02 -1.6942E+03
0000828   1.1069E+06  6.5867E+04 -5.8082E+04
0000829   1.0777E+06 -5.0743E+04  2.7681E+04
0000830   1.1067E+06  2.0489E+04  2.7888E+04
0000831   1.1184E+06  9.7453E+03 -1.0930E+04
0000832   1.1060E+06  1.8819E+04  5.8701E+04
0000833   1.0804E+06  1.8305E+04 -7.3891E+04
0000834   1.1034E+06  3.7651E+04  4.1263E+04
0000835   1.1427E+06  4.8817E+04 -4.5037E+04
0000836   1.0884E+06  1.9868E+02  5.4803E+04
0000837   1.0871E+06  5.8379E+04  4.0408E+04
0000838   1.0963E+06 -5.6216E+04  1.2784E+04
0000839   1.0533E+06 -2.7467E+04 -5.0202E+04
0000840   1.1119E+06 -2.7490E+03  1.1437E+04
0000841   1.1363E+06 -1.9364E+04 -1.5636E+04
0000842   1.1125E+06 -1.6334E+04 -1.9254E+04
0000843   1.0450E+06  6.4298E+04  1.7703E+05
0000844   1.0873E+06 -4.7104E+04  3.7193E+04
0000845   1.0761E+06  3.5622E+04 -2.5255E+04
0000846   1.0904E+06 -6.3026E+04  3.4993E+04
0000847   1.0962E+06 -3.8603E+04 -3.2679E+04
0000848   1.0672E+06 -8.1247E+04 -1.5053E+04
0000849   1.0805E+06 -1.0640E+03  2.3573E+04
0000850   1.0950E+06  3.2888E+04 -7.5082E+04
0000851   1.0904E+06 -4.7352E+04 -2.4516E+04
0000852   1.0590E+06 -6.7846E+04  3.4582E+04
0000853   1.1003E+06  2.9169E+04 -1.0211E+04
0000854   1.1052E+06  3.1153E+04  1.3583E+04
0000855   1.1189E+06  1.8136E+04 -3.3307E+04
0000856   1.1364E+06 -6.0581E+04 -7.4848E+04
0000857   1.1143E+06  4.3486E+04 -2.8575E+04
0000858   1.0934E+06 -4.5047E+04  2.4807E+04
0000859   1.0497E+06 -1.6391E+05 -2.9441E+04
0000860   1.0845E+06  2.0633E+04 -3.2382E+03
0000861   1.1051E+06 -6.0568E+04 -6.8509E+04
0000862   1.0476E+06 -5.1740E+03 -4.7300E+04
0000863   1.0960E+06  2.3807E+04  1.5577E+04
0000864   1.0869E+06  1.5880E+03  1.1765E+04
0000865   1.1091E+06  1.7319E+04  4.7451E+03
0000866   1.1063E+06  5.5715E+04  1.9626E+03
0000867   1.0822E+06  1.8255E+04 -1.6040E+04
0000868   1.0788E+06  9.1882E+04  9.0671E+04
0000869   1.1025E+06  4.2543E+04 -4.5573E+04
0000870   1.0667E+06  3.1736E+03  6.7670E+04
0000871   1.0927E+06 -1.8240E+04 -1.4908E+04
0000872   1.0963E+06 -2.0532E+04 -9.7471E+03
0000873   6.6329E+05 -2.2918E+05  3.5628E+05
0000874   1.1098E+06  5.8979E+04 -9.4316E+03
0000875   1.0954E+06 -4.3043E+04 -1.8442E+04
0000876   1.1160E+06 -1.3963E+04  2.9750E+04
0000877   1.0963E+06 -8.5711E+04 -3.8032E+04
0000878   1.1121E+06  7.2530E+03  8.2067E+03
0000879   1.1035E+06 -7.9685E+04  9.8302E+02
0000880   1.0955E+06  1.9962E+04 -2.1829E+04
0000881   1.0989E+06 -1.4007E+04  2.1684E+04
0000882   1.1146E+06  3.6441E+04  5.2945E+04
0000883   1.0982E+06 -1.8447E+04  3.1809E+04
0000884   1.0872E+06 -8.8144E+03  8.1968E+04
0000885   1.0685E+06 -2.3727E+04 -2.8186E+04
0000886   1.1077E+06 -5.9764E+04 -4.9110E+03
0000887   1.1234E+06 -2.6067E+03  2.0292E+03
0000888   1.1050E+06  5.4453E+04  8.4202E+03
0000889   1.1355E+06 -1.2087E+04 -7.1138E+04
0000890   1.0751E+06  3.0096E+04 -1.3332E+04
0000891   1.0852E+06 -1.3835E+04  1.2301E+04
0000892   1.0928E+06 -4.7864E+03 -3.8883E+04
0000893   1.1180E+06 -1.6322E+04 -1.0654E+03
0000894   1.0747E+06  5.9958E+03  2.1276E+04
0000895   1.0987E+06 -7.2243E+04  5.2580E+04
0000896   1.1112E+06  5.2427E+03  3.3828E+04
0000897   1.0840E+06 -1.4838E+04  1.9126E+04
0000898   1.0907E+06  3.1475E+03  4.7548E+04
0000899   1.0692E+06  1.7733E+03  1.2865E+04
0000900   1.0828E+06 -2.4845E+04  5.2270E+04
0000901   1.0935E+06 -4.5816E+04 -2.1952E+04
0000902   1.0993E+06  5.2850E+04 -1.7158E+03
0000903   1.0416E+06 -1.0683E+04  4.0431E+04
0000904   1.0938E+06  4.9802E+04  2.6698E+04
0000905   1.0954E+06  3.1921E+04 -3.9705E+04
0000906   1.0983E+06 -8.8591E+03  1.3698E+04
0000907   1.0954E+06  4.5582E+01 -9.2510E+03
0000908   1.1044E+06 -4.2961E+04  2.6408E+04
0000909   1.1045E+06  6.6119E+03 -5.8381E+04
0000910   1.0974E+06  3.9361E+04  9.8763E+03
0000911   1.1020E+06  2.3800E+04  3.1752E+03
0000912   1.0920E+06 -4.3625E+04  5.8257E+03
0000913   1.0904E+06  1.7944E+04 -2.7136E+04
0000914   1.0715E+06  5.2684E+04 -4.6855E+04
0000915   1.0916E+06 -3.4348E+04  2.2155E+03
0000916   1.0548E+06  7.0993E+04  2.7228E+04
0000917   1.1062E+06 -6.9138E+02 -4.7550E+04
0000918   1.1088E+06  1.6394E+04 -3.1680E+03
0000919   1.0841E+06 -4.3579E+04 -2.0959E+04
0000920   1.1055E+06 -1.0668E+04 -2.4191E+04
0000921   1.1004E+06 -4.9654E+03 -1.5462E+04
0000922   1.1027E+06  6.5308E+04 -8.0713E+04
0000923   1.0739E+06  6.9442E+03  4.6969E+02
0000924   1.0764E+06 -2.8846E+04  1.0645E+04
0000925   1.0920E+06 -3.5283E+04 -3.7883E+04
0000926   1.0885E+06  6.2751E+04 -6.1847E+03
0000927   1.1379E+06 -8.7732E+03 -2.2377E+04
0000928   1.1129E+06  1.1525E+04  1.0601E+04
0000929   1.0956E+06 -1.2372E+03 -2.7433E+04
0000930   1.0912E+06 -3.6826E+04  1.2810E+04
0000931   1.0608E+06 -4.3807E+04  2.9478E+03
0000932   1.0611E+06 -2.7234E+04 -5.4597E+04
0000933   1.1012E+06  6.3547E+04  4.0911E+04
0000934   1.0791E+06 -1.4252E+04 -2.9348E+04
0000935   1.0880E+06  2.1331E+04  1.6429E+04
0000936   1.0871E+06  2.7580E+02  3.4406E+04
0000937   1.0820E+06  4.1806E+04  1.0143E+04
0000938   1.1162E+06 -3.2637E+04 -5.9491E+04
0000939   1.1006E+06 -7.8603E+02  8.9192E+04
0000940   1.0963E+06  1.6920E+04  5.7747E+04
0000941   1.0891E+06  1.9817E+04 -3.8066E+04
0000942   1.0760E+06 -4.8484E+04 -3.3590E+04
0000943   1.1117E+06  4.7372E+03 -3.6076E+04
0000944   1.0981E+06 -2.9159E+04 -1.9846E+04
0000945   1.0933E+06  5.8497E+04 -4.5053E+04
0000946   1.1241E+06 -1.9347E+04  1.8145E+04
0000947   1.0646E+06 -2.0865E+04 -1.2006E+03
0000948   1.1228E+06  2.1365E+04 -3.1016E+03
0000949   1.0838E+06  9.4202E+03  5.6139E+04
0000950   1.0950E+06  2.1513E+04 -1.4991E+04
0000951   1.0966E+06  2.8405E+04 -6.0225E+04
0000952   1.0912E+06  2.1379E+04 -1.7635E+04
0000953   1.1131E+06 -8.4071E+03  6.8916E+04
0000954   1.0653E+06 -1.3972E+04 -2.7070E+04
0000955   1.0842E+06  1.5308E+04  5.2823E+02
0000956   1.0920E+06  1.5777E+04 -1.4565E+05
0000957   1.1100E+06 -4.5033E+04  8.1710E+04
0000958   1.0942E+06  4.7586E+04  1.7414E+04
0000959   1.0932E+06  1.4888E+04 -2.7391E+04
0000960   1.1095E+06 -3.8754E+04 -2.7309E+03
0000961   1.1201E+06  3.3319E+04 -2.3146E+04
0000962   1.0873E+06 -1.7855E+04  2.7032E+04
0000963   1.0800E+06  7.8851E+04  5.8269E+04
0000964   1.0995E+06  8.7108E+04  2.5995E+03
0000965   1.0313E+06  1.7560E+05 -3.6052E+04
0000966   1.1040E+06  1.5471E+03  4.3876E+03
0000967   1.1286E+06  7.1441E+03 -2.2551E+03
0000968   1.0981E+06  8.0897E+03 -2.6855E+02
0000969   1.1117E+06  2.2940E+04  1.0465E+04
0000970   1.0822E+06 -3.6425E+04  4.0461E+04
0000971   1.0781E+06 -2.6784E+04 -7.0972E+03
0000972   1.1054E+06  3.5161E+04 -8.9722E+03
0000973   1.1196E+06  3.2053E+04  5.1249E+04
0000974   1.0969E+06 -3.1511E+04  2.9810E+04
0000975   1.1127E+06  6.8952E+03  3.4501E+03
0000976   1.0843E+06  5.5354E+04 -1.3222E+04
0000977   1.1000E+06 -8.0709E+03 -3.2142E+04
0000978   1.0614E+06  1.5930E+04  1.5453E+04
0000979   1.0978E+06  1.3252E+04  8.2468E+03
0000980   1.1023E+06 -8.8485E+03  4.3596E+04
0000981   1.0992E+06  4.4648E+04 -6.2060E+04
0000982   1.1006E+06 -3.8366E+04 -6.7899E+03
0000983   1.0846E+06 -5.9359E+03  1.1893E+04
0000984   1.1216E+06  2.7883E+04  3.7825E+03
0000985   1.1143E+06 -1.2041E+04 -7.7509E+03
0000986   1.1261E+06 -2.5659E+04  4.6224E+04
0000987   1.1019E+06  3.0039E+03 -1.1350E+04
0000988   1.0609E+06 -9.0073E+04 -5.7612E+04
0000989   1.0774E+06  1.8606E+04 -5.4086E+04
0000990   1.1012E+06  1.8912E+04  3.2689E+04
0000991   1.0948E+06  6.6159E+04  2.8148E+04
0000992   1.1028E+06  7.1913E+04 -1.4745E+04
0000993   1.1177E+06  1.9418E+04  4.1477E+04
0000994   1.0951E+06  6.3991E+03  1.9773E+04
0000995   1.0944E+06 -1.1475E+04  3.7637E+04
0000996   1.0716E+06 -1.2969E+04  1.0523E+04
0000997   1.0990E+06 -1.7159E+04 -1.6771E+04
0000998   1.0720E+06  5.7740E+04 -1.4643E+04
0000999   1.1165E+06  2.3009E+04 -9.8168E+03
0001000   1.1164E+06  2.0985E+04  3.7291E+04
