============================== SRIM-2013.00 ==============================
==============================================================================
====== SRIM Outputs\RANGE_3D.txt : File of Final Ion Positions =====

Ion =  H (01)   Ion Mass= 001.0080
Energy  = 2400000.E-03 keV
Ion Angle to Surface = 00.0 degrees
==================== TARGET =======================
  Layer # 1 - Si_Top    
  Layer # 1 - Bottom Depth=300000.E+01 A
  Layer # 1 - Density =0002.3210 g/cm3
  Layer # 1 -  100 % of Si
икикикикикикикикикикикикикикикикикикикикикикикикикикикикикикикикикикикикикикикикикикикикикикикикикикикик
  Layer # 2 - Si_Bottom 
  Layer # 2 - Bottom Depth=600000.E+01 A
  Layer # 2 - Density =0002.3210 g/cm3
  Layer # 2 -  100 % of Si
икикикикикикикикикикикикикикикикикикикикикикикикикикикикикикикикикикикикикикикикикикикикикикикикикикикик
                                            
Ion       Depth  X   Lateral Y   Lateral Z  
Number    (Angstrom) (Angstrom)  (Angstrom) 
-------  ----------- ----------- -----------
0000001   6.4628E+05 -2.0496E+04 -1.0202E+04
0000002   6.4143E+05 -1.6980E+04  7.3803E+04
0000003   6.4851E+05 -2.8566E+03 -4.8675E+03
0000004   6.5965E+05  3.7343E+04 -6.3340E+03
0000005   6.3437E+05  6.6786E+03  3.6597E+03
0000006   6.4332E+05  1.2623E+04  6.6810E+03
0000007   6.5765E+05  1.6824E+03  2.2769E+04
0000008   6.5832E+05  4.0428E+04  3.8374E+04
0000009   6.4793E+05  2.1232E+02  4.0438E+04
0000010   6.2621E+05 -4.5836E+03  2.0115E+04
0000011   6.7395E+05  1.6172E+04 -3.9285E+03
0000012   6.3852E+05 -1.3544E+04 -2.4152E+03
0000013   6.4873E+05  8.4447E+03  4.5351E+04
0000014   6.6786E+05  1.1258E+04 -3.1691E+04
0000015   6.4546E+05  1.2911E+04 -3.5282E+04
0000016   6.3626E+05 -1.8874E+04  1.6317E+04
0000017   6.5912E+05 -2.4188E+04  3.0484E+04
0000018   6.5562E+05 -3.7188E+03 -5.5884E+03
0000019   6.3793E+05 -2.0985E+04 -1.7463E+04
0000020   6.2930E+05 -1.9627E+03  1.6655E+04
0000021   6.6114E+05 -3.8142E+03  1.2533E+04
0000022   6.5167E+05  2.6981E+04  5.3066E+03
0000023   6.5803E+05  2.0900E+03  3.5914E+04
0000024   6.1848E+05  4.9633E+04  1.1380E+05
0000025   6.5119E+05 -1.2225E+04 -1.7910E+04
0000026   6.5507E+05  2.0964E+04 -2.0512E+04
0000027   6.5226E+05  3.3071E+04 -3.1562E+04
0000028   6.5990E+05  1.1580E+04  1.6143E+04
0000029   6.2729E+05  5.7555E+04 -7.6296E+03
0000030   6.6068E+05  4.2480E+03  1.0021E+04
0000031   6.4353E+05  2.1381E+04  9.3112E+03
0000032   6.3770E+05  1.0495E+04 -2.8570E+04
0000033   6.3034E+05  2.5223E+04 -1.5030E+05
0000034   6.5631E+05 -2.8548E+04 -4.3882E+04
0000035   6.6277E+05  2.4943E+04  3.7528E+04
0000036   6.4851E+05  1.5089E+03 -3.9730E+04
0000037   6.3793E+05  1.7688E+04  3.8453E+04
0000038   6.4653E+05  6.2385E+04 -3.5904E+04
0000039   6.4408E+05  2.8258E+04 -1.6798E+04
0000040   6.4827E+05  2.2473E+04 -1.8199E+04
0000041   6.4085E+05 -9.1899E+02  3.9691E+04
0000042   6.5873E+05 -2.1372E+04 -8.5019E+03
0000043   6.4010E+05  1.5584E+04 -5.8331E+01
0000044   6.5581E+05  3.3968E+04  2.1242E+04
0000045   6.5616E+05  5.3084E+03 -7.8130E+04
0000046   6.3621E+05 -1.2125E+04 -1.7845E+04
0000047   6.4070E+05 -2.7298E+04 -2.4289E+04
0000048   6.5144E+05  2.8802E+04  1.7141E+04
0000049   6.5492E+05  2.7377E+04  1.6269E+04
0000050   6.4505E+05 -1.1220E+04  1.9950E+04
0000051   6.5367E+05  2.7771E+04  1.4071E+03
0000052   6.5753E+05 -1.2959E+04 -3.7762E+03
0000053   6.3956E+05  4.3883E+04  7.5047E+03
0000054   6.4927E+05 -1.2767E+02  2.2387E+03
0000055   6.6065E+05 -3.4922E+04 -2.5148E+04
0000056   6.5031E+05  2.5540E+04 -1.7394E+04
0000057   6.3542E+05 -8.7154E+03  1.1687E+04
0000058   6.4901E+05  6.3999E+03 -8.0960E+03
0000059   6.4542E+05 -3.7036E+04  8.4032E+03
0000060   6.6133E+05 -3.1959E+03 -1.6519E+04
0000061   6.5219E+05 -2.2785E+04  9.3436E+03
0000062   6.4127E+05 -3.7229E+04 -6.0765E+04
0000063   6.3641E+05  4.3898E+04  2.6078E+04
0000064   6.6698E+05 -4.7339E+04 -2.1374E+03
0000065   6.5846E+05 -3.7087E+04 -2.2338E+04
0000066   6.4061E+05  2.4802E+04 -3.4931E+04
0000067   6.4379E+05 -3.2272E+02 -2.7682E+04
0000068   6.5757E+05 -2.7560E+04  2.7781E+04
0000069   6.4249E+05 -3.8138E+04  1.1517E+04
0000070   6.4003E+05 -3.3474E+04 -4.6207E+04
0000071   6.5419E+05  1.1434E+04 -9.5449E+03
0000072   6.5414E+05 -7.5239E+03  4.1024E+03
0000073   6.3726E+05  2.3000E+04 -3.0423E+04
0000074   6.5939E+05  1.0043E+04  1.1337E+04
0000075   6.4952E+05  2.4705E+04  6.0507E+04
0000076   6.4644E+05 -5.5278E+03  2.2601E+04
0000077   6.4357E+05  5.3401E+03  2.1330E+04
0000078   6.4372E+05  3.5842E+04  6.7180E+02
0000079   6.4597E+05 -1.0912E+04 -1.4827E+04
0000080   6.5147E+05 -3.8965E+02 -9.8853E+03
0000081   6.7959E+05 -2.6945E+03 -1.0626E+04
0000082   6.6257E+05 -3.1104E+04  3.0023E+04
0000083   6.7249E+05  2.3550E+04  2.2466E+04
0000084   6.5424E+05 -6.4055E+02 -1.6580E+04
0000085   6.5479E+05  5.4914E+04  1.2434E+04
0000086   6.4993E+05 -1.1019E+04  1.2564E+04
0000087   6.3520E+05  3.4917E+02  2.6260E+03
0000088   6.3656E+05 -7.1934E+04 -5.0515E+04
0000089   6.4483E+05  5.2374E+04  3.4742E+04
0000090   6.4927E+05 -2.9580E+04 -2.3090E+04
0000091   6.4336E+05 -3.4704E+04 -2.9647E+04
0000092   6.3364E+05  1.5432E+04  1.2931E+05
0000093   6.4843E+05  1.2802E+04 -5.8902E+03
0000094   6.4842E+05  1.0673E+04 -4.0249E+04
0000095   6.6979E+05  3.8075E+03  5.8251E+03
0000096   6.4800E+05  4.7759E+04 -4.7211E+04
0000097   6.8109E+05  1.7210E+04 -2.5177E+04
0000098   6.4463E+05 -1.9681E+03  9.3907E+03
0000099   6.5239E+05 -3.2563E+04 -9.3808E+03
0000100   6.3897E+05 -1.2874E+04 -2.1524E+03
0000101   6.3759E+05  6.8783E+04  2.5610E+04
0000102   6.3176E+05 -1.7274E+04  5.3082E+04
0000103   6.6596E+05  9.5620E+02  1.2588E+04
0000104   6.7347E+05  8.4705E+03  5.0587E+04
0000105   6.5238E+05 -1.4738E+04  4.3493E+03
0000106   6.5445E+05  1.6560E+04  3.1945E+03
0000107   6.5097E+05  1.0328E+04 -2.7610E+04
0000108   6.5845E+05  1.7639E+04  1.6081E+04
0000109   6.5584E+05  3.1011E+04 -1.4484E+04
0000110   6.4532E+05  2.5637E+04  4.2357E+04
0000111   6.6067E+05 -3.2193E+04  2.0050E+04
0000112   6.4657E+05 -4.8720E+04  1.0563E+04
0000113   6.6626E+05 -8.8599E+03 -5.3230E+03
0000114   6.4222E+05  2.1666E+04  2.1576E+04
0000115   6.5174E+05  2.4856E+04 -4.8033E+03
0000116   6.2695E+05 -9.7425E+03  8.7520E+03
0000117   6.3990E+05  4.5193E+03  1.6354E+04
0000118   6.5770E+05  1.0055E+04 -3.9615E+04
0000119   6.5490E+05 -2.1026E+04 -1.0002E+04
0000120   6.4815E+05 -2.1876E+04  3.4711E+04
0000121   6.5413E+05 -3.0589E+04  2.0304E+04
0000122   6.5398E+05  1.6738E+04  2.0145E+04
0000123   6.7667E+05  3.1161E+04 -1.5663E+04
0000124   6.4029E+05 -5.0876E+04 -4.2947E+04
0000125   6.5497E+05  2.0544E+04 -8.7960E+03
0000126   6.5027E+05  1.7861E+04 -2.3768E+03
0000127   6.5346E+05  1.0485E+04  1.3203E+04
0000128   6.4072E+05  4.0883E+04 -2.2265E+04
0000129   6.4586E+05  3.7608E+03  3.5568E+04
0000130   6.5532E+05 -2.0627E+04  6.9051E+03
0000131   6.5483E+05 -4.3712E+03  6.9318E+03
0000132   6.5884E+05  1.6233E+04 -4.5877E+04
0000133   6.7256E+05  1.8741E+04  4.0160E+03
0000134   6.4685E+05  4.2839E+03  2.1310E+04
0000135   6.5937E+05  1.1650E+04  2.5572E+04
0000136   6.6854E+05 -1.4957E+04 -1.7810E+04
0000137   6.4526E+05 -2.8862E+04 -4.6555E+03
0000138   6.6251E+05  2.0322E+04  1.6822E+04
0000139   6.5132E+05  5.7210E+04 -3.6883E+04
0000140   6.4890E+05 -5.6270E+03  5.7923E+02
0000141   6.4749E+05  1.1466E+04 -2.1045E+03
0000142   6.3490E+05 -2.8119E+02  1.0470E+04
0000143   6.3646E+05  3.2706E+04  1.3065E+03
0000144   6.4646E+05  7.2310E+03  1.6620E+03
0000145   6.4874E+05  2.1398E+04 -3.4589E+04
0000146   6.4015E+05  2.3101E+04  5.6339E+04
0000147   6.6212E+05 -7.8694E+03 -1.5237E+04
0000148   6.6434E+05  1.7270E+04  3.9214E+04
0000149   6.6833E+05  8.3555E+03 -9.1043E+03
0000150   6.2981E+05  2.3336E+04  2.7413E+04
0000151   6.4492E+05 -2.8593E+04 -4.0674E+03
0000152   6.3625E+05 -7.8006E+03  1.1203E+04
0000153   6.5922E+05 -1.8259E+04  4.3500E+03
0000154   6.4467E+05  1.3637E+04  1.8429E+04
0000155   6.5097E+05  6.6736E+04  2.4770E+04
0000156   6.5283E+05  1.1354E+05 -3.9221E+04
0000157   6.5207E+05 -2.9723E+04  1.3886E+04
0000158   6.4609E+05 -1.8594E+04  1.0756E+04
0000159   6.4404E+05 -1.2834E+04 -1.9018E+04
0000160   6.4002E+05  1.0654E+03 -2.9176E+04
0000161   6.3575E+05  1.5095E+04 -1.2605E+05
0000162   6.4473E+05 -1.7756E+04 -1.1493E+03
0000163   6.3893E+05 -1.0755E+04 -8.2782E+04
0000164   6.7185E+05  8.4854E+03 -1.6041E+02
0000165   6.4701E+05  6.4589E+04  1.6125E+04
0000166   6.5796E+05 -5.4557E+04  9.8281E+03
0000167   6.7945E+05  3.1050E+03  2.0818E+04
0000168   6.4308E+05 -3.4627E+04 -4.2147E+04
0000169   6.6100E+05 -1.0548E+04 -5.5597E+03
0000170   6.6982E+05 -4.1407E+03  2.0666E+04
0000171   6.5638E+05  3.9511E+04 -1.3964E+04
0000172   6.6400E+05  3.1602E+03 -1.0967E+04
0000173   6.3679E+05 -1.8117E+04  2.1742E+04
0000174   6.5009E+05 -4.3741E+03  2.1305E+04
0000175   6.5080E+05 -1.4967E+04 -2.5385E+03
0000176   6.4764E+05 -1.1919E+03  4.2581E+02
0000177   6.4749E+05 -2.0627E+04  6.0837E+03
0000178   6.4381E+05  5.6923E+03 -1.7914E+04
0000179   6.5409E+05  2.1638E+04  1.9863E+04
0000180   6.3821E+05  1.6113E+04 -6.6292E+03
0000181   6.5517E+05 -1.8255E+04 -1.9260E+04
0000182   6.6602E+05  5.6392E+03 -2.2362E+03
0000183   6.5825E+05 -4.6968E+03  1.8309E+04
0000184   6.7893E+05 -5.5403E+02 -1.6638E+02
0000185   6.5729E+05  6.4373E+03 -2.8615E+04
0000186   6.4519E+05  2.4522E+04  1.5993E+04
0000187   6.6657E+05  4.9261E+04 -3.2773E+03
0000188   6.4758E+05 -6.6150E+03 -1.8339E+03
0000189   6.5117E+05 -1.7364E+04 -3.2272E+03
0000190   6.6011E+05  3.1416E+04 -4.5768E+03
0000191   6.5845E+05 -2.2337E+04 -2.3594E+04
0000192   6.6945E+05  3.3680E+04 -6.5130E+02
0000193   6.3352E+05  5.7880E+04  4.2433E+04
0000194   6.4841E+05 -3.1938E+04  4.2194E+04
0000195   6.6420E+05 -2.0824E+04 -2.8081E+04
0000196   6.4267E+05 -6.9113E+04  1.2919E+05
0000197   6.4250E+05 -1.0011E+04 -9.3340E+03
0000198   6.4828E+05 -3.2887E+03  6.0807E+03
0000199   6.3652E+05 -1.9053E+04  3.9002E+04
0000200   6.6582E+05 -1.1160E+02 -1.7982E+04
0000201   6.5788E+05  1.1933E+04  5.2404E+03
0000202   6.7202E+05 -1.2134E+04 -3.4321E+04
0000203   6.5458E+05 -5.1145E+03 -1.6535E+04
0000204   6.6016E+05  5.2641E+03  1.9904E+04
0000205   6.5610E+05 -1.6113E+04  8.0655E+03
0000206   6.4425E+05 -5.7835E+04  4.3512E+04
0000207   6.5361E+05 -4.2071E+04  2.1080E+04
0000208   6.4826E+05 -1.8190E+04 -1.1066E+04
0000209   6.6235E+05  1.6868E+04 -3.9689E+04
0000210   6.4736E+05  1.9604E+04 -1.9668E+04
0000211   6.3613E+05 -5.9410E+04  2.5026E+04
0000212   6.4692E+05  2.9481E+03 -6.5220E+03
0000213   6.4054E+05  3.9643E+04  2.5838E+03
0000214   6.3782E+05  3.3168E+03 -1.6820E+04
0000215   6.4575E+05  1.9869E+04  8.1780E+03
0000216   6.3435E+05  3.1891E+03  1.8366E+04
0000217   6.6032E+05  1.3038E+04  2.5717E+04
0000218   6.6422E+05  2.2925E+04  9.3372E+03
0000219   6.5393E+05 -2.3819E+04 -5.0061E+03
0000220   6.6529E+05 -1.0296E+04 -4.7093E+03
0000221   6.5980E+05  3.4365E+04  8.7361E+03
0000222   6.5865E+05  1.1361E+04  1.2577E+04
0000223   6.5031E+05 -2.6758E+04  3.9790E+04
0000224   6.5255E+05 -3.2056E+04 -8.4777E+03
0000225   6.5194E+05  1.5398E+04  3.4127E+03
0000226   6.4461E+05  2.0436E+04  1.9350E+04
0000227   6.4030E+05  9.2097E+03 -5.5037E+03
0000228   6.7405E+05 -2.0042E+03  5.9206E+03
0000229   6.4175E+05  4.1139E+04 -1.3740E+04
0000230   6.3234E+05 -1.7992E+04  2.3794E+04
0000231   6.4095E+05  3.1206E+04 -2.1330E+04
0000232   6.5249E+05 -3.6308E+04  4.2822E+03
0000233   6.4246E+05  2.4447E+04  6.5205E+04
0000234   6.5403E+05  4.9872E+04  1.8873E+04
0000235   6.6930E+05  4.6960E+03 -7.8518E+02
0000236   6.4232E+05  9.8037E+03  2.6602E+04
0000237   6.3113E+05  4.2513E+04 -3.7535E+04
0000238   6.4660E+05  1.7834E+04 -8.7120E+04
0000239   6.5472E+05  1.0152E+04 -1.4158E+04
0000240   6.5777E+05  1.9558E+04  1.9247E+03
0000241   5.8378E+05  1.6629E+04  2.1540E+05
0000242   6.5066E+05 -4.3210E+03 -1.2464E+04
0000243   6.6535E+05  4.0134E+04 -4.2827E+03
0000244   6.4678E+05  1.8074E+04  2.4959E+04
0000245   6.7019E+05 -2.5738E+04 -3.6532E+04
0000246   6.5193E+05 -5.5932E+03  9.4773E+03
0000247   6.5223E+05 -4.0316E+04 -3.5873E+04
0000248   6.4435E+05 -6.7351E+04  4.6890E+03
0000249   6.4848E+05 -9.8992E+03  1.1973E+03
0000250   6.5224E+05 -2.0974E+04  8.6390E+03
0000251   6.4575E+05  1.2715E+04  1.3956E+04
0000252   6.4573E+05  2.1750E+04  8.4528E+02
0000253   6.3007E+05  3.9109E+04  5.6075E+04
0000254   6.0549E+05 -1.0459E+05  1.1641E+05
0000255   6.3549E+05  3.8434E+02  4.7081E+04
0000256   6.7312E+05 -3.9954E+04 -2.3987E+04
0000257   6.3143E+05 -3.9203E+04 -1.4986E+04
0000258   6.6243E+05 -2.5019E+04 -4.6692E+04
0000259   6.6743E+05  1.0525E+04  1.1693E+04
0000260   6.5800E+05 -4.2392E+03 -1.2873E+04
0000261   6.6412E+05  1.4921E+03  2.2087E+04
0000262   6.4894E+05  6.1572E+04 -1.5635E+03
0000263   6.5675E+05 -4.5678E+04  1.3176E+04
0000264   6.4408E+05  2.6637E+04  2.2406E+04
0000265   6.4215E+05  2.6096E+04 -1.6379E+04
0000266   6.6043E+05  3.2442E+04  3.2286E+04
0000267   6.5806E+05 -8.1215E+03  9.0004E+02
0000268   6.4298E+05 -3.9010E+04  1.6581E+04
0000269   6.5472E+05 -1.8244E+04  1.7788E+04
0000270   6.5352E+05  2.4541E+04  4.6914E+04
0000271   6.4797E+05 -3.6395E+04  2.4711E+04
0000272   6.6043E+05 -4.4739E+03  1.0654E+04
0000273   6.4285E+05  2.0952E+04 -1.3494E+03
0000274   6.7060E+05 -1.4792E+04 -1.9193E+04
0000275   6.4670E+05 -1.1455E+04 -1.7822E+04
0000276   6.3895E+05  6.5268E+04  1.4902E+05
0000277   6.6607E+05 -1.4761E+04 -1.1546E+04
0000278   6.5221E+05 -6.2968E+02  1.3838E+04
0000279   6.4301E+05  6.9567E+04  1.3701E+04
0000280   6.4563E+05 -2.8417E+04  1.2870E+04
0000281   6.3621E+05  2.4304E+04  2.9716E+04
0000282   6.2235E+05  2.5708E+03  3.2245E+04
0000283   6.5958E+05 -7.8719E+03 -7.0713E+04
0000284   6.6326E+05 -2.2273E+04  3.7596E+04
0000285   6.3760E+05 -3.1218E+04  2.0314E+04
0000286   6.4315E+05  9.3040E+03 -1.6902E+04
0000287   6.4808E+05  1.5717E+04  1.6081E+04
0000288   6.4064E+05 -4.1846E+04 -4.6442E+04
0000289   6.4967E+05 -1.3562E+04 -4.3757E+03
0000290   6.4411E+05  1.2085E+04 -8.5432E+03
0000291   6.4229E+05  1.3832E+04 -1.4702E+04
0000292   6.6228E+05 -2.0300E+04 -2.1983E+04
0000293   6.4488E+05  5.2617E+03 -2.8578E+04
0000294   6.6828E+05  2.8797E+04  5.4081E+03
0000295   6.3598E+05  1.3454E+04 -2.8837E+04
0000296   6.8349E+05 -3.2926E+03  3.5371E+03
0000297   6.5505E+05  1.0099E+04  2.2247E+03
0000298   6.4509E+05  1.5675E+04 -2.6626E+04
0000299   6.6628E+05  2.3105E+04 -2.2445E+04
0000300   6.5048E+05 -1.8389E+04 -4.5662E+04
0000301   6.5565E+05 -1.8164E+03 -1.9466E+04
0000302   6.4198E+05 -2.3521E+04 -2.1443E+03
0000303   6.5021E+05 -6.3435E+03 -5.6798E+04
0000304   6.4510E+05  2.9807E+03 -5.5414E+03
0000305   6.5013E+05  3.2418E+04  5.0872E+04
0000306   6.5471E+05  2.0853E+04  1.5088E+04
0000307   6.4541E+05 -9.1911E+03  4.1254E+03
0000308   6.2716E+05 -2.0233E+04  4.1880E+04
0000309   6.3522E+05 -4.3157E+04  1.8854E+04
0000310   6.3596E+05 -1.0844E+04 -1.9360E+04
0000311   6.5553E+05 -3.2560E+03 -2.0792E+04
0000312   6.7276E+05 -5.4442E+03 -6.6610E+03
0000313   6.4416E+05  7.6010E+02 -5.3814E+03
0000314   6.5678E+05 -3.3003E+03  3.8988E+04
0000315   6.3907E+05  4.6342E+04  4.8393E+04
0000316   6.2612E+05  1.5654E+04 -4.4672E+04
0000317   6.6216E+05 -6.0930E+03 -1.7194E+04
0000318   6.4058E+05  1.2310E+04  1.2949E+04
0000319   6.4144E+05 -6.6300E+03 -2.5286E+04
0000320   6.6259E+05 -4.7183E+03 -1.0330E+04
0000321   6.4486E+05 -1.6005E+04 -1.2952E+04
0000322   6.4289E+05 -1.1832E+03 -9.4339E+03
0000323   6.3721E+05 -2.1574E+04 -3.6487E+04
0000324   6.5321E+05 -6.1101E+03  8.9126E+03
0000325   6.4276E+05  5.9249E+04 -4.4139E+04
0000326   6.4577E+05 -2.1955E+04 -2.8612E+04
0000327   6.5264E+05 -2.4883E+04 -1.6767E+04
0000328   6.5721E+05 -2.4888E+04  5.6525E+03
0000329   6.4748E+05  6.9095E+03  1.0575E+04
0000330   6.4425E+05 -4.8264E+04  6.6612E+03
0000331   6.4977E+05 -3.1338E+04 -1.4036E+04
0000332   6.5226E+05  3.8641E+04  1.5824E+04
0000333   6.4081E+05  4.2983E+04 -1.0879E+04
0000334   6.5440E+05 -8.3355E+03  7.2207E+03
0000335   6.3834E+05 -5.1839E+03  1.0157E+04
0000336   6.5131E+05  5.9769E+03 -7.1582E+03
0000337   6.3102E+05  4.1250E+04  3.9227E+03
0000338   6.5542E+05 -2.1720E+04 -3.5162E+04
0000339   6.5636E+05 -1.4343E+04  3.1895E+04
0000340   6.4052E+05 -1.6029E+04 -1.4616E+04
0000341   6.5162E+05 -1.9065E+04  5.0884E+03
0000342   6.4352E+05  3.7392E+03  1.2504E+03
0000343   6.4590E+05 -4.2503E+03 -6.4514E+04
0000344   6.3804E+05 -2.5587E+04  1.2994E+04
0000345   6.4662E+05  6.7497E+03  9.0180E+03
0000346   6.4399E+05  3.3158E+03 -6.9609E+03
0000347   6.4905E+05  3.6002E+04 -2.6122E+03
0000348   6.5483E+05 -9.8351E+03  1.6682E+04
0000349   6.6142E+05  1.9316E+04  3.9429E+04
0000350   6.5409E+05 -3.7971E+04  4.8399E+04
0000351   6.5870E+05 -2.0731E+02 -1.0832E+04
0000352   6.3760E+05  2.1161E+04 -3.8268E+04
0000353   6.7358E+05 -1.6143E+04  9.9122E+03
0000354   6.6297E+05 -5.0545E+04 -3.3277E+04
0000355   6.7683E+05  8.2961E+03 -6.2700E+03
0000356   6.7315E+05  9.9342E+03  2.7635E+04
0000357   6.5791E+05 -9.0977E+03  4.6412E+03
0000358   6.5998E+05 -7.2348E+03  1.7410E+04
0000359   6.4864E+05  2.5224E+04 -2.7591E+04
0000360   6.6218E+05 -5.4364E+04 -2.7601E+04
0000361   6.3661E+05  1.1560E+04 -3.1027E+03
0000362   6.3345E+05 -4.9711E+03 -2.4251E+04
0000363   6.5270E+05 -5.9875E+04 -2.8080E+04
0000364   6.7052E+05 -8.0626E+03  1.5489E+04
0000365   6.3473E+05  2.2668E+04 -3.7982E+04
0000366   6.3584E+05  1.1388E+04  1.3737E+03
0000367   6.2987E+05  1.6131E+04  1.9543E+04
0000368   6.5447E+05  1.7183E+04 -8.0422E+03
0000369   6.5428E+05 -4.8527E+04 -2.2507E+04
0000370   6.5019E+05 -7.2500E+03  3.1706E+04
0000371   6.6062E+05 -3.5749E+04 -2.1751E+03
0000372   6.4445E+05  4.0675E+04 -4.4006E+04
0000373   6.7310E+05 -3.0474E+04  1.1897E+03
0000374   6.6770E+05  1.3061E+04  6.0829E+03
0000375   6.4917E+05 -2.2504E+04  4.3388E+03
0000376   6.6570E+05 -1.7612E+04  6.7084E+03
0000377   6.5172E+05 -2.1472E+04 -3.2938E+02
0000378   6.3307E+05  2.3826E+04  3.0736E+03
0000379   6.4982E+05  8.4343E+03  1.2675E+04
0000380   6.4453E+05  1.7657E+04  2.5007E+04
0000381   6.4391E+05  7.2037E+03  3.5490E+04
0000382   6.6467E+05  5.4814E+03 -5.8423E+02
0000383   6.5741E+05 -2.1539E+04 -8.4913E+03
0000384   6.4726E+05 -3.5458E+03  6.7779E+03
0000385   6.3655E+05 -2.4699E+04 -9.1091E+04
0000386   6.3590E+05 -3.1373E+04  1.1300E+04
0000387   6.5693E+05 -2.6590E+04  2.4434E+04
0000388   6.3146E+05 -2.6977E+04 -2.1767E+04
0000389   6.3129E+05  2.3073E+04  7.2756E+04
0000390   6.4599E+05 -7.6953E+03 -1.8429E+03
0000391   6.4571E+05 -3.8531E+03  2.3050E+04
0000392   5.8007E+05 -7.4352E+04  1.7119E+04
0000393   6.4426E+05  7.7564E+02  1.0093E+04
0000394   6.6492E+05 -2.0559E+04 -1.7095E+03
0000395   6.6604E+05  4.5875E+04 -3.5989E+04
0000396   6.6065E+05 -1.1175E+04 -9.2577E+03
0000397   6.5107E+05 -1.6076E+04  1.9026E+04
0000398   6.5328E+05 -1.3859E+04  7.5494E+03
0000399   6.4496E+05  2.4969E+04 -1.6976E+04
0000400   6.5011E+05 -5.3146E+03  2.1014E+04
0000401   6.2660E+05 -4.7640E+04  1.6428E+04
0000402   6.5181E+05  9.5213E+03  5.2350E+03
0000403   6.4889E+05 -2.8303E+04 -2.2210E+04
0000404   6.4255E+05 -4.2582E+04 -2.2198E+04
0000405   6.4794E+05  6.0713E+03  1.3248E+04
0000406   6.5312E+05 -9.6277E+02 -3.1115E+04
0000407   6.3515E+05 -1.0829E+03  5.5339E+03
0000408   6.6464E+05  1.6826E+04  3.7787E+04
0000409   6.6236E+05  3.1865E+03 -1.2740E+04
0000410   6.3694E+05  3.0416E+04 -2.5171E+04
0000411   6.5560E+05 -2.9622E+04  3.0724E+04
0000412   6.4835E+05 -1.6263E+04 -1.4386E+04
0000413   6.5002E+05  5.5284E+03 -5.9755E+04
0000414   6.6097E+05  8.5940E+03 -1.3631E+04
0000415   6.5302E+05 -1.6404E+04  9.8567E+02
0000416   6.6033E+05  8.1792E+03  2.2028E+04
0000417   6.4217E+05 -3.9290E+04  5.4618E+03
0000418   6.4460E+05 -1.0989E+04 -7.1671E+04
0000419   6.7817E+05 -1.3086E+03 -8.3861E+03
0000420   6.5130E+05 -1.0927E+04  5.6495E+03
0000421   6.6526E+05 -8.0479E+03 -2.1028E+04
0000422   6.6265E+05 -1.8408E+04  6.6984E+03
0000423   6.3872E+05 -6.3585E+04 -3.9903E+04
0000424   6.3721E+05  6.3901E+03 -2.2965E+04
0000425   6.6688E+05  2.2478E+03 -2.2623E+03
0000426   6.3725E+05  3.5503E+04  2.3882E+04
0000427   6.2653E+05  5.4195E+04 -2.9552E+04
0000428   6.4838E+05 -9.7441E+03 -1.0984E+04
0000429   6.4754E+05  1.1137E+04  7.4342E+03
0000430   6.3383E+05  8.8830E+04 -3.5508E+04
0000431   6.4499E+05  5.2065E+04  4.3648E+04
0000432   6.5257E+05 -8.1002E+02  2.6933E+04
0000433   6.5303E+05 -1.1344E+04 -4.7070E+03
0000434   6.5288E+05 -1.3270E+04  1.2898E+04
0000435   6.4774E+05 -4.8762E+02  8.6522E+02
0000436   6.6866E+05 -7.5642E+02 -3.7864E+03
0000437   6.4720E+05  3.5246E+04  1.3432E+04
0000438   6.5494E+05 -1.1039E+04  7.9130E+03
0000439   6.4808E+05  3.1370E+04 -1.1839E+04
0000440   6.2882E+05 -2.6824E+03 -2.4330E+04
0000441   6.5100E+05  7.3063E+03 -2.8707E+04
0000442   6.4838E+05  2.8431E+04 -3.9870E+04
0000443   6.6766E+05 -8.9223E+03  3.2396E+04
0000444   6.4619E+05 -2.0816E+04  8.1248E+03
0000445   6.4117E+05 -1.9946E+04 -6.5128E+03
0000446   6.2866E+05  3.3448E+04  3.1906E+04
0000447   6.5619E+05 -1.1010E+04 -3.7863E+04
0000448   6.5370E+05  5.2444E+04  5.1474E+03
0000449   6.4940E+05 -1.3636E+04 -1.7146E+04
0000450   6.4525E+05 -5.9052E+03  3.2417E+04
0000451   6.3948E+05  5.6645E+03  1.1490E+04
0000452   6.4218E+05 -1.7472E+04 -1.2080E+04
0000453   6.5172E+05 -5.3281E+03  2.6641E+04
0000454   6.3960E+05  2.7562E+03  1.4487E+03
0000455   6.3541E+05  1.5255E+04  4.4442E+02
0000456   6.5929E+05 -3.1501E+03  2.1536E+04
0000457   6.7145E+05  1.0990E+04 -3.5219E+04
0000458   6.6104E+05 -5.3779E+04  2.4617E+04
0000459   6.4956E+05  2.7545E+03 -5.3605E+04
0000460   6.4516E+05  4.7888E+03 -1.1946E+03
0000461   6.5177E+05  3.0329E+04  5.0023E+03
0000462   6.3664E+05 -2.4756E+04  2.7774E+04
0000463   6.4933E+05 -1.7700E+04 -3.6526E+04
0000464   6.4950E+05 -2.0688E+04  1.4221E+03
0000465   6.4246E+05  1.2388E+04 -3.9656E+04
0000466   6.4863E+05  3.6841E+03 -7.8035E+03
0000467   6.2966E+05  3.8146E+03  3.0027E+04
0000468   6.5958E+05 -4.8260E+04 -5.3051E+04
0000469   6.4700E+05 -8.6176E+03 -1.6009E+04
0000470   6.5266E+05  4.6619E+04  8.6329E+03
0000471   6.5818E+05 -2.6527E+04  3.1254E+04
0000472   6.4911E+05  6.2963E+03 -1.4362E+04
0000473   6.5909E+05 -7.7474E+03 -4.0120E+04
0000474   6.2881E+05 -1.8803E+04 -7.4781E+03
0000475   6.5409E+05 -1.0541E+04  4.0365E+03
0000476   6.4982E+05 -1.5274E+04  2.0386E+04
0000477   6.4136E+05 -2.8684E+04  2.4918E+04
0000478   6.4423E+05  2.5632E+04  1.0483E+03
0000479   6.5011E+05 -1.1459E+04  2.4399E+04
0000480   6.5994E+05  1.0572E+04  4.5558E+04
0000481   6.8014E+05 -4.5709E+03  2.6412E+03
0000482   6.5757E+05 -1.0177E+04 -2.3678E+04
0000483   6.6604E+05  1.7376E+04 -6.3939E+04
0000484   6.5534E+05  2.1903E+04 -1.4583E+04
0000485   6.4657E+05 -1.4539E+04  1.6530E+04
0000486   6.3366E+05  1.1412E+04 -2.0358E+04
0000487   6.5640E+05  2.9298E+04  2.2538E+04
0000488   6.5287E+05 -2.2231E+04  1.4475E+04
0000489   6.4625E+05 -3.9271E+04 -2.3008E+04
0000490   6.3461E+05 -5.4455E+04  3.6979E+04
0000491   6.5967E+05 -5.4005E+04 -1.7622E+03
0000492   6.5153E+05  3.9259E+04 -6.5531E+02
0000493   6.5561E+05  1.4346E+04  2.9683E+04
0000494   6.4607E+05  2.0947E+04 -2.7585E+04
0000495   6.4409E+05 -4.4793E+03 -7.5963E+03
0000496   6.4883E+05  3.1289E+03 -1.5297E+03
0000497   6.4763E+05  2.7025E+04 -1.9808E+04
0000498   6.5172E+05  1.4669E+04 -2.5261E+04
0000499   6.4075E+05 -1.5805E+04  1.5523E+04
0000500   6.7045E+05  3.4536E+04 -3.2917E+03
0000501   6.7328E+05 -2.1800E+04  5.2870E+03
0000502   6.4369E+05  2.4814E+04 -1.6745E+04
0000503   6.4898E+05 -2.3256E+03  6.9733E+03
0000504   6.5651E+05  4.2313E+03 -3.2365E+04
0000505   6.5277E+05  5.8952E+03  8.3232E+03
0000506   6.4174E+05  3.4675E+03  8.6157E+02
0000507   6.6916E+05 -6.2936E+03 -1.1811E+04
0000508   6.5690E+05 -1.7675E+04  2.5407E+04
0000509   6.5520E+05  1.9142E+04  8.2831E+04
0000510   6.5559E+05 -2.2945E+03 -1.6306E+04
0000511   6.4943E+05  1.1464E+03 -1.4485E+04
0000512   6.4701E+05  1.4430E+03 -2.4076E+04
0000513   6.6251E+05  1.4772E+04  1.4538E+04
0000514   6.3784E+05 -3.5342E+04  1.8263E+04
0000515   6.5106E+05  1.8356E+04 -2.0462E+04
0000516   6.5398E+05  1.1750E+03 -4.8814E+03
0000517   5.0496E+05  2.4819E+05  2.4794E+05
0000518   6.4954E+05 -1.7353E+04 -3.3052E+04
0000519   6.4250E+05 -2.0898E+04  4.9621E+03
0000520   6.4009E+05  1.5323E+04  1.0112E+04
0000521   6.2609E+05 -2.7571E+04 -2.6359E+04
0000522   6.3441E+05 -3.4526E+03 -1.8336E+04
0000523   6.6301E+05  1.9674E+04  5.3500E+03
0000524   6.4824E+05  1.8012E+03 -3.9687E+03
0000525   6.5043E+05 -1.5230E+04  2.1934E+04
0000526   6.4365E+05  2.9222E+03 -2.6929E+04
0000527   6.3218E+05  3.7266E+04 -2.3735E+03
0000528   6.4553E+05  6.2426E+03 -2.4734E+03
0000529   6.4328E+05 -7.0386E+04  3.0615E+04
0000530   6.6445E+05  1.3524E+04  5.3291E+03
0000531   6.5127E+05  8.1560E+03 -7.4227E+03
0000532   6.6335E+05 -6.6766E+03  2.4468E+03
0000533   6.3744E+05 -9.5379E+02 -2.2881E+04
0000534   6.4063E+05 -1.1966E+04  2.7194E+04
0000535   6.5130E+05  3.2168E+04 -1.0503E+04
0000536   6.4774E+05 -3.9084E+04 -5.3216E+03
0000537   6.3584E+05  1.7629E+03  3.8779E+04
0000538   6.6511E+05 -7.0597E+04 -3.8200E+03
0000539   6.4109E+05 -7.8086E+03  3.5380E+04
0000540   6.3417E+05 -2.2498E+03  1.1967E+04
0000541   6.4760E+05  1.1721E+04  1.4345E+04
0000542   6.5588E+05  1.6590E+04  5.1247E+03
0000543   6.5019E+05  1.3964E+04  6.5521E+03
0000544   6.5288E+05 -9.4393E+03  7.4317E+02
0000545   6.4140E+05 -5.5511E+03  1.5768E+04
0000546   6.4115E+05  7.0563E+04  2.8834E+04
0000547   6.3600E+05 -1.1381E+04  1.5427E+03
0000548   6.6150E+05 -1.9836E+03 -9.1812E+03
0000549   6.4970E+05  3.4752E+04  1.9379E+04
0000550   6.4898E+05 -2.9895E+03  1.0313E+04
0000551   6.2014E+05 -2.3150E+04 -8.1326E+03
0000552   6.4222E+05 -1.1798E+04  2.2497E+04
0000553   6.4917E+05  2.5985E+03  3.2339E+03
0000554   6.2280E+05 -1.3336E+05 -2.7849E+04
0000555   6.4278E+05 -1.9206E+04  2.9741E+03
0000556   6.4877E+05  1.0717E+04  5.0851E+04
0000557   6.4416E+05 -1.2083E+04  1.5392E+04
0000558   6.4944E+05 -1.7174E+04 -5.4376E+04
0000559   6.4585E+05  7.1116E+02 -9.3668E+03
0000560   6.6706E+05  1.5811E+04  1.0686E+04
0000561   6.4896E+05  2.2700E+04  3.9053E+04
0000562   6.3409E+05  4.7956E+04  8.4275E+03
0000563   6.5376E+05  1.1939E+04 -4.2753E+02
0000564   6.3619E+05 -6.7000E+03 -1.6263E+04
0000565   6.4176E+05  2.1914E+04 -6.4744E+04
0000566   6.5029E+05  1.8337E+04 -3.3747E+03
0000567   6.6260E+05  1.9407E+04 -4.4013E+02
0000568   6.3232E+05 -2.9481E+04  1.2918E+04
0000569   6.2042E+05  1.3619E+05 -5.0846E+04
0000570   6.4580E+05  8.7406E+03  3.8591E+04
0000571   6.4747E+05  4.0075E+04  6.0366E+03
0000572   6.6020E+05  3.4351E+03  2.2401E+04
0000573   6.3815E+05  9.3347E+03  5.1638E+04
0000574   6.4789E+05 -8.8142E+03 -3.6483E+04
0000575   6.5721E+05 -1.2606E+04 -2.1343E+04
0000576   6.3531E+05  4.7742E+03  1.1509E+03
0000577   6.7702E+05  3.7666E+04 -2.0952E+04
0000578   6.4446E+05  1.4287E+04 -2.5260E+02
0000579   6.5102E+05  1.0369E+04  1.0201E+02
0000580   6.5005E+05 -1.7455E+04 -2.0575E+03
0000581   6.3842E+05 -2.2833E+04 -4.8626E+04
0000582   6.3908E+05  1.7097E+04  2.2884E+04
0000583   6.4767E+05 -3.0312E+03 -2.9817E+04
0000584   6.4567E+05 -2.6605E+04 -3.7973E+04
0000585   6.4681E+05  1.3515E+04  2.1840E+04
0000586   6.4867E+05 -6.2584E+04  1.2948E+04
0000587   6.4418E+05  2.7362E+04  5.2703E+04
0000588   6.6711E+05  1.6062E+04 -2.7892E+04
0000589   6.5000E+05  1.0010E+04 -5.0361E+03
0000590   6.2449E+05  1.3271E+05  4.7709E+03
0000591   6.6181E+05 -1.6020E+04  2.0286E+04
0000592   6.6492E+05 -1.0631E+04  1.5467E+04
0000593   6.4632E+05 -2.0091E+04  8.0486E+03
0000594   6.5194E+05  1.1040E+04 -8.1101E+04
0000595   6.4515E+05  3.2102E+04 -4.9221E+03
0000596   6.3993E+05 -2.5303E+04 -2.7234E+04
0000597   6.3665E+05 -4.6460E+03 -3.2415E+04
0000598   6.3880E+05 -6.9674E+04  6.9024E+04
0000599   6.3821E+05 -1.5256E+03  6.5548E+04
0000600   6.4507E+05  2.3784E+04 -5.6935E+03
0000601   6.4794E+05  2.3647E+04 -1.2978E+04
0000602   6.5566E+05 -2.8648E+03 -1.1050E+04
0000603   6.6127E+05 -1.6822E+04  3.6175E+03
0000604   6.4780E+05  1.8886E+03  3.8086E+03
0000605   6.5516E+05  1.5410E+04 -1.2010E+04
0000606   6.5099E+05 -1.1907E+03 -1.1562E+04
0000607   6.7559E+05 -1.2939E+03 -3.0187E+04
0000608   6.6575E+05  2.8897E+04  7.3512E+03
0000609   6.3853E+05  1.9997E+04 -4.2510E+04
0000610   6.4437E+05 -1.7755E+03 -2.5089E+04
0000611   6.2863E+05 -3.2678E+04 -3.7058E+04
0000612   6.4310E+05  6.4019E+02 -2.5343E+04
0000613   6.4511E+05 -1.2016E+04  4.2535E+04
0000614   6.6134E+05 -1.7216E+04 -4.6602E+04
0000615   6.3892E+05  2.6445E+04  1.0312E+04
0000616   6.3100E+05 -2.2170E+04 -2.6691E+04
0000617   6.4207E+05 -1.7745E+03 -3.1216E+04
0000618   6.4622E+05 -2.2828E+04  5.8065E+04
0000619   6.5065E+05  3.9475E+03  1.6479E+04
0000620   6.3510E+05 -1.4817E+04  4.2928E+03
0000621   6.6505E+05 -6.5663E+03 -2.1128E+04
0000622   6.3456E+05  1.5341E+04 -5.5239E+03
0000623   6.5623E+05 -1.9908E+04  3.9279E+04
0000624   6.5976E+05  2.4200E+04 -5.0477E+03
0000625   6.3295E+05  1.5266E+04 -2.9869E+04
0000626   6.3171E+05  1.2679E+04 -2.1694E+04
0000627   6.3046E+05 -5.7677E+04 -4.0755E+04
0000628   6.5472E+05  2.2687E+04  3.9135E+04
0000629   6.6472E+05 -1.8266E+04  5.5277E+02
0000630   6.3902E+05  6.2148E+03 -4.2964E+04
0000631   6.3748E+05  2.4626E+03  2.6055E+04
0000632   6.6840E+05  5.4145E+03  2.1817E+04
0000633   6.4798E+05  6.2397E+04  4.9328E+04
0000634   6.6312E+05 -2.4251E+03 -3.7515E+03
0000635   6.5350E+05 -2.0552E+04 -1.3769E+04
0000636   6.6841E+05 -1.6942E+04 -1.3319E+04
0000637   6.4624E+05  5.3133E+04  2.1199E+04
0000638   6.5323E+05 -2.0925E+03 -1.6446E+03
0000639   6.5121E+05  9.5101E+03  2.4443E+04
0000640   6.4883E+05 -9.7110E+03  1.0864E+04
0000641   6.6642E+05 -1.1701E+04 -5.7310E+03
0000642   6.6147E+05 -1.0658E+03  2.1902E+03
0000643   6.4992E+05  8.5608E+03 -1.1657E+04
0000644   6.3877E+05 -1.8947E+04 -9.6343E+03
0000645   6.4319E+05  4.2346E+04  1.3606E+04
0000646   6.3942E+05  1.4872E+04  7.6632E+03
0000647   6.5223E+05 -1.1443E+04  8.6543E+03
0000648   6.4046E+05 -1.3131E+04 -1.5411E+04
0000649   6.4512E+05 -6.4085E+03  6.5410E+03
0000650   6.3461E+05  5.1196E+03 -2.5531E+04
0000651   6.5094E+05 -2.2525E+04 -3.4926E+04
0000652   6.5937E+05  1.4285E+03 -6.7206E+03
0000653   6.2925E+05  5.6446E+03 -3.5989E+03
0000654   6.4740E+05 -3.4135E+03  2.2245E+04
0000655   6.3932E+05  2.4690E+03  2.6666E+04
0000656   6.4679E+05 -9.1219E+03 -2.2327E+04
0000657   6.3680E+05 -3.1193E+04 -2.0115E+04
0000658   6.4164E+05  1.8463E+04 -1.9407E+04
0000659   6.4079E+05 -2.4219E+04  1.8348E+04
0000660   6.6679E+05 -6.0715E+03  1.1770E+04
0000661   6.6894E+05  5.3140E+03 -1.7863E+04
0000662   6.3665E+05 -3.7382E+03 -2.1320E+04
0000663   6.6161E+05 -2.8846E+04 -2.4001E+04
0000664   6.5971E+05 -2.1290E+04  2.1617E+04
0000665   6.5463E+05 -7.6318E+03  1.0106E+04
0000666   6.6153E+05 -8.0055E+03  9.3056E+03
0000667   6.4708E+05  9.3908E+03 -3.4301E+04
0000668   6.3883E+05  9.6572E+03  3.4077E+04
0000669   6.4859E+05 -3.6867E+03 -8.8450E+02
0000670   6.5035E+05 -7.1740E+03 -3.4080E+04
0000671   6.6142E+05 -3.0649E+03 -3.9910E+03
0000672   6.4230E+05  7.6887E+03 -3.8187E+04
0000673   6.5534E+05  5.3488E+04 -1.0155E+04
0000674   6.5283E+05 -8.9502E+02  2.9136E+04
0000675   6.4617E+05  1.5943E+04  5.3026E+03
0000676   6.4083E+05 -2.6571E+04 -1.5668E+04
0000677   6.4685E+05  9.7976E+03 -1.9035E+04
0000678   6.3103E+05  8.1752E+02  1.2641E+04
0000679   6.7277E+05 -4.2805E+03 -1.5192E+04
0000680   6.4928E+05 -1.0560E+04  1.3220E+04
0000681   6.4233E+05 -3.1774E+04 -1.1081E+04
0000682   6.5416E+05 -5.8016E+03  3.7804E+03
0000683   6.5812E+05 -9.9752E+03  1.4130E+04
0000684   6.4852E+05  7.2693E+03 -4.5458E+04
0000685   6.3517E+05 -1.3229E+04  6.2719E+04
0000686   6.6246E+05 -2.7408E+04 -5.0667E+03
0000687   6.3686E+05 -6.2458E+03  2.2712E+04
0000688   6.5882E+05 -6.0840E+03  1.6063E+04
0000689   6.4114E+05  1.2109E+04  2.5740E+03
0000690   6.5723E+05 -2.9129E+03 -6.1651E+03
0000691   6.6607E+05  1.9970E+04 -3.1188E+04
0000692   6.6744E+05 -3.5624E+04  4.5441E+04
0000693   6.5070E+05  2.3191E+04  2.4049E+04
0000694   6.6437E+05 -1.4456E+04 -1.5064E+04
0000695   6.6026E+05  3.8116E+04 -6.5434E+02
0000696   6.5570E+05  7.1881E+03 -2.4339E+03
0000697   6.4677E+05 -3.3175E+04  3.4301E+04
0000698   6.5347E+05  2.3890E+04  5.2647E+04
0000699   6.3599E+05 -3.2993E+04  5.0601E+04
0000700   6.5361E+05  2.1078E+04  1.4162E+04
0000701   6.6061E+05 -2.7542E+04 -7.6738E+03
0000702   6.4192E+05 -2.3093E+04 -4.0974E+04
0000703   6.5893E+05 -1.5752E+04  1.1269E+04
0000704   6.1665E+05 -4.4554E+04 -4.1897E+04
0000705   6.6206E+05  2.4737E+03 -5.9476E+02
0000706   6.5104E+05 -4.6664E+02 -1.6459E+04
0000707   6.6481E+05  2.1037E+04  4.2233E+04
0000708   6.4709E+05  4.9563E+04 -2.7515E+04
0000709   6.3278E+05  1.5959E+04 -2.6659E+04
0000710   6.5453E+05 -2.0657E+04  1.2997E+03
0000711   6.6884E+05  7.0417E+03 -1.4337E+04
0000712   6.6336E+05  3.8618E+03 -4.3880E+02
0000713   6.4313E+05  1.9539E+04 -4.7859E+04
0000714   6.6108E+05 -1.4592E+04 -2.4086E+04
0000715   6.6377E+05  6.3955E+03  2.6628E+04
0000716   6.5180E+05  1.0265E+04 -1.2798E+04
0000717   6.5165E+05 -1.4707E+04 -3.1081E+04
0000718   6.3801E+05  2.9162E+04 -7.4859E+02
0000719   6.4106E+05 -3.4791E+03 -4.8067E+04
0000720   6.5128E+05  4.5017E+03 -1.0083E+04
0000721   6.5435E+05  1.8537E+04 -3.2598E+04
0000722   6.5083E+05  4.2676E+03 -3.3864E+04
0000723   6.6319E+05 -2.2894E+04  1.5624E+04
0000724   6.6566E+05 -8.3788E+03  2.4494E+04
0000725   6.7176E+05 -3.8291E+04 -9.5427E+03
0000726   6.5492E+05  6.4688E+04  3.8635E+03
0000727   6.6082E+05 -1.7307E+04  2.2299E+04
0000728   6.4136E+05  1.6963E+03 -3.2175E+04
0000729   6.3925E+05  2.0738E+02 -2.9976E+04
0000730   6.4589E+05  1.1574E+04  2.0903E+04
0000731   6.4963E+05 -4.8791E+02  3.2896E+04
0000732   6.6114E+05 -2.1193E+04  1.6713E+04
0000733   6.3576E+05  2.4395E+02 -1.6622E+04
0000734   6.3859E+05  8.9767E+02  5.2927E+03
0000735   6.5208E+05 -5.5978E+03  1.7930E+04
0000736   6.4745E+05 -1.4164E+04 -5.6183E+04
0000737   6.3599E+05 -3.2201E+04 -3.7106E+04
0000738   6.4994E+05 -9.1510E+03 -2.2433E+04
0000739   6.6497E+05 -3.7448E+04  3.9810E+04
0000740   6.5095E+05  3.8576E+04  1.7838E+04
0000741   6.6934E+05 -3.5881E+04 -2.4464E+04
0000742   6.4889E+05 -1.3537E+03  2.6562E+04
0000743   6.3450E+05  1.7338E+04  1.3633E+04
0000744   6.5010E+05  6.3466E+03  2.4513E+04
0000745   6.5259E+05 -2.1932E+04 -7.1782E+03
0000746   6.4089E+05  8.3550E+03  2.1212E+04
0000747   6.6280E+05  6.5737E+03  1.9070E+03
0000748   6.4537E+05  2.7638E+04 -1.8248E+04
0000749   6.5383E+05 -5.1790E+04 -7.9859E+04
0000750   6.5377E+05  3.3099E+04  1.8802E+04
0000751   6.4434E+05 -6.5930E+04 -2.4550E+04
0000752   6.6227E+05 -3.5133E+04  4.1801E+04
0000753   6.4963E+05 -1.9537E+04  6.2311E+03
0000754   6.3247E+05 -2.7277E+04  1.0198E+04
0000755   6.5229E+05  2.9807E+04  6.0663E+04
0000756   6.3642E+05 -1.1059E+04 -1.9434E+04
0000757   6.5825E+05  1.3986E+04  3.1465E+04
0000758   6.4738E+05 -1.5898E+04 -3.3583E+04
0000759   6.4296E+05  7.0439E+03 -1.5707E+04
0000760   6.4159E+05 -2.1651E+04 -1.1800E+04
0000761   6.3745E+05  6.1373E+03 -1.7023E+04
0000762   6.3659E+05 -4.4183E+04 -1.6945E+04
0000763   6.5494E+05 -6.4867E+03  3.3639E+04
0000764   6.6654E+05 -2.2233E+04  2.6389E+04
0000765   6.3952E+05 -1.4843E+04  3.0996E+04
0000766   6.5112E+05  2.1097E+04  3.8614E+02
0000767   6.4251E+05  2.6636E+04 -2.3954E+04
0000768   6.3045E+05  2.4425E+04  5.7431E+04
0000769   6.2395E+05 -2.5622E+03 -8.0869E+02
0000770   6.6158E+05  6.1943E+04 -4.4721E+04
0000771   6.5807E+05 -8.1673E+03 -2.2010E+04
0000772   6.5466E+05  3.4758E+04  1.1350E+04
0000773   6.3782E+05  6.0138E+03  3.6822E+03
0000774   6.4258E+05 -9.0651E+03 -7.2111E+03
0000775   6.6829E+05  1.5514E+04  3.0746E+04
0000776   6.2123E+05 -1.1763E+04 -4.4372E+04
0000777   6.4030E+05  8.8402E+03  6.7179E+03
0000778   6.5229E+05  2.7605E+04 -1.7167E+04
0000779   6.4411E+05 -4.5001E+03 -7.7813E+03
0000780   6.5531E+05  2.3295E+04  1.2540E+04
0000781   6.4758E+05 -5.5141E+03 -1.5024E+04
0000782   6.6119E+05  2.5598E+04  2.0501E+04
0000783   6.3729E+05  3.6308E+04 -2.3923E+03
0000784   6.7172E+05 -2.6670E+03  2.6301E+03
0000785   6.2893E+05  6.9100E+04  5.8171E+04
0000786   6.5564E+05 -5.9778E+02 -7.1479E+03
0000787   6.5394E+05 -5.6042E+02 -5.9614E+03
0000788   6.5560E+05 -9.4114E+03  2.0659E+03
0000789   6.5539E+05 -2.8371E+04  2.6012E+04
0000790   6.4490E+05  4.1571E+04  5.4308E+04
0000791   6.4512E+05 -1.7528E+04 -3.3890E+04
0000792   6.6105E+05  7.5388E+03  2.7926E+04
0000793   6.4134E+05  1.7316E+04 -5.0710E+03
0000794   6.5276E+05  1.2075E+04  3.7616E+04
0000795   6.5363E+05 -1.4526E+04 -3.7359E+04
0000796   6.5106E+05 -5.2980E+04 -6.0778E+03
0000797   6.3602E+05  1.4273E+04  1.2092E+03
0000798   6.5019E+05  4.0537E+03 -2.2336E+04
0000799   6.5477E+05 -1.4008E+04  4.8776E+03
0000800   6.6749E+05  4.9113E+03  7.4401E+03
0000801   6.7568E+05 -3.2596E+04  2.6586E+03
0000802   6.6920E+05 -1.2595E+04  3.6311E+04
0000803   6.7017E+05 -1.2371E+04  2.6154E+04
0000804   6.5884E+05 -7.4051E+03 -4.4394E+03
0000805   6.2744E+05  2.3109E+04 -1.4499E+04
0000806   6.4706E+05 -6.8254E+03 -5.1503E+04
0000807   6.6082E+05  4.2884E+04 -1.1490E+04
0000808   6.6014E+05 -8.5162E+00 -1.3827E+04
0000809   6.5395E+05 -7.0363E+02  8.5912E+03
0000810   6.5466E+05 -2.1705E+04 -1.3207E+04
0000811   6.5432E+05 -2.4084E+04  1.7033E+03
0000812   6.5656E+05  5.9593E+03 -6.3060E+03
0000813   6.4801E+05  1.1390E+04 -4.8758E+04
0000814   6.5271E+05  1.3012E+04  1.5998E+04
0000815   6.4848E+05  1.6231E+03  7.3491E+03
0000816   6.5880E+05 -4.0012E+04 -3.1672E+04
0000817   6.5273E+05  1.8411E+04  4.2396E+04
0000818   6.4060E+05  9.2797E+02 -8.7102E+03
0000819   6.5631E+05 -2.0446E+04  6.0981E+03
0000820   6.4423E+05 -7.0706E+03  3.6340E+04
0000821   6.4087E+05  2.4278E+04 -3.3797E+03
0000822   6.5923E+05  3.5706E+04 -4.3298E+04
0000823   6.2283E+05 -2.7207E+03  4.5171E+04
0000824   6.5453E+05  7.6437E+03 -1.2085E+03
0000825   6.6717E+05  5.5388E+03 -2.2974E+04
0000826   6.4874E+05 -3.0772E+04  6.1769E+04
0000827   6.6213E+05 -2.1515E+04  5.8568E+03
0000828   6.4895E+05 -5.1270E+04 -6.5154E+03
0000829   6.6253E+05  8.9011E+03  1.1583E+04
0000830   6.6888E+05  1.6502E+04  2.9002E+04
0000831   6.5608E+05 -2.3195E+04  2.1894E+04
0000832   6.6489E+05 -1.0438E+04  5.1865E+04
0000833   6.6345E+05 -1.3940E+03 -7.7535E+02
0000834   6.4696E+05  2.8496E+04 -2.6658E+04
0000835   6.5214E+05  3.1077E+02  1.4805E+04
0000836   6.3842E+05 -3.0080E+04 -3.1912E+04
0000837   6.5066E+05  7.9116E+03  3.1856E+04
0000838   6.6944E+05 -2.6716E+04 -1.8992E+04
0000839   6.6365E+05 -4.7226E+03 -2.1332E+04
0000840   6.6008E+05 -8.5103E+03 -8.6061E+03
0000841   6.6313E+05  1.0968E+05 -1.9422E+03
0000842   6.6125E+05  5.1721E+03  1.0774E+04
0000843   6.4682E+05  3.6242E+04 -6.7338E+04
0000844   6.4515E+05 -6.6143E+03 -3.9539E+03
0000845   6.5529E+05 -3.2340E+04  1.0649E+04
0000846   6.6356E+05 -1.5595E+04  3.3425E+03
0000847   6.6000E+05 -1.1234E+03  1.3790E+04
0000848   6.4597E+05  8.0483E+03 -3.6496E+04
0000849   6.6056E+05 -2.3647E+04 -1.2925E+04
0000850   6.2208E+05  2.8006E+04  1.6241E+04
0000851   6.3743E+05  1.3459E+03  6.5759E+03
0000852   6.4206E+05 -4.7850E+04  4.0835E+04
0000853   6.4542E+05  3.7628E+03 -8.7025E+02
0000854   6.4832E+05  5.9077E+03 -7.1599E+03
0000855   6.6207E+05 -1.9519E+04  5.8936E+03
0000856   6.5505E+05  2.8292E+04 -5.3726E+04
0000857   6.5002E+05 -3.6630E+03  1.6670E+03
0000858   6.4927E+05 -3.4241E+04 -2.3260E+04
0000859   6.5219E+05  1.8849E+04 -5.1627E+04
0000860   6.4330E+05 -1.8960E+04 -6.9634E+04
0000861   6.5231E+05 -8.8191E+03 -9.8740E+03
0000862   6.5022E+05 -2.7422E+04  6.0799E+04
0000863   6.4357E+05 -1.9348E+04 -4.2205E+04
0000864   6.6663E+05  1.3842E+04 -1.7571E+04
0000865   6.5991E+05 -1.7224E+03 -1.8224E+03
0000866   6.5299E+05 -1.6861E+04 -4.5337E+04
0000867   6.3448E+05  3.6098E+02 -1.2735E+04
0000868   6.3926E+05  2.8209E+04 -3.0022E+04
0000869   6.5529E+05  1.4497E+04 -9.2192E+03
0000870   6.5567E+05 -1.1912E+04  3.5792E+03
0000871   6.4125E+05 -1.6995E+04 -1.2375E+04
0000872   6.6306E+05 -5.6688E+03 -1.0470E+04
0000873   6.3188E+05  2.7435E+04  1.5532E+04
0000874   6.6283E+05 -2.6862E+04 -6.6164E+03
0000875   6.4991E+05 -8.0371E+04 -4.4689E+03
0000876   6.4506E+05 -1.3342E+04  5.9739E+03
0000877   6.4362E+05 -8.8980E+03 -2.5721E+03
0000878   6.2906E+05 -2.1071E+03  4.3511E+03
0000879   6.5253E+05 -1.6719E+04  6.9374E+04
0000880   6.4667E+05 -1.1369E+04 -1.0110E+04
0000881   6.4950E+05  1.8534E+04 -1.7902E+04
0000882   6.5142E+05 -1.9901E+04  7.7671E+03
0000883   6.4897E+05 -1.9471E+04  1.8024E+04
0000884   6.4195E+05  4.8423E+04 -4.5210E+04
0000885   6.6144E+05 -6.3146E+03 -2.7038E+02
0000886   6.5423E+05 -1.8959E+03 -3.1023E+04
0000887   6.3596E+05  2.3745E+04 -1.1985E+04
0000888   6.4471E+05  3.5918E+03 -3.8071E+04
0000889   6.3638E+05  3.2043E+04 -4.3042E+01
0000890   6.3729E+05  4.9808E+04  1.2368E+04
0000891   6.5767E+05  5.3585E+02  1.5956E+04
0000892   6.5256E+05  2.1657E+04 -5.8140E+03
0000893   6.4674E+05  2.2033E+04 -1.6540E+04
0000894   6.5276E+05  6.6736E+03  9.1144E+03
0000895   6.3547E+05 -1.8472E+04 -1.8697E+04
0000896   6.6426E+05  3.5790E+04  2.5758E+04
0000897   6.6805E+05 -1.4854E+04  5.6459E+03
0000898   6.4162E+05  1.4034E+04 -2.2498E+04
0000899   6.6102E+05  1.1617E+04  4.8589E+02
0000900   6.4755E+05 -5.1143E+03 -1.4806E+04
0000901   6.4939E+05 -6.9340E+03 -6.3419E+04
0000902   6.4553E+05 -3.1376E+04 -5.0109E+04
0000903   6.4609E+05  8.8909E+03 -2.4712E+04
0000904   6.4121E+05 -1.3410E+04 -2.7149E+04
0000905   6.3028E+05 -5.7931E+04  7.0978E+03
0000906   6.4949E+05 -1.4571E+04  1.3021E+04
0000907   6.5365E+05 -1.1598E+04  3.0580E+04
0000908   6.6131E+05  6.3554E+03  3.6680E+04
0000909   6.6473E+05  1.2032E+04  6.0060E+03
0000910   6.5546E+05 -3.0079E+03 -2.0516E+04
0000911   6.5073E+05  3.5781E+04  3.2223E+04
0000912   6.5835E+05  2.0928E+04 -1.8468E+04
0000913   6.5938E+05 -3.2147E+04  1.4492E+04
0000914   6.4102E+05 -7.1575E+04  1.4566E+04
0000915   6.5163E+05  1.4755E+03 -2.5474E+04
0000916   6.2263E+05 -3.2266E+04  2.7468E+04
0000917   6.4121E+05 -1.5173E+04 -1.8590E+04
0000918   6.2929E+05  1.1077E+03  4.4163E+04
0000919   6.5537E+05 -1.8922E+04 -2.2682E+04
0000920   6.6523E+05  1.5799E+04  1.5439E+04
0000921   6.5030E+05  2.9878E+04 -5.5582E+04
0000922   6.5237E+05  3.6491E+04  2.0341E+04
0000923   6.4217E+05 -4.2823E+03 -7.8359E+04
0000924   6.5932E+05  4.5118E+03 -2.3475E+03
0000925   6.5294E+05  6.5385E+03  3.0592E+04
0000926   6.6055E+05  3.2752E+04  1.5994E+04
0000927   6.6675E+05 -3.6307E+04  1.4966E+04
0000928   6.2492E+05 -2.8176E+04 -7.4595E+03
0000929   6.6765E+05 -2.4588E+04 -1.3977E+04
0000930   6.5945E+05  1.5599E+04  1.1561E+04
0000931   6.4528E+05 -4.6619E+03 -3.2172E+04
0000932   6.5436E+05 -2.3430E+03 -1.3294E+04
0000933   6.4418E+05  1.1030E+04  2.5486E+04
0000934   6.5818E+05  2.1610E+04 -3.1866E+04
0000935   6.2231E+05 -9.7335E+03 -1.7663E+04
0000936   6.3860E+05  7.5264E+03 -1.2122E+04
0000937   6.4119E+05  2.7015E+04 -2.6511E+03
0000938   6.6307E+05  1.3508E+04  4.2926E+03
0000939   6.6297E+05 -1.6588E+04 -1.4001E+04
0000940   6.7248E+05 -5.5824E+03 -3.2173E+04
0000941   6.7537E+05 -2.6597E+04 -3.1939E+04
0000942   6.6452E+05 -8.8854E+03  6.3558E+03
0000943   6.5175E+05  7.0723E+04 -2.0481E+04
0000944   6.4329E+05  2.6831E+03 -1.0360E+04
0000945   6.4162E+05 -3.5028E+03  7.0793E+03
0000946   6.3269E+05 -5.7338E+03 -2.1551E+04
0000947   6.5982E+05 -4.8650E+03 -2.6437E+02
0000948   6.4610E+05 -3.1571E+04  2.1803E+02
0000949   6.6253E+05  3.7080E+04 -1.6266E+03
0000950   6.7526E+05 -2.9940E+03  3.3052E+04
0000951   6.4734E+05 -1.8035E+04  3.2080E+04
0000952   6.6842E+05 -3.5577E+03 -7.6964E+03
0000953   6.5604E+05 -1.5724E+04  3.1196E+03
0000954   6.4158E+05 -2.7386E+04  7.9340E+02
0000955   6.5860E+05  3.3562E+04 -3.5958E+03
0000956   6.4041E+05  8.3417E+03  2.5567E+03
0000957   6.6630E+05 -1.2187E+04  1.2252E+04
0000958   6.3845E+05 -3.0973E+04 -2.7046E+04
0000959   6.4122E+05  5.5980E+04 -1.7857E+04
0000960   6.5005E+05 -3.2898E+03  5.6145E+04
0000961   6.5320E+05  2.8298E+03  4.7968E+04
0000962   6.3511E+05  1.5373E+03 -3.0922E+04
0000963   6.6298E+05  2.3427E+04  2.3050E+04
0000964   6.4314E+05 -3.4856E+04  1.6332E+04
0000965   6.3657E+05 -2.1557E+04 -5.5039E+03
0000966   6.3746E+05  2.4485E+03 -6.3175E+03
0000967   6.5982E+05 -5.1410E+04  5.3032E+04
0000968   6.3510E+05  5.6823E+02 -3.8115E+03
0000969   6.6076E+05 -2.1832E+03 -3.6143E+03
0000970   6.2890E+05 -4.8766E+04  1.9912E+04
0000971   6.4962E+05  7.4476E+04 -1.4807E+04
0000972   6.5106E+05  2.1450E+04 -3.3959E+03
0000973   6.3894E+05 -1.6632E+04  1.1148E+04
0000974   6.5285E+05  2.4877E+04 -1.5574E+04
0000975   6.5453E+05 -2.1230E+04 -2.0852E+04
0000976   6.6064E+05  2.3832E+04  2.9544E+04
0000977   6.5367E+05  1.2042E+03 -1.2395E+04
0000978   6.5040E+05  3.3556E+04  3.1487E+04
0000979   6.5087E+05  6.0772E+03 -3.0590E+04
0000980   6.5223E+05 -3.9351E+04 -4.4354E+02
0000981   6.5347E+05 -2.5209E+04  2.3714E+04
0000982   6.6732E+05  3.7407E+03 -7.2696E+03
0000983   6.6193E+05 -3.2054E+04  1.0386E+04
0000984   6.3643E+05 -4.5163E+04  1.4550E+04
0000985   6.3346E+05  3.1943E+04  1.3831E+04
0000986   6.3329E+05  5.2855E+04 -5.4153E+04
0000987   6.6168E+05  1.8788E+04  8.8899E+02
0000988   6.4888E+05  2.3556E+04 -5.6743E+03
0000989   6.4684E+05  1.5419E+04  1.2842E+04
0000990   6.4259E+05 -4.9093E+04 -2.5350E+04
0000991   6.3566E+05 -2.2141E+04  3.6885E+03
0000992   6.5530E+05  7.9652E+03  1.3428E+04
0000993   6.6409E+05  1.4876E+04  1.6678E+04
0000994   6.4309E+05  1.5836E+04  9.8030E+03
0000995   6.5854E+05 -1.0685E+04  6.3491E+03
0000996   6.6192E+05  6.2988E+03  4.1241E+04
0000997   6.4539E+05  3.7149E+04  2.3336E+04
0000998   6.3974E+05  1.4822E+04  2.6299E+04
0000999   6.4073E+05 -3.7373E+04 -3.8266E+04
0001000   6.4882E+05  5.3140E+03  6.8044E+03
