============================== SRIM-2013.00 ==============================
==============================================================================
====== SRIM Outputs\RANGE_3D.txt : File of Final Ion Positions =====

Ion =  H (01)   Ion Mass= 001.0080
Energy  = 4400000.E-03 keV
Ion Angle to Surface = 00.0 degrees
==================== TARGET =======================
  Layer # 1 - Si_Top    
  Layer # 1 - Bottom Depth=300000.E+01 A
  Layer # 1 - Density =0002.3210 g/cm3
  Layer # 1 -  100 % of Si
икикикикикикикикикикикикикикикикикикикикикикикикикикикикикикикикикикикикикикикикикикикикикикикикикикикик
  Layer # 2 - Si_Bottom 
  Layer # 2 - Bottom Depth=600000.E+01 A
  Layer # 2 - Density =0002.3210 g/cm3
  Layer # 2 -  100 % of Si
икикикикикикикикикикикикикикикикикикикикикикикикикикикикикикикикикикикикикикикикикикикикикикикикикикикик
                                            
Ion       Depth  X   Lateral Y   Lateral Z  
Number    (Angstrom) (Angstrom)  (Angstrom) 
-------  ----------- ----------- -----------
0000001   1.7474E+06 -5.7442E+04 -5.7206E+03
0000002   1.8005E+06 -9.0727E+03  4.1681E+04
0000003   1.7724E+06 -8.2464E+04  1.2124E+04
0000004   1.7792E+06  9.1057E+04  2.9665E+04
0000005   1.7303E+06 -1.1816E+04  5.7738E+04
0000006   1.7924E+06  9.2242E+04  9.6591E+04
0000007   1.7284E+06  1.5665E+04 -3.5879E+04
0000008   1.7992E+06  2.1502E+04 -1.4216E+04
0000009   1.7437E+06  6.6881E+04 -2.6105E+04
0000010   1.7784E+06 -4.5874E+04  5.4315E+04
0000011   1.7536E+06  4.7515E+04  4.9076E+04
0000012   1.7896E+06 -4.7437E+03 -1.6757E+05
0000013   1.7663E+06 -2.2500E+04 -3.8390E+03
0000014   1.7484E+06  2.3630E+04 -6.5989E+04
0000015   1.7136E+06 -1.1420E+04 -6.1656E+04
0000016   1.7575E+06  7.9760E+04 -2.8761E+04
0000017   1.7615E+06  1.4858E+04  8.3140E+04
0000018   1.7405E+06 -3.0359E+04  2.3679E+04
0000019   1.7913E+06 -3.1790E+04 -4.6982E+04
0000020   1.7314E+06 -8.8653E+04 -4.1714E+04
0000021   1.7162E+06 -5.8751E+04 -1.0713E+05
0000022   1.7661E+06 -1.6780E+04  5.9181E+03
0000023   1.7818E+06  6.3564E+04  2.9539E+04
0000024   1.7305E+06 -1.7802E+05 -2.7146E+05
0000025   1.8322E+06 -6.2157E+03 -3.1024E+04
0000026   1.7488E+06 -1.5368E+05  3.3271E+04
0000027   1.7401E+06 -6.8113E+04  8.0880E+03
0000028   1.7593E+06  9.1405E+04 -6.2225E+04
0000029   1.5764E+06  6.6136E+05 -3.1666E+05
0000030   1.7754E+06 -2.3785E+03  5.1985E+04
0000031   1.7359E+06  6.6283E+04 -3.3250E+03
0000032   1.7741E+06  1.4442E+05  1.7244E+04
0000033   1.7132E+06 -2.5141E+04  3.7556E+03
0000034   1.7439E+06 -7.7421E+04 -6.8003E+04
0000035   1.7755E+06  9.6546E+04  7.4666E+03
0000036   1.7425E+06 -2.2138E+04 -1.0092E+05
0000037   1.8022E+06  1.7555E+04  2.7563E+04
0000038   1.7832E+06  4.4073E+04 -4.1955E+04
0000039   1.7626E+06  2.9602E+04  3.0527E+04
0000040   1.7660E+06 -6.6296E+04  1.4469E+05
0000041   1.7751E+06 -6.7629E+04 -1.5834E+03
0000042   1.7449E+06  1.5187E+04 -4.3303E+04
0000043   1.8106E+06  5.2480E+04 -1.7289E+04
0000044   1.7674E+06  8.6423E+04  6.8963E+04
0000045   1.7463E+06 -1.7140E+05 -4.6888E+04
0000046   1.7886E+06 -4.9547E+04 -6.0498E+04
0000047   1.7765E+06  8.4695E+04 -3.0951E+04
0000048   1.7555E+06 -4.2308E+04  7.6154E+04
0000049   1.7709E+06 -3.6135E+04 -1.0284E+05
0000050   1.7321E+06 -1.4406E+05  2.2071E+04
0000051   1.7647E+06 -1.8891E+04 -5.4731E+04
0000052   1.7872E+06 -2.5536E+04 -4.9481E+04
0000053   1.6465E+06 -6.2072E+03  3.1138E+05
0000054   1.7075E+06  6.2465E+04  8.1760E+04
0000055   1.7403E+06 -2.6380E+03 -1.0707E+04
0000056   1.7490E+06 -9.1595E+03 -6.3443E+04
0000057   1.7561E+06 -8.7642E+03  2.0984E+04
0000058   1.7816E+06 -5.4332E+04  1.9861E+04
0000059   1.7772E+06 -8.5156E+04 -5.1457E+04
0000060   1.8208E+06 -1.3921E+04  7.8600E+04
0000061   1.7302E+06  5.6915E+03  2.2780E+05
0000062   1.7592E+06  1.5507E+04  4.0043E+04
0000063   1.7436E+06  5.7608E+04  4.4859E+03
0000064   1.7967E+06 -9.1667E+03 -9.0840E+04
0000065   1.7351E+06  4.6433E+04  4.9700E+04
0000066   1.7433E+06 -1.5107E+04  4.9264E+04
0000067   1.7693E+06  1.0312E+04 -6.3677E+03
0000068   1.7601E+06  4.4832E+04 -8.2431E+04
0000069   1.8062E+06 -5.3190E+04 -5.8970E+04
0000070   1.8306E+06  3.3545E+04 -7.5384E+04
0000071   1.7875E+06  5.2531E+04  8.3221E+03
0000072   1.7340E+06  2.2621E+03 -3.0439E+04
0000073   1.7786E+06 -1.6268E+05  5.4802E+04
0000074   1.7920E+06 -2.8061E+04 -7.5941E+03
0000075   1.7817E+06  3.7677E+04 -4.9444E+04
0000076   1.7261E+06 -3.2117E+04 -1.8869E+04
0000077   1.7791E+06  8.2476E+04 -9.3222E+02
0000078   1.8044E+06 -5.2363E+04  2.8886E+04
0000079   1.7505E+06  8.8530E+04  6.4094E+03
0000080   1.7675E+06  9.9161E+04 -4.1835E+04
0000081   1.7502E+06 -1.2709E+04  1.1679E+05
0000082   1.7456E+06 -5.2256E+04  4.8429E+04
0000083   1.7462E+06 -6.5415E+04 -3.6909E+04
0000084   1.7618E+06 -2.5787E+04  1.4905E+04
0000085   1.7935E+06 -5.7294E+04  5.9838E+04
0000086   1.8277E+06 -7.5117E+03  7.0324E+04
0000087   1.7480E+06 -4.5200E+04  2.8903E+04
0000088   1.7754E+06 -1.1881E+05  4.3184E+04
0000089   1.7519E+06 -9.5333E+04 -6.9440E+04
0000090   1.7516E+06 -4.3383E+04  2.0494E+04
0000091   1.7715E+06  4.6596E+04  2.9091E+04
0000092   1.7627E+06 -8.3444E+04  6.0867E+03
0000093   1.7820E+06 -2.4743E+03 -1.1650E+05
0000094   1.8256E+06  2.5253E+03  6.2501E+04
0000095   1.7569E+06 -3.2826E+04 -7.2029E+04
0000096   1.7589E+06  7.0645E+04 -2.3145E+04
0000097   1.7770E+06 -4.2616E+04 -5.3915E+04
0000098   1.8092E+06 -3.0522E+04 -3.2072E+02
0000099   1.7886E+06 -1.5813E+04  3.7616E+04
0000100   1.7412E+06 -4.6008E+04 -9.1927E+04
0000101   1.7573E+06  3.3542E+04  2.0999E+04
0000102   1.7242E+06  1.8309E+04 -1.1650E+04
0000103   1.7719E+06  4.2662E+04 -1.1682E+04
0000104   1.7674E+06  1.9878E+04  4.9418E+04
0000105   1.7478E+06 -1.5901E+05 -5.4453E+04
0000106   1.7573E+06  1.0082E+05 -4.1026E+03
0000107   1.7629E+06 -1.0614E+04 -2.4845E+04
0000108   1.7649E+06  1.4305E+04  6.9876E+04
0000109   1.7706E+06  1.0928E+05  1.3100E+05
0000110   1.7852E+06 -1.4878E+04 -1.0664E+04
0000111   1.7788E+06 -5.7025E+04 -1.9641E+03
0000112   1.7745E+06 -1.8526E+05 -2.4881E+04
0000113   1.7691E+06  4.4867E+04  7.3654E+04
0000114   1.7187E+06 -1.1391E+04  1.6976E+04
0000115   1.7286E+06  5.2090E+04 -1.7540E+04
0000116   1.7980E+06 -4.6687E+04 -1.7338E+04
0000117   1.7270E+06 -8.6375E+04 -1.9704E+05
0000118   1.8083E+06  3.5558E+04 -4.4620E+03
0000119   1.7802E+06  1.2851E+04 -1.0336E+05
0000120   1.7637E+06 -9.2297E+04 -3.3710E+04
0000121   1.7607E+06 -2.0145E+03  1.2984E+04
0000122   1.8201E+06 -2.5366E+04 -4.7366E+04
0000123   1.7718E+06 -2.1542E+04 -7.7416E+03
0000124   1.7318E+06  3.4239E+04  6.8642E+04
0000125   1.8153E+06 -1.0084E+05 -1.9553E+04
0000126   1.7545E+06 -2.6480E+04  2.6308E+04
0000127   1.7637E+06 -6.6796E+03  4.6527E+04
0000128   1.8203E+06  5.6634E+03 -3.3119E+04
0000129   1.7631E+06  4.5388E+04 -3.1224E+04
0000130   1.7725E+06 -6.2110E+04  3.8565E+04
0000131   1.7496E+06  4.3275E+04 -3.1663E+04
0000132   1.8143E+06 -5.2762E+02 -1.7362E+04
0000133   1.7722E+06  1.7451E+04  4.5114E+04
0000134   1.8194E+06  2.4502E+04 -1.2801E+05
0000135   1.7457E+06  4.5245E+03 -6.5744E+04
0000136   1.7373E+06 -1.6258E+04  4.0062E+04
0000137   1.7785E+06 -2.5283E+04 -5.9693E+04
0000138   1.7366E+06 -1.5003E+05  1.4148E+05
0000139   1.7755E+06 -1.0254E+05  1.2304E+05
0000140   1.7513E+06  1.1547E+05  1.7276E+04
0000141   1.6892E+06 -2.5979E+05 -2.7435E+05
0000142   1.7394E+06  1.1910E+04 -1.1948E+04
0000143   1.8117E+06  3.2408E+04  5.7926E+04
0000144   1.7668E+06 -3.6420E+04 -4.2882E+04
0000145   1.7792E+06  8.9992E+04 -1.8221E+04
0000146   1.7780E+06 -2.7519E+04 -3.3775E+04
0000147   1.7535E+06  5.6173E+04  5.0025E+04
0000148   1.7261E+06  9.2771E+03  6.9732E+04
0000149   1.7660E+06 -2.2431E+03  5.8749E+04
0000150   1.7732E+06  5.8481E+04 -6.1849E+04
0000151   1.7866E+06  4.6857E+03 -1.7302E+05
0000152   1.7660E+06 -8.1229E+04 -7.2805E+04
0000153   1.7483E+06 -3.7562E+04  1.7431E+04
0000154   1.7808E+06 -1.7321E+04  7.7012E+03
0000155   1.7794E+06 -6.9675E+04 -1.9078E+04
0000156   1.7881E+06 -1.1732E+03  6.4243E+03
0000157   1.7652E+06 -3.8994E+04 -1.1464E+04
0000158   1.8000E+06 -3.7494E+04  7.3942E+04
0000159   1.7687E+06 -1.0964E+05 -7.6723E+03
0000160   1.7897E+06 -2.7980E+04 -3.2609E+04
0000161   1.7884E+06 -3.9907E+04  3.9272E+04
0000162   1.7549E+06 -1.3812E+04  6.9195E+03
0000163   1.7547E+06  2.7202E+04 -4.0655E+04
0000164   1.7299E+06 -6.7090E+04  1.8667E+04
0000165   1.7436E+06  5.8334E+04  1.2919E+05
0000166   1.7482E+06 -1.0834E+05 -4.6775E+03
0000167   1.7600E+06 -1.0165E+04  9.0323E+04
0000168   1.7848E+06  4.9170E+04 -1.9486E+04
0000169   1.7577E+06 -7.4745E+04 -5.3806E+04
0000170   1.7610E+06  3.4024E+04 -2.0065E+05
0000171   1.7979E+06  2.9484E+04  1.6754E+04
0000172   1.6637E+06  4.2072E+05 -3.0730E+04
0000173   1.7401E+06 -1.6826E+04  5.3840E+04
0000174   1.7477E+06 -9.4692E+04  2.3783E+04
0000175   1.8133E+06 -2.5114E+04  4.1305E+03
0000176   1.7716E+06 -1.0350E+05  8.3690E+04
0000177   1.7411E+06  8.6179E+04 -2.9205E+04
0000178   1.7685E+06  2.5378E+03 -2.9964E+04
0000179   1.7615E+06  4.3227E+04  3.6235E+04
0000180   1.7272E+06 -3.2528E+04 -1.5486E+03
0000181   1.7146E+06 -1.7037E+05  4.0258E+04
0000182   1.7439E+06  2.8926E+04 -5.9609E+04
0000183   1.6815E+06  9.4934E+04  6.1290E+03
0000184   1.7966E+06 -1.0188E+05 -4.8175E+04
0000185   1.7456E+06 -9.5290E+03  3.0691E+04
0000186   1.7599E+06 -1.6710E+04 -6.1262E+03
0000187   1.7912E+06 -1.4503E+05 -1.3322E+05
0000188   1.7359E+06  4.3712E+04  2.0329E+03
0000189   1.7414E+06  3.4363E+03  5.9008E+04
0000190   1.7466E+06  8.5072E+03  3.5240E+04
0000191   1.7531E+06 -7.8762E+04 -7.6061E+04
0000192   1.7361E+06 -2.0081E+05 -8.5567E+04
0000193   1.7659E+06 -4.1553E+04  4.8356E+04
0000194   1.7148E+06 -6.3231E+04  5.6417E+02
0000195   1.7913E+06 -6.4940E+04  1.4571E+04
0000196   1.7618E+06 -7.7597E+04  3.0499E+04
0000197   1.7904E+06 -1.3082E+05  6.9081E+03
0000198   1.7904E+06 -1.3660E+04 -2.5751E+04
0000199   1.7949E+06 -2.0525E+04 -6.7495E+04
0000200   1.7731E+06  1.3568E+05 -4.7359E+04
0000201   1.6943E+06  7.3802E+04  1.7101E+04
0000202   1.7460E+06 -4.9255E+03 -3.4516E+04
0000203   1.7207E+06  1.1331E+05  5.5690E+04
0000204   1.7376E+06 -7.2169E+04  4.4637E+04
0000205   1.7118E+06 -1.5455E+05  1.8656E+05
0000206   1.7809E+06  3.3490E+03  4.6259E+04
0000207   1.8073E+06 -2.6977E+04 -2.0896E+04
0000208   1.7722E+06  2.8234E+04 -6.8072E+04
0000209   1.7113E+06 -3.6386E+04 -2.6861E+04
0000210   1.7366E+06 -8.4799E+03  1.1262E+05
0000211   1.8411E+06  6.3644E+03 -3.5522E+04
0000212   1.7774E+06 -7.7614E+04  4.5543E+03
0000213   1.8032E+06  2.1408E+04  3.8419E+04
0000214   1.7549E+06 -2.5075E+04 -9.0706E+04
0000215   1.7789E+06 -6.0006E+04 -6.7854E+04
0000216   1.7917E+06  2.8700E+04  4.3471E+04
0000217   1.7701E+06 -2.0932E+03 -1.5788E+04
0000218   1.7931E+06  7.4977E+04  3.3584E+04
0000219   1.7419E+06 -2.0755E+04  3.7767E+04
0000220   1.7560E+06 -1.1863E+05  2.2756E+04
0000221   1.7333E+06 -6.2303E+04 -1.1677E+05
0000222   1.7766E+06  1.9299E+03 -4.1590E+04
0000223   1.7740E+06 -2.0352E+03  4.0174E+04
0000224   1.7969E+06  1.1009E+05  5.3213E+04
0000225   1.7125E+06  7.7935E+04  1.6079E+05
0000226   1.7293E+06  1.0148E+05  8.4342E+04
0000227   1.7306E+06  2.1690E+04  2.6101E+04
0000228   1.7590E+06  2.9189E+04  6.1822E+04
0000229   1.7662E+06 -1.9339E+04 -2.9439E+04
0000230   1.7357E+06  1.0601E+04  1.1824E+04
0000231   1.7776E+06  4.4795E+04 -3.4271E+04
0000232   1.7402E+06 -1.2837E+05  1.0227E+05
0000233   1.7779E+06 -5.0636E+04  9.7448E+04
0000234   1.7398E+06  3.0089E+04  3.2604E+04
0000235   1.7506E+06  9.2328E+03  6.3404E+04
0000236   1.7177E+06 -5.4580E+04 -6.6335E+04
0000237   1.7684E+06  7.7699E+04 -5.3190E+04
0000238   1.7546E+06 -1.2761E+04  1.2114E+04
0000239   1.7433E+06 -1.6827E+04  1.2476E+04
0000240   1.7920E+06 -4.8104E+03  4.9323E+03
0000241   1.7306E+06 -2.8912E+04 -3.3178E+04
0000242   1.7660E+06  2.6378E+04 -9.9897E+04
0000243   1.7701E+06 -2.7000E+04 -4.7991E+03
0000244   1.7488E+06 -2.6658E+04 -4.1040E+03
0000245   1.7574E+06 -6.4064E+03 -4.6721E+04
0000246   1.7390E+06  1.0184E+05  3.0954E+04
0000247   1.7761E+06 -1.4911E+04 -6.2320E+03
0000248   1.7855E+06 -3.0869E+04  7.4456E+04
0000249   1.7902E+06  3.6694E+04  6.2303E+04
0000250   1.7782E+06  3.7359E+04 -1.6393E+05
0000251   1.7965E+06  7.3896E+04  8.7460E+04
0000252   1.7936E+06  3.6105E+04 -3.6505E+04
0000253   1.8149E+06  5.8816E+03 -4.4395E+04
0000254   1.7961E+06 -4.2432E+04 -3.5596E+04
0000255   1.7822E+06 -6.9551E+02 -2.5784E+04
0000256   1.7226E+06  1.0675E+03  1.6257E+05
0000257   1.8046E+06 -5.3101E+03  1.0348E+05
0000258   1.7715E+06 -3.6588E+04  3.6364E+03
0000259   1.7533E+06  1.0005E+05  2.8298E+04
0000260   1.8141E+06 -3.3936E+04  4.3952E+04
0000261   1.8162E+06 -8.0003E+03 -2.1485E+04
0000262   1.7536E+06 -1.4524E+04  2.9722E+04
0000263   1.7824E+06 -3.2398E+04  3.8875E+04
0000264   1.8110E+06 -7.4551E+04 -5.9388E+04
0000265   1.7867E+06  3.1020E+04 -6.6280E+04
0000266   1.7851E+06  6.4921E+04 -9.8359E+04
0000267   1.8223E+06  1.0668E+04 -3.2116E+04
0000268   1.7578E+06  6.4065E+04 -5.8179E+04
0000269   1.7497E+06 -1.4300E+04  2.4588E+04
0000270   1.7213E+06  1.6327E+04  1.7648E+04
0000271   1.7427E+06  2.5293E+05  3.6141E+04
0000272   1.7501E+06  6.9960E+03 -9.3010E+04
0000273   1.7595E+06  2.1926E+04 -9.6970E+04
0000274   1.7602E+06 -2.6377E+04 -2.3628E+04
0000275   1.7733E+06  5.7740E+04 -3.9852E+04
0000276   1.7730E+06 -6.0934E+04  5.3622E+04
0000277   1.7456E+06  5.9114E+04  2.9351E+04
0000278   1.7366E+06  3.3302E+05  4.7614E+04
0000279   1.7429E+06 -1.9114E+04 -2.7370E+04
0000280   1.5056E+06 -5.0425E+05  8.6140E+04
0000281   1.8325E+06  1.4770E+02  4.3937E+04
0000282   1.7898E+06 -2.3916E+04  4.8942E+04
0000283   1.7707E+06 -6.0643E+04 -1.0930E+03
0000284   1.7824E+06 -3.3810E+04  4.9536E+04
0000285   1.7852E+06  8.1270E+04 -8.3854E+03
0000286   1.7484E+06  2.6128E+04 -4.3122E+04
0000287   1.7446E+06 -2.3798E+04 -3.3231E+04
0000288   1.7993E+06 -2.6233E+04 -5.4537E+04
0000289   1.7507E+06  3.7102E+03 -1.0279E+05
0000290   1.7331E+06 -4.4959E+04 -5.1450E+04
0000291   1.7149E+06 -1.8512E+04 -3.1679E+04
0000292   1.7573E+06 -3.7545E+04  9.4449E+03
0000293   1.7012E+06 -5.1848E+04  6.1069E+04
0000294   1.7680E+06 -3.3117E+04 -1.9900E+04
0000295   1.8121E+06  7.0245E+04 -5.8316E+03
0000296   1.8091E+06 -2.3104E+04 -1.2514E+04
0000297   1.7626E+06  9.5361E+04  4.4068E+04
0000298   1.7506E+06 -7.8192E+04  4.2757E+04
0000299   1.7555E+06 -1.0762E+05  2.1487E+04
0000300   1.7958E+06  2.4483E+03 -1.6973E+04
0000301   1.8050E+06  4.7208E+03 -4.6525E+04
0000302   1.7559E+06 -1.6601E+04 -5.7895E+04
0000303   1.7198E+06  5.9435E+04  1.4565E+05
0000304   1.7780E+06  7.3409E+04  1.2040E+04
0000305   1.7106E+06  2.6365E+04  9.7545E+04
0000306   1.7687E+06  4.6788E+04 -4.6063E+04
0000307   1.7544E+06 -1.4228E+05 -4.8017E+04
0000308   1.7625E+06  1.5408E+05 -2.8900E+04
0000309   1.8160E+06  2.2298E+04 -2.8283E+04
0000310   1.7335E+06 -1.5060E+04 -2.8737E+04
0000311   1.7484E+06 -2.1074E+03  5.7028E+04
0000312   1.7602E+06 -4.4696E+03  6.8129E+04
0000313   1.7679E+06 -1.0095E+04  1.2628E+04
0000314   1.7473E+06 -7.3697E+04 -5.4699E+04
0000315   1.7422E+06  4.8548E+04  2.3823E+04
0000316   1.7705E+06  6.8185E+04  4.1608E+04
0000317   1.7695E+06  1.6874E+04  2.1858E+04
0000318   1.7439E+06 -3.4354E+04  2.3832E+04
0000319   1.7669E+06 -1.4548E+05 -1.1932E+05
0000320   1.7794E+06  8.2820E+04  5.9333E+04
0000321   1.7666E+06 -7.1697E+03  1.9795E+04
0000322   1.7017E+06 -1.4915E+04  1.0651E+04
0000323   1.7502E+06  4.2219E+04  6.4074E+03
0000324   1.7566E+06  3.2238E+04  6.2370E+03
0000325   1.7225E+06 -1.3030E+03 -1.3730E+04
0000326   1.8243E+06  1.6223E+04 -1.8116E+04
0000327   1.8110E+06  1.2343E+04 -7.7283E+04
0000328   1.7721E+06 -2.0337E+04  1.0998E+05
0000329   1.7460E+06  1.9664E+04 -7.5898E+04
0000330   1.7207E+06  5.4105E+04 -4.8390E+04
0000331   1.7906E+06 -4.4372E+04  8.0030E+02
0000332   1.7184E+06 -6.4713E+04  7.7516E+04
0000333   1.7597E+06  2.8506E+03 -5.5385E+04
0000334   1.7477E+06  1.1021E+04  1.3705E+05
0000335   1.7698E+06  7.4866E+04  3.6968E+03
0000336   1.7169E+06  4.3302E+04 -2.1647E+04
0000337   1.7863E+06 -6.3108E+04  4.2167E+04
0000338   1.7676E+06  1.2854E+05 -2.7154E+03
0000339   1.8081E+06  8.2122E+04 -3.4340E+04
0000340   1.7742E+06  4.9477E+04 -1.1479E+04
0000341   1.7505E+06  9.4132E+04  1.1154E+05
0000342   1.7320E+06  2.2732E+04  1.4773E+04
0000343   1.7619E+06  1.0055E+05  9.7925E+04
0000344   1.8187E+06  9.1242E+03 -2.5403E+04
0000345   1.7590E+06 -1.5496E+05 -8.5917E+04
0000346   1.7648E+06 -4.4879E+04 -5.6568E+04
0000347   1.7659E+06  1.0650E+04  2.4412E+04
0000348   1.7899E+06 -6.6277E+04  1.6591E+04
0000349   1.7315E+06 -1.2214E+05 -4.6883E+04
0000350   1.7388E+06  1.1622E+04 -9.8566E+04
0000351   1.7296E+06  9.9062E+03  1.9959E+05
0000352   1.8003E+06  1.1201E+05  2.0924E+04
0000353   1.7332E+06  6.4049E+04 -1.9811E+04
0000354   1.7375E+06 -1.7295E+04 -6.8812E+03
0000355   1.7542E+06 -5.9424E+04  1.5475E+04
0000356   1.7334E+06 -7.0944E+04 -2.0348E+04
0000357   1.7826E+06  1.8067E+04  7.5250E+03
0000358   1.8024E+06 -2.5103E+04  5.9195E+04
0000359   1.7968E+06 -2.5002E+04 -5.4987E+04
0000360   1.8335E+06  7.2720E+04 -8.1178E+04
0000361   1.7569E+06 -3.6185E+04  5.4731E+04
0000362   1.7433E+06  4.3501E+04  1.6111E+04
0000363   1.7805E+06 -1.7729E+04  4.6943E+04
0000364   1.7942E+06 -5.2397E+04 -1.1774E+05
0000365   1.8066E+06 -4.6384E+04 -7.6235E+04
0000366   1.7458E+06 -5.7452E+04 -2.4518E+04
0000367   1.7442E+06  5.4986E+02 -6.7552E+04
0000368   1.7858E+06 -1.7875E+05  2.1960E+04
0000369   1.7634E+06 -1.2389E+04  4.1995E+04
0000370   1.7785E+06 -6.1792E+04  1.4179E+03
0000371   1.7354E+06 -5.9747E+04  2.4885E+03
0000372   1.7370E+06  5.3128E+04 -5.3234E+04
0000373   1.7139E+06 -1.9679E+04  6.2197E+04
0000374   1.8057E+06 -4.5373E+04  7.2642E+03
0000375   1.7945E+06 -4.0106E+04  1.7771E+04
0000376   1.7220E+06  3.2642E+04 -7.0642E+04
0000377   1.7191E+06  1.3302E+05 -6.5008E+04
0000378   1.7315E+06 -2.4569E+04 -1.2410E+05
0000379   1.8115E+06 -4.5359E+04  2.0724E+04
0000380   1.7452E+06  1.9614E+04  3.9544E+04
0000381   1.7363E+06 -1.2314E+05 -4.8214E+04
0000382   1.7257E+06 -5.3318E+04  1.9214E+04
0000383   1.7467E+06  2.3693E+05 -4.7404E+04
0000384   1.7186E+06  1.0675E+05 -2.4236E+04
0000385   1.7408E+06 -3.4844E+04  1.9879E+04
0000386   1.7576E+06  1.1622E+05 -1.0105E+04
0000387   1.7694E+06  5.2378E+04 -1.7847E+04
0000388   1.7767E+06  4.8200E+04  2.2705E+04
0000389   1.7655E+06 -1.9272E+05 -1.2674E+05
0000390   1.7240E+06  6.9082E+04 -3.6123E+04
0000391   1.7598E+06  6.0150E+04 -1.5680E+04
0000392   1.7631E+06  1.1190E+05 -3.8331E+04
0000393   1.7101E+06  2.8256E+03  2.3962E+04
0000394   1.7356E+06  5.1597E+04 -5.8826E+04
0000395   1.7637E+06  6.4790E+04 -2.5592E+04
0000396   1.7440E+06  2.0564E+04  1.5500E+05
0000397   1.7552E+06  2.1579E+04 -3.1443E+04
0000398   1.7292E+06 -7.3096E+03 -1.3325E+05
0000399   1.7639E+06 -5.6081E+04  7.6643E+04
0000400   1.7640E+06  3.5587E+04  1.1024E+04
0000401   1.7564E+06 -1.9532E+04 -8.5645E+04
0000402   1.7234E+06 -5.3804E+04  6.0198E+04
0000403   1.8072E+06 -8.9817E+03  4.0731E+04
0000404   1.7690E+06  1.2237E+05 -1.8718E+05
0000405   1.7631E+06  3.6424E+04  3.6971E+04
0000406   1.7971E+06  2.1104E+03  4.3119E+04
0000407   1.7122E+06 -5.3293E+04 -2.6422E+05
0000408   1.7667E+06  5.1350E+04  1.5305E+04
0000409   1.7660E+06 -4.5849E+04  1.5391E+04
0000410   1.7057E+06  4.5537E+04 -8.6331E+04
0000411   1.7706E+06 -2.2163E+04  9.5694E+03
0000412   1.7567E+06  1.5948E+04  8.7386E+03
0000413   1.7663E+06 -8.1186E+04  9.5289E+04
0000414   1.7177E+06 -2.8793E+04  6.1866E+04
0000415   1.7876E+06 -1.0695E+04  3.3059E+04
0000416   1.7525E+06  7.1287E+04 -3.8110E+04
0000417   1.7647E+06 -7.9430E+04 -3.3162E+04
0000418   1.7367E+06  3.6952E+04 -2.5343E+04
0000419   1.7559E+06  8.0821E+04 -9.3775E+04
0000420   1.7683E+06 -3.5878E+04  4.8801E+04
0000421   1.7615E+06 -3.4005E+03  1.7237E+03
0000422   1.7141E+06 -2.8236E+05 -9.4379E+04
0000423   1.8210E+06 -5.1007E+04  6.6491E+04
0000424   1.7248E+06  5.4141E+04  1.4473E+04
0000425   1.7335E+06 -1.3702E+04  7.3186E+03
0000426   1.7521E+06 -9.8583E+03  3.1741E+04
0000427   1.7145E+06 -3.4314E+04  9.8478E+04
0000428   1.7610E+06  5.5949E+04  3.5372E+03
0000429   1.7647E+06  3.7577E+04  1.0498E+05
0000430   1.7337E+06 -8.1194E+03 -3.4707E+04
0000431   1.6945E+06  5.7445E+04 -1.7466E+04
0000432   1.7719E+06 -6.5476E+03 -1.8441E+04
0000433   1.7540E+06 -1.5497E+04 -1.7111E+04
0000434   1.8028E+06  6.0138E+04  1.0908E+04
0000435   1.7612E+06 -6.6175E+04 -2.0445E+04
0000436   1.7745E+06  1.1075E+04  4.2317E+04
0000437   1.7050E+06 -7.9256E+04 -1.4634E+04
0000438   1.7148E+06 -8.1716E+04  2.4210E+04
0000439   1.7908E+06 -2.6470E+04 -1.0098E+05
0000440   1.6279E+06 -5.1940E+05 -4.0906E+04
0000441   1.7855E+06  7.7008E+04  9.3010E+04
0000442   1.7839E+06  4.0074E+04 -1.3604E+05
0000443   1.7933E+06 -9.5708E+04 -1.4793E+04
0000444   1.8337E+06 -1.5194E+05 -9.4333E+04
0000445   1.6861E+06 -3.4471E+04 -1.3434E+05
0000446   1.7390E+06  1.2198E+05 -1.4347E+04
0000447   1.7141E+06 -5.2386E+04 -4.5416E+04
0000448   1.7996E+06  3.6010E+04  1.0562E+04
0000449   1.7783E+06  7.7666E+04 -5.8356E+04
0000450   1.7780E+06  4.9175E+04 -4.8321E+03
0000451   1.7638E+06 -4.5559E+04  3.7510E+04
0000452   1.7859E+06 -4.3918E+04 -2.9892E+04
0000453   1.7225E+06 -2.5217E+04  6.8507E+03
0000454   1.7515E+06 -1.4722E+04  2.7923E+04
0000455   1.7677E+06 -3.7603E+04 -5.7080E+04
0000456   1.8091E+06 -2.3168E+04 -4.9854E+04
0000457   1.7803E+06 -7.8397E+03  7.0631E+04
0000458   1.7428E+06 -4.2523E+04  2.3419E+04
0000459   1.7847E+06  1.0006E+03  3.0383E+03
0000460   1.7722E+06 -5.8663E+03 -7.5939E+04
0000461   1.7799E+06 -1.4956E+05 -5.1859E+04
0000462   1.7162E+06 -2.6183E+04 -7.2749E+03
0000463   1.7797E+06 -4.2246E+04 -3.2110E+04
0000464   1.7454E+06 -2.4175E+04 -2.8005E+04
0000465   1.7255E+06  8.0731E+04  1.0435E+05
0000466   1.8000E+06  3.6574E+04 -1.2776E+04
0000467   1.7174E+06 -4.0164E+04 -1.0486E+04
0000468   1.7168E+06  2.2219E+04  8.3566E+03
0000469   1.7676E+06 -1.2342E+05 -4.6322E+04
0000470   1.7405E+06 -4.1534E+04 -1.0368E+04
0000471   1.7422E+06 -8.7842E+03  1.1848E+05
0000472   1.8077E+06 -3.2092E+04 -1.8413E+03
0000473   1.7660E+06 -4.1241E+04  1.5738E+04
0000474   1.8010E+06 -8.3184E+04  7.5682E+04
0000475   1.8099E+06  1.8407E+04 -8.1676E+04
0000476   1.7748E+06 -1.8306E+04  2.1376E+03
0000477   1.7940E+06 -3.7970E+04  5.3331E+04
0000478   1.7508E+06 -8.2420E+04  3.9070E+04
0000479   1.7693E+06 -8.8559E+04 -6.0005E+04
0000480   1.7410E+06 -4.9413E+04 -3.7576E+04
0000481   1.7037E+06  2.2394E+04  3.1668E+04
0000482   1.7614E+06 -1.2533E+04 -2.4187E+03
0000483   1.7907E+06 -3.7724E+04  2.1934E+03
0000484   1.7535E+06 -4.0154E+04  7.1232E+03
0000485   1.7711E+06 -2.2622E+04  2.1357E+04
0000486   1.7657E+06  1.1508E+04 -2.1812E+04
0000487   1.7739E+06 -1.7676E+04  8.7401E+04
0000488   1.7493E+06 -5.7223E+03  9.0599E+04
0000489   1.7579E+06  6.2623E+04  2.1322E+04
0000490   1.7589E+06 -5.9284E+04  3.8340E+04
0000491   1.7087E+06 -7.1055E+04  7.0289E+04
0000492   1.7817E+06  2.8317E+04 -8.7170E+03
0000493   1.8178E+06 -5.2998E+04 -2.4600E+04
0000494   1.7377E+06  1.9596E+04 -1.3904E+05
0000495   1.7720E+06  8.4710E+03  1.3327E+04
0000496   1.7944E+06  2.1212E+04 -1.0296E+04
0000497   1.8039E+06 -5.9382E+03 -7.6990E+04
0000498   1.7869E+06  1.4252E+04  4.7941E+04
0000499   1.7949E+06  6.7813E+04  1.0274E+04
0000500   1.7332E+06 -4.2750E+04  1.2412E+05
0000501   1.8464E+06 -3.9118E+04  3.2730E+04
0000502   1.7291E+06  9.7605E+04  5.1200E+04
0000503   1.7478E+06  2.9007E+04 -3.5265E+04
0000504   1.7524E+06  4.7675E+03 -6.7821E+03
0000505   1.7575E+06  7.1288E+03 -2.5210E+04
0000506   1.7709E+06 -9.2468E+04  3.2373E+04
0000507   1.7183E+06 -6.9200E+04  3.9475E+04
0000508   1.8211E+06  5.5801E+04  6.5062E+03
0000509   1.7952E+06 -1.5077E+04  1.6424E+04
0000510   1.7882E+06 -4.1779E+02 -1.4180E+05
0000511   1.7437E+06  3.4541E+04  5.7003E+04
0000512   1.7594E+06 -8.4433E+04  2.1291E+04
0000513   1.7437E+06  1.0734E+05  8.5506E+04
0000514   1.6899E+06 -3.1187E+05  8.8333E+04
0000515   1.7441E+06 -3.8192E+04 -2.6653E+04
0000516   1.7622E+06 -7.1997E+04 -5.4714E+03
0000517   1.8118E+06  3.9498E+04  2.9208E+02
0000518   1.7450E+06  1.6488E+04 -4.8425E+03
0000519   1.7408E+06  5.8442E+04 -8.6889E+04
0000520   1.7924E+06 -9.9359E+04  1.0772E+04
0000521   1.7970E+06 -2.0911E+04  4.3342E+04
0000522   1.7484E+06 -6.2692E+03  7.3927E+04
0000523   1.8037E+06 -3.8192E+04 -1.1151E+04
0000524   1.6972E+06  6.7219E+04 -4.6397E+04
0000525   1.7492E+06  3.5474E+04  3.6595E+03
0000526   1.7519E+06  5.5361E+04  1.6759E+03
0000527   1.7531E+06  1.9006E+04  9.3213E+04
0000528   1.7827E+06  1.2258E+04  4.9861E+04
0000529   1.7386E+06 -3.5112E+03 -1.5899E+04
0000530   1.7952E+06 -1.1619E+05  2.9112E+04
0000531   1.7429E+06  1.1161E+05  5.2203E+04
0000532   1.7949E+06 -5.0165E+04  4.9968E+04
0000533   1.7767E+06 -5.2112E+04 -1.8856E+04
0000534   1.8018E+06 -2.4713E+04 -9.3592E+02
0000535   1.7951E+06 -9.7598E+04  7.1439E+04
0000536   1.7686E+06 -2.7209E+04 -9.4688E+04
0000537   1.7419E+06 -1.5035E+05 -4.7515E+04
0000538   1.7832E+06 -2.7124E+03 -9.3695E+03
0000539   1.7948E+06  1.0545E+04 -6.2351E+04
0000540   1.7683E+06  1.1360E+05 -1.2999E+05
0000541   1.7816E+06  2.2962E+04  3.5322E+04
0000542   1.7790E+06  1.5831E+04  6.9725E+04
0000543   1.7633E+06 -7.9398E+03  8.9462E+03
0000544   1.7557E+06  3.1102E+04  3.9594E+04
0000545   1.7261E+06 -6.3426E+04 -6.6496E+04
0000546   1.7376E+06 -1.9478E+05 -1.0734E+04
0000547   1.7277E+06 -3.2309E+04  1.6114E+04
0000548   1.8196E+06 -5.4801E+04  1.0010E+04
0000549   1.7610E+06 -1.3403E+05  3.8264E+04
0000550   1.6947E+06  3.0284E+04 -4.7260E+04
0000551   1.7791E+06 -1.4127E+05  3.8754E+04
0000552   1.7761E+06 -3.8525E+04  6.3598E+04
0000553   1.7455E+06 -1.3176E+04  8.4623E+04
0000554   1.8020E+06 -2.2077E+04  6.5744E+04
0000555   1.7013E+06  1.3022E+05  5.5801E+04
0000556   1.7570E+06 -3.0076E+04 -8.7968E+03
0000557   1.7556E+06  4.6741E+03 -5.7146E+03
0000558   1.7845E+06  6.0186E+04 -1.0212E+05
0000559   1.8278E+06  5.8715E+03 -4.2427E+04
0000560   1.7549E+06 -7.2015E+03  6.3015E+04
0000561   1.7562E+06  9.0837E+04 -4.1865E+04
0000562   1.7568E+06 -7.4346E+03  1.8893E+04
0000563   1.7707E+06  2.3322E+04  5.4643E+03
0000564   1.7861E+06  2.2718E+03 -6.7541E+03
0000565   1.7400E+06 -6.6790E+04 -1.3887E+05
0000566   1.7627E+06  5.0880E+04  2.6791E+04
0000567   1.7436E+06  4.3080E+04 -6.5470E+03
0000568   1.7731E+06  4.2973E+04 -2.3296E+04
0000569   1.7431E+06 -7.1360E+04 -1.0963E+04
0000570   1.7145E+06  1.3634E+04  3.1571E+04
0000571   1.7464E+06 -5.3366E+04  6.5456E+04
0000572   1.8036E+06 -4.5349E+03  8.7044E+03
0000573   1.8401E+06  8.0365E+04  1.3783E+04
0000574   1.7851E+06 -1.4371E+04 -3.7499E+04
0000575   1.7758E+06 -1.6156E+04  8.4111E+03
0000576   1.7236E+06  1.8100E+04  4.5699E+04
0000577   1.7476E+06  4.1958E+04  3.4326E+04
0000578   1.7813E+06 -1.0726E+04 -4.2994E+03
0000579   1.8074E+06  2.9961E+04 -5.1974E+04
0000580   1.7755E+06  5.0111E+04 -2.5432E+04
0000581   1.7471E+06  2.4522E+03 -4.8860E+04
0000582   1.7425E+06  4.4980E+04 -1.6985E+04
0000583   1.7596E+06 -2.6587E+04  2.6562E+04
0000584   1.7570E+06  2.9063E+05  4.9678E+04
0000585   1.7405E+06 -3.9292E+03  3.1067E+04
0000586   1.7557E+06  4.4426E+04  2.7367E+04
0000587   1.7058E+06 -5.7882E+04 -3.7001E+04
0000588   1.7906E+06 -7.1739E+04 -1.1658E+04
0000589   1.7617E+06 -2.0924E+03 -1.7114E+04
0000590   1.8400E+06  3.2881E+04  5.2474E+04
0000591   1.7531E+06 -1.0797E+04  2.0261E+04
0000592   1.7432E+06  1.0427E+04 -7.5576E+04
0000593   1.7819E+06  3.8657E+02  3.9919E+04
0000594   1.7960E+06 -2.1933E+04 -1.2046E+05
0000595   1.7994E+06 -6.1965E+04  9.0785E+04
0000596   1.7729E+06  2.2546E+04  3.5458E+04
0000597   1.8148E+06 -7.8268E+04 -8.1950E+04
0000598   1.7300E+06 -1.1768E+05 -1.1055E+05
0000599   1.7783E+06  6.1845E+04  1.1471E+04
0000600   1.7709E+06  5.8364E+04  1.5214E+04
0000601   1.7926E+06  1.1950E+05 -2.4989E+04
0000602   1.7799E+06 -2.8824E+04 -1.5858E+04
0000603   1.8009E+06  5.5997E+03  6.5639E+04
0000604   1.7762E+06 -1.9682E+05  1.3770E+04
0000605   1.7945E+06  6.9958E+03  3.8421E+04
0000606   1.7697E+06 -3.4258E+04 -1.6635E+04
0000607   1.7595E+06 -1.0910E+04 -5.5055E+04
0000608   1.7130E+06  1.4054E+04  2.8015E+05
0000609   1.7448E+06  7.0848E+04  4.1894E+04
0000610   1.7386E+06  6.3722E+03  1.0405E+04
0000611   1.7630E+06  5.0223E+04 -9.2107E+04
0000612   1.7456E+06 -8.0551E+04 -1.0469E+05
0000613   1.7963E+06 -5.3915E+02 -3.3611E+03
0000614   1.7828E+06  3.3690E+04 -8.7760E+03
0000615   1.7678E+06  1.8084E+05 -3.1338E+04
0000616   1.7446E+06  9.8773E+04 -8.4654E+04
0000617   1.7669E+06  3.7365E+04  1.0818E+05
0000618   1.7970E+06  4.0724E+04 -1.3833E+04
0000619   1.7273E+06 -2.8366E+04 -4.7078E+04
0000620   1.7232E+06 -2.7272E+04  2.1973E+03
0000621   1.7572E+06  6.9495E+04 -5.0942E+04
0000622   1.8096E+06 -4.3223E+04 -1.8129E+04
0000623   1.7629E+06 -2.7517E+04 -5.7497E+03
0000624   1.8177E+06  4.2278E+04 -9.5794E+03
0000625   1.7446E+06  8.5322E+04 -8.4282E+03
0000626   1.7695E+06 -2.1989E+04  3.4584E+04
0000627   1.7828E+06 -2.5381E+04 -7.3369E+03
0000628   1.7459E+06  2.5395E+03  1.8800E+04
0000629   1.7746E+06 -6.6456E+04 -6.7060E+04
0000630   1.8089E+06 -2.7838E+03  4.6839E+04
0000631   1.7612E+06  1.1912E+04  4.8557E+04
0000632   1.7452E+06  5.3022E+04 -5.9872E+04
0000633   1.7885E+06  7.1221E+04  4.7934E+04
0000634   1.7392E+06 -1.9004E+04  2.5698E+04
0000635   1.7480E+06 -5.9938E+03 -8.6809E+04
0000636   1.7331E+06 -6.6485E+04 -1.0975E+04
0000637   1.7627E+06 -2.7477E+04 -2.4258E+04
0000638   1.7554E+06  3.6243E+04  1.8252E+04
0000639   1.7711E+06  3.8953E+04  2.5124E+04
0000640   1.7595E+06  3.3572E+04  4.2231E+04
0000641   1.7550E+06 -1.2638E+05 -8.8492E+03
0000642   1.7296E+06 -3.6876E+04 -4.0202E+04
0000643   1.7823E+06  2.3702E+04  1.1699E+04
0000644   1.7781E+06  2.2395E+03  8.3379E+04
0000645   1.7581E+06  7.5234E+04 -6.8202E+04
0000646   1.7160E+06  2.1331E+04  1.0065E+04
0000647   1.7764E+06  4.2875E+04  1.1204E+04
0000648   1.7698E+06  2.8067E+03  4.9442E+04
0000649   1.7479E+06 -1.1513E+04  7.8814E+03
0000650   1.7741E+06  1.1711E+03 -1.5110E+03
0000651   1.7930E+06  7.1133E+04  2.1779E+04
0000652   1.7938E+06 -1.4696E+04  7.7842E+04
0000653   1.8101E+06 -1.9881E+04  8.2978E+04
0000654   1.7600E+06 -7.5162E+04 -2.9406E+04
0000655   1.7537E+06 -2.3904E+04  2.3002E+04
0000656   1.7493E+06 -1.7913E+03 -3.4473E+04
0000657   1.7168E+06  3.0345E+05  1.5004E+05
0000658   1.7691E+06  4.6235E+04 -5.3104E+04
0000659   1.6875E+06 -1.2045E+05 -1.7363E+05
0000660   1.7447E+06  2.6900E+04 -3.0086E+04
0000661   1.7982E+06 -4.6204E+04 -1.3070E+04
0000662   1.7403E+06  8.4200E+04  7.7103E+04
0000663   1.7895E+06  1.8563E+04 -1.1744E+05
0000664   1.7045E+06  4.8347E+04  1.1998E+05
0000665   1.7189E+06  8.5283E+03  3.3657E+03
0000666   1.7595E+06 -7.3926E+04 -8.9265E+03
0000667   1.7482E+06 -6.6137E+04  1.7609E+04
0000668   1.7560E+06 -1.1686E+05 -1.1666E+04
0000669   1.6931E+06  4.7017E+04 -7.8728E+04
0000670   1.7673E+06 -4.0390E+04  4.4978E+04
0000671   1.7989E+06  1.4355E+03 -5.0712E+04
0000672   1.7897E+06 -3.7747E+04 -6.0024E+04
0000673   1.8181E+06  8.9339E+03  1.5016E+05
0000674   1.8231E+06  9.3454E+03 -2.7276E+04
0000675   1.7484E+06 -2.0732E+04  1.7136E+04
0000676   1.7461E+06  2.4856E+03  5.7617E+04
0000677   1.7917E+06 -6.5623E+04  1.7440E+04
0000678   1.7406E+06  1.8732E+04 -4.0702E+04
0000679   1.7890E+06  1.0389E+05 -3.2599E+04
0000680   1.7347E+06  8.6996E+04 -5.3177E+04
0000681   1.8022E+06  1.4680E+04  3.9792E+03
0000682   1.7765E+06 -6.1498E+03 -1.0749E+04
0000683   1.7745E+06  7.3688E+03  3.6744E+04
0000684   1.7447E+06 -1.8640E+04  1.5751E+03
0000685   1.7629E+06  2.5549E+04 -4.0020E+04
0000686   1.7499E+06  1.4206E+05  3.5374E+04
0000687   1.7575E+06  8.6078E+02  4.1805E+04
0000688   1.7896E+06 -8.8543E+03 -1.2461E+05
0000689   1.8094E+06 -3.3405E+04 -6.6672E+04
0000690   1.7089E+06  2.1781E+04  6.1367E+04
0000691   1.7582E+06 -2.6963E+04 -3.4062E+04
0000692   1.7425E+06 -8.2969E+04 -2.6810E+04
0000693   1.8013E+06  2.7825E+04 -2.0112E+04
0000694   1.7042E+06 -1.4814E+05  3.8369E+04
0000695   1.7654E+06  2.0263E+04  2.0168E+04
0000696   1.7306E+06 -4.7237E+04  6.1873E+04
0000697   1.8211E+06  2.9307E+04  1.9067E+04
0000698   1.7655E+06  2.6815E+04 -2.8019E+04
0000699   1.7783E+06 -6.9981E+03  1.1920E+04
0000700   1.7468E+06 -1.8604E+04 -1.2486E+05
0000701   1.7843E+06 -5.1811E+04 -7.0111E+04
0000702   1.7712E+06  1.3905E+04 -3.9472E+03
0000703   1.7894E+06  1.4914E+05  4.8888E+04
0000704   1.7404E+06  2.1368E+04 -1.0438E+05
0000705   1.7451E+06 -6.6794E+03 -1.7762E+05
0000706   1.7609E+06 -4.0886E+04 -3.9926E+04
0000707   1.7436E+06 -5.4102E+04  1.1793E+05
0000708   1.7747E+06 -2.7854E+04 -8.9462E+04
0000709   1.7287E+06  2.4114E+04  1.3191E+05
0000710   1.8203E+06 -2.2669E+04  7.8723E+03
0000711   1.7657E+06 -1.6133E+04  3.3394E+04
0000712   1.7122E+06  1.1308E+05  1.2418E+05
0000713   1.7461E+06  1.0150E+05 -3.3997E+04
0000714   1.7297E+06  4.3072E+04  4.3206E+04
0000715   1.8120E+06  3.0090E+04 -2.5769E+04
0000716   1.7298E+06  5.0964E+04 -9.0626E+04
0000717   1.7602E+06 -1.1033E+05 -3.9006E+04
0000718   1.7759E+06  1.1742E+05  7.1208E+04
0000719   1.7501E+06  8.2667E+04  6.3814E+04
0000720   1.7329E+06  9.3606E+04 -1.0092E+05
0000721   1.7468E+06  3.3775E+04  2.9580E+04
0000722   1.7613E+06  5.8355E+04 -1.1673E+05
0000723   1.7912E+06  5.2207E+04 -3.7057E+04
0000724   1.7785E+06 -1.2521E+04 -2.5025E+04
0000725   1.7452E+06  5.5197E+04  5.0576E+04
0000726   1.7590E+06 -9.3565E+03 -3.0864E+04
0000727   1.7389E+06  3.4732E+04 -4.2477E+04
0000728   1.6876E+06 -1.7225E+04  1.1315E+04
0000729   1.7728E+06  4.5693E+04 -5.1564E+04
0000730   1.7429E+06 -2.0217E+04 -6.2946E+04
0000731   1.7323E+06  5.3332E+03 -1.3595E+04
0000732   1.7765E+06 -2.7329E+04  3.3674E+04
0000733   1.7508E+06 -9.7527E+04  9.4848E+04
0000734   1.7570E+06  1.2543E+05 -1.9047E+04
0000735   1.7189E+06 -9.1386E+04 -2.1642E+04
0000736   1.7840E+06 -2.8916E+04 -3.1561E+04
0000737   1.7565E+06  5.6207E+04  1.2951E+05
0000738   1.7354E+06 -3.5561E+04 -3.9907E+04
0000739   1.7729E+06 -1.0475E+04  3.1494E+04
0000740   1.8090E+06  5.4615E+04 -2.3472E+04
0000741   1.7647E+06 -2.8646E+04  1.7001E+05
0000742   1.7731E+06 -4.5088E+04  3.4240E+04
0000743   1.7420E+06 -3.2833E+04  1.0457E+05
0000744   1.7858E+06  8.2257E+04  1.4156E+04
0000745   1.8178E+06  6.2532E+04 -1.5310E+05
0000746   1.7396E+06  4.6898E+04 -5.5299E+04
0000747   1.7383E+06 -6.6873E+04  1.1221E+05
0000748   1.7544E+06 -3.9321E+04 -5.0799E+04
0000749   1.7567E+06 -6.0688E+04 -5.6433E+03
0000750   1.7265E+06  2.7420E+03  5.6246E+04
0000751   1.7916E+06 -5.7052E+04  2.8306E+04
0000752   1.7190E+06  1.1386E+04 -4.0236E+04
0000753   1.7509E+06 -2.3204E+04  2.7662E+03
0000754   1.8273E+06 -7.7995E+04 -2.3851E+04
0000755   1.7926E+06 -6.3246E+03  7.0842E+04
0000756   1.7377E+06  3.6222E+04  8.5632E+04
0000757   1.7829E+06 -2.4120E+04 -2.3294E+04
0000758   1.7210E+06 -8.5420E+03 -3.7487E+04
0000759   1.7398E+06  5.5049E+04  1.8943E+04
0000760   1.7580E+06  9.1276E+04 -9.8935E+03
0000761   1.7703E+06  2.1556E+05  6.6096E+04
0000762   1.7900E+06  5.5406E+04 -5.3327E+04
0000763   1.7044E+06 -5.2321E+04  1.3860E+04
0000764   1.7498E+06 -3.4856E+04  8.3659E+04
0000765   1.7426E+06  2.3026E+03  8.2127E+03
0000766   1.7345E+06  5.4877E+04  1.7738E+05
0000767   1.7818E+06 -8.5801E+04  7.9467E+04
0000768   1.7762E+06 -8.2104E+03 -8.7264E+04
0000769   1.7336E+06 -7.7715E+04  6.4018E+04
0000770   1.7274E+06  2.2570E+04  7.1067E+04
0000771   1.7880E+06  1.6980E+04 -1.3102E+04
0000772   1.7268E+06  2.2930E+04 -7.6145E+04
0000773   1.7812E+06  7.8309E+03  6.8905E+04
0000774   1.7176E+06  8.8714E+04  9.5311E+04
0000775   1.7921E+06  1.9049E+04 -1.1634E+04
0000776   1.8099E+06  4.9418E+03 -6.1277E+03
0000777   1.7219E+06 -5.1102E+04 -3.3873E+04
0000778   1.7232E+06  9.4297E+04  1.2923E+05
0000779   1.7108E+06 -3.0940E+05 -1.0275E+05
0000780   1.7287E+06 -3.8640E+02 -5.0739E+03
0000781   1.7393E+06  3.5449E+04 -7.7377E+04
0000782   1.7523E+06  3.6447E+04  6.0623E+04
0000783   1.7712E+06 -4.2927E+04 -7.4999E+04
0000784   1.8128E+06  7.8792E+03  4.7064E+04
0000785   1.7603E+06 -1.7421E+04  2.9243E+04
0000786   1.7988E+06 -7.6612E+03 -1.6903E+04
0000787   1.7754E+06  2.0803E+04  1.8657E+04
0000788   1.7509E+06 -4.7346E+04 -9.2536E+04
0000789   1.7536E+06 -1.2831E+05 -1.8176E+04
0000790   1.7204E+06 -2.1036E+03  2.4579E+05
0000791   1.7447E+06 -3.8644E+04 -1.7033E+04
0000792   1.7552E+06  8.2028E+04  2.5488E+04
0000793   1.7475E+06  5.6686E+04 -3.8359E+04
0000794   1.7760E+06  2.8177E+04 -8.4863E+04
0000795   1.7743E+06 -3.2942E+04  3.4563E+04
0000796   1.7228E+06  5.2049E+04 -1.0286E+05
0000797   1.7932E+06  6.2080E+04  2.5953E+04
0000798   1.7472E+06  1.2367E+05 -1.1503E+05
0000799   1.7702E+06  6.3782E+04  2.7099E+04
0000800   1.7327E+06 -2.2890E+03 -3.5799E+03
0000801   1.7786E+06 -1.9632E+04  1.4822E+04
0000802   1.7631E+06  6.3737E+04 -8.0201E+04
0000803   1.7948E+06  2.5365E+04 -4.9590E+04
0000804   1.7802E+06 -6.5032E+04 -9.5365E+04
0000805   1.7357E+06 -4.0013E+04  6.5069E+04
0000806   1.7398E+06 -9.6392E+03  5.1158E+04
0000807   1.7711E+06 -1.5366E+04  1.9223E+04
0000808   1.7477E+06  7.8746E+04 -2.3024E+05
0000809   1.7789E+06  5.2909E+04 -4.3747E+04
0000810   1.7612E+06  2.4061E+04  1.7418E+04
0000811   1.7290E+06 -3.3350E+04 -4.2050E+03
0000812   1.7976E+06 -1.1197E+05  1.8314E+03
0000813   1.7611E+06 -4.2445E+04  2.7883E+04
0000814   1.7228E+06 -1.4896E+05  8.0269E+04
0000815   1.7263E+06 -1.1871E+05  2.8955E+04
0000816   1.7630E+06  8.4251E+03  1.2550E+04
0000817   1.7738E+06  5.1514E+04 -2.4273E+05
0000818   1.7661E+06  5.4116E+03  2.7432E+04
0000819   1.7892E+06 -4.2275E+04  3.5593E+04
0000820   1.7472E+06 -8.1447E+04 -1.4484E+05
0000821   1.7287E+06 -1.4834E+03  1.2274E+04
0000822   1.7721E+06  2.6657E+04 -2.0239E+05
0000823   1.7699E+06 -4.5113E+04  7.2707E+03
0000824   1.7980E+06  2.0208E+03  9.1627E+03
0000825   1.7204E+06 -5.5942E+04  4.9801E+04
0000826   1.7479E+06  8.0526E+04 -4.2411E+04
0000827   9.9396E+05 -9.9863E+04 -1.6630E+05
0000828   1.7300E+06 -3.8573E+04  8.7872E+04
0000829   1.7854E+06  1.0411E+05  4.2425E+04
0000830   1.7691E+06 -6.5517E+04  1.5338E+04
0000831   1.7085E+06  9.2239E+04  9.6107E+04
0000832   1.7835E+06 -8.2935E+03  1.1343E+05
0000833   1.7573E+06  8.8058E+04  4.4663E+04
0000834   1.7777E+06  1.6010E+04 -1.4910E+04
0000835   1.7344E+06  1.7056E+05 -1.1304E+05
0000836   1.7092E+06 -2.2978E+05  1.6114E+05
0000837   1.7219E+06 -2.0808E+04  5.5345E+03
0000838   1.7975E+06 -1.2635E+05 -2.4169E+04
0000839   1.7760E+06  3.2547E+04  1.0905E+04
0000840   1.7648E+06 -3.4697E+04 -1.7939E+04
0000841   1.7504E+06  6.2283E+04  1.3689E+03
0000842   1.7578E+06  3.6217E+04  4.4051E+04
0000843   1.7717E+06 -3.6801E+04 -2.9330E+03
0000844   1.7484E+06  4.8651E+04 -1.3642E+05
0000845   1.7982E+06  6.7507E+04  9.0169E+03
0000846   1.7558E+06  2.9339E+04 -9.4619E+04
0000847   1.7609E+06  7.0067E+03 -1.7966E+05
0000848   1.6944E+06 -1.5926E+04  2.4381E+04
0000849   1.7247E+06  5.2446E+04  6.2619E+04
0000850   1.7785E+06  1.4606E+05 -2.3271E+04
0000851   1.7657E+06  7.4052E+04  5.0205E+04
0000852   1.7540E+06 -2.8756E+04 -5.9842E+03
0000853   1.7533E+06  1.5206E+03  3.5411E+04
0000854   1.7816E+06 -7.3972E+04 -9.3482E+04
0000855   1.7602E+06  1.7011E+05  6.1102E+04
0000856   1.7501E+06 -4.5666E+04 -8.0802E+04
0000857   1.7755E+06 -6.9124E+04  1.0606E+05
0000858   1.7731E+06  8.9385E+04  4.1619E+04
0000859   1.7288E+06 -7.4229E+04  5.1242E+04
0000860   1.7679E+06  9.5424E+03  4.6934E+04
0000861   1.7376E+06 -1.5296E+04  7.2026E+04
0000862   1.8250E+06  8.4866E+03  3.4306E+04
0000863   1.7720E+06  2.3788E+04  1.5155E+05
0000864   1.8057E+06  4.1761E+04 -3.8580E+04
0000865   1.6876E+06  9.0223E+04 -8.0559E+04
0000866   1.7965E+06  2.1222E+03  6.6483E+04
0000867   1.8281E+06  1.8895E+04 -6.3472E+04
0000868   1.7770E+06  1.1572E+05  1.1149E+05
0000869   1.7376E+06 -2.6467E+05 -1.6587E+05
0000870   1.7769E+06  4.4443E+04 -2.3573E+03
0000871   1.7478E+06  5.7144E+04 -1.8169E+04
0000872   1.6620E+06 -1.1676E+05 -6.0716E+04
0000873   1.7979E+06  2.2015E+04  7.3137E+04
0000874   1.8104E+06  8.7296E+04 -6.3864E+04
0000875   1.7582E+06  3.0437E+04 -1.2607E+05
0000876   1.7589E+06 -1.2647E+04 -1.5914E+04
0000877   1.7388E+06 -1.5353E+04 -6.7712E+03
0000878   1.7709E+06  4.8790E+04  1.5857E+05
0000879   1.7803E+06 -8.1435E+03 -2.8205E+04
0000880   1.7685E+06 -1.0143E+03 -3.8590E+04
0000881   1.7682E+06 -9.0845E+04  2.8663E+04
0000882   1.7637E+06 -1.3244E+05 -3.1410E+03
0000883   1.7370E+06 -8.9157E+04  9.4383E+03
0000884   1.7709E+06  2.6521E+04  4.1663E+04
0000885   1.8053E+06  6.5772E+04  2.3766E+04
0000886   1.7805E+06 -1.4714E+05 -4.8087E+04
0000887   1.7938E+06 -8.0393E+04 -1.0073E+04
0000888   1.7909E+06  4.1131E+04  3.8106E+04
0000889   1.7484E+06 -3.9159E+04  1.6167E+04
0000890   1.7748E+06 -3.0347E+03  6.1063E+04
0000891   1.7211E+06  1.7226E+05 -2.5881E+05
0000892   1.7182E+06 -3.0501E+05  1.3017E+05
0000893   1.7473E+06  3.6363E+04  8.9429E+04
0000894   1.7284E+06  2.2809E+04  3.1977E+04
0000895   1.7095E+06  1.1307E+05  2.1660E+03
0000896   1.7421E+06  1.2230E+05 -4.0394E+04
0000897   1.7318E+06 -3.0958E+04  1.6021E+05
0000898   1.7393E+06 -3.9622E+04  9.6423E+04
0000899   1.7526E+06  6.6364E+04 -7.8882E+04
0000900   1.7712E+06 -9.4499E+04  1.2777E+04
0000901   1.7957E+06 -4.3979E+04 -7.1879E+03
0000902   1.7826E+06 -1.5804E+04 -7.6789E+01
0000903   1.7339E+06 -1.1309E+04 -6.1672E+04
0000904   1.7602E+06  7.9545E+04  2.7930E+04
0000905   1.7488E+06  3.9293E+04 -8.3763E+03
0000906   1.7988E+06  3.1255E+04  1.2507E+04
0000907   1.8086E+06  5.4385E+04  7.0457E+04
0000908   1.8262E+06  2.6511E+04 -5.2070E+04
0000909   1.7937E+06 -2.0656E+04 -2.3317E+03
0000910   1.7636E+06  5.4124E+03 -1.9936E+04
0000911   1.7413E+06  1.6352E+03  5.3830E+03
0000912   1.7612E+06  8.6896E+04 -1.0467E+05
0000913   1.7751E+06 -1.0972E+05  4.2245E+04
0000914   1.7351E+06  1.8583E+04  4.2892E+04
0000915   1.8138E+06 -6.5362E+04 -4.4959E+04
0000916   1.8310E+06 -7.4322E+03 -1.5533E+04
0000917   1.7112E+06 -3.0292E+04 -3.5149E+04
0000918   1.7691E+06 -4.2624E+04 -9.8793E+03
0000919   1.7644E+06  5.4902E+04 -8.7043E+04
0000920   1.7868E+06 -2.0190E+03 -1.1083E+05
0000921   1.7297E+06  6.6215E+04 -1.1934E+04
0000922   1.7742E+06  6.9161E+04 -3.5713E+04
0000923   1.7979E+06  6.5995E+03 -5.5904E+04
0000924   1.7681E+06 -9.4459E+04  6.6815E+04
0000925   1.7574E+06 -5.7622E+04 -9.7779E+04
0000926   1.7532E+06 -2.2471E+04 -4.3825E+04
0000927   1.7186E+06  1.8644E+05  1.5314E+04
0000928   1.7429E+06 -3.5287E+04 -2.3920E+02
0000929   1.6850E+06  1.9380E+05  1.1121E+05
0000930   1.7717E+06  8.4690E+03 -9.0809E+03
0000931   1.7741E+06 -2.0618E+04  2.9037E+04
0000932   1.7840E+06 -2.8396E+04  9.7364E+04
0000933   1.7494E+06 -3.3153E+04  1.0623E+05
0000934   1.7727E+06  6.1654E+04 -5.8448E+04
0000935   1.7633E+06  8.9041E+03  1.4763E+04
0000936   1.7707E+06 -3.5901E+04 -2.3474E+04
0000937   1.7314E+06 -4.7598E+04  5.7638E+04
0000938   1.8095E+06  3.7481E+04 -1.3619E+05
0000939   1.7585E+06  3.1797E+03 -1.0680E+04
0000940   1.7516E+06  3.0323E+04 -1.3856E+04
0000941   1.7475E+06  4.8992E+04  5.8890E+04
0000942   1.7631E+06  1.9880E+04 -1.5711E+04
0000943   1.7861E+06 -2.7798E+04  6.8421E+04
0000944   1.7902E+06  1.3183E+05  9.5806E+04
0000945   1.7436E+06  1.8064E+03  3.7780E+04
0000946   1.8027E+06 -5.8357E+04 -2.9139E+04
0000947   1.7915E+06 -5.4103E+02  4.3233E+04
0000948   1.8122E+06  5.1520E+04  4.0091E+04
0000949   1.7511E+06  6.1916E+04 -4.5094E+04
0000950   1.7607E+06  4.9622E+04 -4.0716E+04
0000951   1.7418E+06  1.7464E+04  1.4170E+04
0000952   1.7929E+06 -3.5919E+04  6.4509E+04
0000953   1.7635E+06  2.1666E+03  1.2463E+04
0000954   1.7689E+06  5.7696E+03 -6.1818E+03
0000955   1.8021E+06 -1.5834E+04  3.2247E+04
0000956   1.7569E+06  7.9327E+04 -3.0266E+04
0000957   1.7556E+06  6.9668E+04 -8.8826E+03
0000958   1.7823E+06 -1.8578E+04 -3.2775E+04
0000959   1.8083E+06 -5.0031E+03  3.4266E+03
0000960   1.7841E+06 -4.5523E+03 -2.8168E+04
0000961   1.7552E+06 -1.0761E+05  1.0374E+05
0000962   1.8010E+06  3.5480E+04 -3.7637E+04
0000963   1.8034E+06  3.4204E+04  3.6374E+04
0000964   1.7537E+06 -3.9055E+04  3.8173E+04
0000965   1.7524E+06  2.1565E+03 -4.4295E+04
0000966   1.7714E+06 -1.7587E+04 -1.7883E+05
0000967   1.8015E+06  6.0623E+03  1.5043E+04
0000968   1.7894E+06  5.8769E+04  8.6578E+04
0000969   1.7604E+06  4.8308E+04  7.7498E+04
0000970   1.7400E+06 -3.3913E+04  4.7942E+03
0000971   1.6994E+06  5.9487E+04 -4.8291E+03
0000972   1.7963E+06 -7.3409E+04 -1.6898E+04
0000973   1.7411E+06 -1.3215E+04 -3.0476E+04
0000974   1.7329E+06  7.2735E+04  4.5738E+04
0000975   1.7695E+06 -2.4431E+05  1.4315E+05
0000976   1.7179E+06 -4.0999E+04 -2.4407E+04
0000977   1.7678E+06  5.9708E+04  8.5644E+04
0000978   1.7867E+06  5.8171E+04 -7.7432E+03
0000979   1.7396E+06 -8.5393E+03  8.2134E+04
0000980   1.7759E+06  3.9858E+04  3.2644E+04
0000981   1.7731E+06 -3.4357E+04 -5.2463E+04
0000982   1.7352E+06 -7.9844E+04 -1.2191E+05
0000983   1.7628E+06  4.9725E+04 -4.5521E+04
0000984   1.8081E+06  1.1014E+05  1.8321E+04
0000985   1.7691E+06 -4.1964E+04  9.8058E+03
0000986   1.7515E+06 -2.7127E+03 -1.4096E+04
0000987   1.7494E+06 -1.5561E+04  1.1834E+04
0000988   1.7629E+06 -3.2576E+04 -3.3303E+04
0000989   1.7861E+06  7.3125E+04  9.7698E+04
0000990   1.8441E+06  2.2712E+04  2.8301E+04
0000991   1.7762E+06 -4.4378E+04 -2.1531E+04
0000992   1.7830E+06 -1.1884E+04  6.3242E+04
0000993   1.7407E+06  2.4000E+04  6.8553E+03
0000994   1.7949E+06  9.2459E+03  3.6299E+04
0000995   1.7780E+06  3.4000E+04 -2.9477E+04
0000996   1.7807E+06  2.5329E+04 -3.9165E+04
0000997   1.7666E+06 -2.4067E+04 -6.5335E+04
0000998   1.7612E+06  1.9273E+05 -6.2079E+04
0000999   1.7536E+06 -1.9455E+05 -1.5519E+05
0001000   1.7880E+06 -1.3688E+04  2.8488E+04
