============================== SRIM-2013.00 ==============================
==============================================================================
====== SRIM Outputs\RANGE_3D.txt : File of Final Ion Positions =====

Ion =  H (01)   Ion Mass= 001.0080
Energy  = 2900000.E-03 keV
Ion Angle to Surface = 00.0 degrees
==================== TARGET =======================
  Layer # 1 - Si_Top    
  Layer # 1 - Bottom Depth=300000.E+01 A
  Layer # 1 - Density =0002.3210 g/cm3
  Layer # 1 -  100 % of Si
икикикикикикикикикикикикикикикикикикикикикикикикикикикикикикикикикикикикикикикикикикикикикикикикикикикик
  Layer # 2 - Si_Bottom 
  Layer # 2 - Bottom Depth=600000.E+01 A
  Layer # 2 - Density =0002.3210 g/cm3
  Layer # 2 -  100 % of Si
икикикикикикикикикикикикикикикикикикикикикикикикикикикикикикикикикикикикикикикикикикикикикикикикикикикик
                                            
Ion       Depth  X   Lateral Y   Lateral Z  
Number    (Angstrom) (Angstrom)  (Angstrom) 
-------  ----------- ----------- -----------
0000001   8.7842E+05 -3.1134E+04 -1.1206E+04
0000002   8.8295E+05  1.5188E+05  6.3065E+03
0000003   8.8807E+05 -1.4364E+04 -8.9346E+03
0000004   9.0137E+05  1.3561E+03  5.2093E+04
0000005   8.9245E+05  6.4817E+04 -2.8125E+04
0000006   8.5521E+05 -4.5077E+04 -9.5797E+02
0000007   8.8650E+05 -1.1014E+04  5.2424E+04
0000008   9.0988E+05  4.3186E+04 -1.6987E+04
0000009   8.7838E+05 -7.0176E+03 -1.3387E+03
0000010   9.0367E+05 -6.1530E+03 -1.6228E+04
0000011   8.6426E+05 -1.2421E+05  1.7982E+04
0000012   8.8314E+05 -3.0662E+04  4.7800E+04
0000013   8.9252E+05  4.9740E+04 -1.9305E+04
0000014   8.7854E+05  9.0425E+03  1.2742E+04
0000015   9.0869E+05  4.9390E+04 -5.0521E+04
0000016   8.9000E+05  2.2747E+04  6.9400E+03
0000017   8.8019E+05  3.5854E+04  1.5094E+04
0000018   8.9335E+05  1.4313E+04  1.1950E+04
0000019   8.6409E+05  4.3409E+04  9.1766E+03
0000020   8.8920E+05 -1.9734E+04  3.2289E+02
0000021   8.8799E+05  4.2033E+04 -1.1083E+04
0000022   8.4875E+05 -2.4867E+04 -7.9899E+04
0000023   8.7338E+05 -2.0246E+04  1.1718E+04
0000024   9.0050E+05  1.1063E+04  3.3757E+04
0000025   8.8003E+05 -7.4226E+03 -6.1695E+04
0000026   9.0533E+05 -2.2232E+04 -3.2511E+03
0000027   8.7445E+05  6.1722E+04  7.7810E+04
0000028   8.7137E+05 -1.7290E+04 -9.6349E+03
0000029   9.0012E+05  4.5166E+03 -4.0721E+04
0000030   8.4454E+05  9.5502E+04  3.9860E+04
0000031   8.9354E+05 -4.5170E+04  5.5679E+04
0000032   9.0330E+05 -2.9674E+04 -4.4013E+04
0000033   8.8243E+05 -1.2628E+04 -5.9033E+04
0000034   8.6941E+05 -3.0888E+04 -1.6231E+04
0000035   8.6784E+05 -8.5738E+04  2.7532E+03
0000036   8.4280E+05  4.9898E+04 -4.9220E+04
0000037   8.7851E+05 -1.9589E+04 -6.8994E+04
0000038   8.9802E+05 -1.4408E+04 -8.8701E+03
0000039   8.7158E+05  3.5207E+04  1.2186E+04
0000040   8.8148E+05  1.0615E+04  4.2277E+04
0000041   8.7627E+05 -5.4517E+04  6.4939E+04
0000042   8.7974E+05 -6.0609E+03  3.1129E+04
0000043   8.9518E+05  6.8044E+04 -3.5240E+03
0000044   8.8822E+05  4.9252E+04 -4.9010E+04
0000045   8.9671E+05  8.0322E+04 -2.9592E+04
0000046   8.9347E+05  4.0961E+04 -4.3514E+03
0000047   8.8788E+05 -6.0336E+03  1.4300E+04
0000048   8.9116E+05 -3.1948E+04 -4.2042E+04
0000049   8.8991E+05 -1.1769E+04  9.3996E+03
0000050   8.8932E+05 -3.7345E+04  3.0728E+04
0000051   8.8890E+05 -4.0793E+03 -2.9759E+04
0000052   8.6242E+05 -1.1089E+04  2.0071E+04
0000053   8.9367E+05  3.9195E+02  3.7544E+04
0000054   9.0791E+05 -2.0573E+04 -3.5665E+04
0000055   8.9326E+05  2.2839E+04  3.7266E+04
0000056   8.7927E+05  7.8843E+03 -8.8987E+04
0000057   8.8114E+05 -8.5823E+03  2.5960E+04
0000058   8.9061E+05  1.5987E+04 -4.0894E+04
0000059   8.8257E+05  4.2140E+04  1.3340E+03
0000060   8.7994E+05  4.6261E+04 -4.7838E+04
0000061   8.7559E+05 -1.9276E+03 -4.1010E+04
0000062   8.9714E+05  1.7737E+04 -2.3530E+04
0000063   8.7942E+05 -6.8315E+04  4.9790E+03
0000064   8.9275E+05 -1.8147E+03 -3.2830E+04
0000065   8.9835E+05  2.2177E+03 -6.0880E+03
0000066   9.1553E+05 -2.8055E+04  4.9849E+04
0000067   7.8901E+05  2.2742E+05  9.7475E+04
0000068   8.5989E+05  4.1479E+04  2.1365E+04
0000069   8.7140E+05 -2.2320E+04  5.9681E+04
0000070   8.6039E+05  6.3632E+03 -9.0061E+03
0000071   8.7803E+05 -1.0863E+04 -4.3390E+04
0000072   8.6537E+05  2.8772E+04  1.3752E+04
0000073   8.9258E+05 -3.4407E+04  1.7035E+04
0000074   8.8802E+05 -5.8772E+04  2.3041E+04
0000075   8.9875E+05 -4.5744E+04  3.3184E+04
0000076   8.7931E+05  2.9451E+03 -3.9009E+04
0000077   8.7926E+05  3.1022E+04  4.3619E+04
0000078   8.8272E+05 -1.6288E+04  1.8352E+04
0000079   8.7358E+05  1.0711E+04 -2.6452E+03
0000080   8.9043E+05  1.0985E+04 -6.1004E+04
0000081   8.9871E+05 -8.0647E+04  3.6140E+03
0000082   8.6050E+05 -2.3837E+04  9.6230E+03
0000083   8.5652E+05  1.5046E+04  2.2535E+04
0000084   8.6709E+05  2.5037E+04  5.5593E+03
0000085   8.6204E+05 -2.2258E+04 -3.3715E+04
0000086   9.0785E+05 -5.0109E+03  9.9370E+02
0000087   8.7611E+05 -6.1106E+04 -2.8729E+04
0000088   9.1755E+05 -2.9688E+03  4.4433E+04
0000089   8.8693E+05 -7.2712E+03 -5.0291E+03
0000090   8.7605E+05  4.1210E+04  1.0724E+04
0000091   8.6793E+05 -3.5959E+04  4.1294E+02
0000092   8.9286E+05  1.0646E+04 -6.5448E+04
0000093   8.7687E+05  5.7936E+04 -3.1582E+04
0000094   8.7484E+05 -3.0351E+04 -3.7137E+03
0000095   8.8457E+05  4.8243E+04 -2.1104E+04
0000096   8.7939E+05 -2.4155E+04  2.1030E+04
0000097   8.7461E+05 -1.6144E+04 -3.2987E+04
0000098   8.8147E+05  2.6050E+04  2.6781E+04
0000099   8.9754E+05 -2.3947E+04  3.3102E+03
0000100   8.8228E+05  2.5930E+04 -2.3093E+04
0000101   8.9880E+05 -2.3284E+04  3.6055E+04
0000102   8.6961E+05 -7.5116E+04  1.2060E+03
0000103   8.5574E+05 -5.7984E+03  6.1868E+04
0000104   8.7716E+05  9.3627E+03  1.4104E+04
0000105   8.4150E+05 -2.5496E+03 -1.3984E+04
0000106   8.7478E+05 -1.2420E+04 -2.1587E+04
0000107   8.9473E+05  3.6316E+04  5.5309E+03
0000108   8.9008E+05  6.4638E+03 -3.3666E+04
0000109   8.7509E+05  1.9940E+04 -8.7973E+03
0000110   8.8396E+05  7.4002E+04 -1.5560E+03
0000111   9.0690E+05 -6.4474E+04  1.0865E+05
0000112   8.7293E+05 -6.2299E+04  9.1183E+02
0000113   8.8454E+05 -1.7947E+04  2.1373E+04
0000114   8.9181E+05  8.7671E+03  1.2952E+04
0000115   8.9359E+05 -7.2904E+03 -2.1857E+04
0000116   8.6952E+05  2.8792E+04  5.6968E+04
0000117   9.0156E+05 -9.4721E+03  6.5626E+04
0000118   8.9730E+05  7.5008E+03 -5.4957E+04
0000119   8.7174E+05 -3.0232E+04 -1.2093E+04
0000120   8.7484E+05 -2.8850E+04 -9.5673E+03
0000121   8.9908E+05 -1.3499E+04 -4.5714E+04
0000122   8.8082E+05  1.3444E+04  1.0053E+05
0000123   8.8505E+05 -1.1463E+04 -4.1976E+04
0000124   8.6666E+05 -1.0206E+04  3.2436E+04
0000125   8.9650E+05 -4.2471E+04  6.4320E+03
0000126   8.6668E+05  4.8897E+04  2.6951E+04
0000127   8.8090E+05  1.4167E+04 -1.4362E+04
0000128   8.7876E+05  4.9984E+04  5.4035E+04
0000129   8.5736E+05  2.6732E+04  3.7302E+04
0000130   8.7950E+05 -6.3742E+03 -1.0066E+04
0000131   8.8938E+05  1.7147E+04 -2.0219E+04
0000132   8.5842E+05  3.9896E+04  1.1010E+04
0000133   8.9270E+05 -1.5528E+04  3.3752E+03
0000134   9.0522E+05  2.1063E+04  5.0692E+04
0000135   8.9221E+05  2.0716E+04 -8.9326E+03
0000136   8.6968E+05 -1.4034E+04  4.0515E+04
0000137   8.9682E+05 -3.4737E+04  3.6280E+04
0000138   8.9003E+05 -1.7375E+04 -6.7096E+03
0000139   8.8334E+05  6.6835E+03  4.4670E+03
0000140   8.9832E+05 -1.1452E+03 -1.5695E+04
0000141   8.8381E+05  8.8211E+04 -5.0594E+03
0000142   8.8733E+05 -2.5174E+04  1.3467E+04
0000143   8.9448E+05 -6.6073E+03 -1.5100E+04
0000144   8.5572E+05  1.1703E+04  8.1218E+03
0000145   8.5523E+05 -2.1903E+04 -4.2959E+04
0000146   8.8092E+05  4.4030E+04 -8.4835E+04
0000147   8.8147E+05 -2.5192E+04 -1.1912E+04
0000148   8.7360E+05  1.1249E+05 -3.6214E+04
0000149   9.1197E+05  1.0226E+02  5.1895E+03
0000150   9.0457E+05  3.0065E+04 -1.5868E+04
0000151   8.8436E+05  1.1052E+04  1.7928E+04
0000152   8.7558E+05  5.0948E+03  4.6603E+04
0000153   8.7322E+05 -2.5032E+03  8.9884E+03
0000154   9.2330E+05  1.1207E+04  5.2466E+03
0000155   8.9420E+05 -5.9678E+04 -4.9699E+04
0000156   9.0326E+05 -6.3422E+03  2.2267E+03
0000157   8.7690E+05  1.9702E+04  1.9940E+04
0000158   9.0084E+05  5.5274E+02  4.2465E+04
0000159   8.9104E+05  1.0126E+04  3.1189E+04
0000160   8.7693E+05 -4.5035E+03 -8.9120E+02
0000161   8.9750E+05 -2.3130E+04  1.8094E+04
0000162   9.1236E+05  3.0624E+04 -4.7193E+03
0000163   8.8319E+05 -3.5663E+04  7.2994E+03
0000164   8.7415E+05  3.3833E+04 -1.7582E+04
0000165   8.8485E+05  3.4531E+03 -6.8208E+03
0000166   8.8711E+05 -1.9739E+04  5.0069E+03
0000167   9.2025E+05  2.7483E+03 -2.6167E+03
0000168   8.9668E+05  2.6387E+04 -2.7763E+04
0000169   8.7393E+05 -2.1675E+04 -1.5127E+04
0000170   9.0658E+05 -2.1924E+04  2.6298E+04
0000171   8.6590E+05  1.5024E+04 -3.1696E+04
0000172   8.5669E+05 -2.6835E+04 -3.0226E+04
0000173   8.6607E+05 -4.1469E+04  7.7129E+03
0000174   9.0468E+05  3.1661E+04  4.2756E+03
0000175   8.6425E+05  3.0939E+04  7.3929E+04
0000176   8.9138E+05  4.9278E+03  5.9891E+04
0000177   8.7156E+05  1.3050E+04 -3.6340E+04
0000178   8.5506E+05 -9.3100E+04 -6.9818E+03
0000179   8.7396E+05  1.0993E+04 -2.3547E+04
0000180   8.6664E+05  6.7779E+03 -3.7319E+04
0000181   9.1736E+05  1.8213E+03  7.1221E+03
0000182   8.7629E+05 -1.5703E+04  3.1598E+03
0000183   9.0923E+05 -5.7226E+03 -4.6030E+04
0000184   8.7491E+05  1.4840E+04  7.2007E+03
0000185   8.6940E+05 -2.6745E+03 -3.4705E+04
0000186   8.8388E+05 -2.1667E+04  6.0960E+03
0000187   8.8151E+05 -4.5717E+03 -2.6904E+04
0000188   9.1337E+05 -2.7548E+04  6.2234E+04
0000189   8.8052E+05  4.4439E+04  2.2095E+04
0000190   8.8816E+05 -9.5686E+02 -3.2385E+04
0000191   8.7878E+05 -1.9513E+04  6.2978E+04
0000192   8.7358E+05  5.3973E+03  1.0357E+04
0000193   8.8033E+05 -3.3542E+04 -2.3859E+04
0000194   8.7197E+05  3.9882E+04 -1.0605E+03
0000195   8.8956E+05  9.9522E+02 -1.2176E+04
0000196   8.8089E+05  3.5304E+04  5.9731E+03
0000197   8.8134E+05  1.4560E+04  2.7210E+04
0000198   8.7617E+05 -2.2839E+03 -2.3324E+04
0000199   8.9536E+05 -1.9389E+04  6.1776E+02
0000200   8.9869E+05 -2.2267E+04  1.0042E+04
0000201   8.8047E+05 -1.6193E+04  1.1840E+04
0000202   8.6952E+05  6.0107E+04 -4.1725E+04
0000203   8.6008E+05  1.5159E+03  3.7309E+04
0000204   9.0069E+05 -1.9279E+04  2.2736E+04
0000205   9.0792E+05  1.7298E+04 -1.3196E+04
0000206   8.8971E+05  3.2684E+04  9.7549E+03
0000207   8.5373E+05  2.6168E+04 -9.1728E+04
0000208   8.6704E+05  1.7605E+04 -3.8882E+04
0000209   8.8139E+05  1.0316E+04  2.8905E+04
0000210   8.8722E+05  4.2198E+04 -1.8012E+04
0000211   8.7692E+05  3.1356E+02 -6.8948E+04
0000212   8.9499E+05 -2.8185E+04  2.5042E+04
0000213   8.8610E+05 -3.2421E+04 -8.7477E+03
0000214   8.8550E+05 -2.6636E+04  1.4959E+04
0000215   8.7609E+05 -1.8494E+04  2.2949E+03
0000216   8.7565E+05 -1.2212E+04 -3.0992E+03
0000217   9.0672E+05  8.7637E+03  7.5595E+03
0000218   8.1517E+05 -1.6291E+05  6.2743E+04
0000219   8.9293E+05 -1.6717E+04 -3.4749E+03
0000220   9.0491E+05 -1.5978E+04  4.2270E+04
0000221   8.7767E+05 -5.7780E+04  1.5663E+04
0000222   9.0523E+05  6.5536E+03 -2.4771E+04
0000223   8.6661E+05  4.7092E+04  6.9698E+04
0000224   8.9299E+05 -2.6843E+04 -3.5792E+03
0000225   8.8013E+05 -3.7851E+03  2.2505E+02
0000226   8.7685E+05  1.3221E+04 -8.5351E+03
0000227   8.7889E+05  1.2059E+04  1.9828E+04
0000228   8.7965E+05 -3.0828E+03 -3.0150E+04
0000229   8.7173E+05  2.3192E+04  6.7735E+04
0000230   8.6911E+05  1.4062E+04 -4.3425E+04
0000231   8.7272E+05 -1.1419E+04  2.5379E+04
0000232   8.4514E+05  3.7394E+04 -2.1392E+04
0000233   8.8480E+05 -4.8891E+04 -2.2560E+04
0000234   8.6380E+05  2.6996E+04  4.8536E+02
0000235   9.0752E+05  1.0084E+04  1.4403E+03
0000236   8.7377E+05  2.1484E+04 -1.4373E+04
0000237   8.7766E+05  7.7799E+04  2.9346E+03
0000238   8.8905E+05 -5.8539E+04  3.2982E+03
0000239   8.9188E+05 -9.4100E+03  5.9136E+04
0000240   8.7817E+05 -1.2671E+04 -2.2779E+04
0000241   8.9707E+05 -4.1267E+04 -6.1308E+03
0000242   8.7174E+05 -2.0592E+04 -2.9124E+04
0000243   8.6990E+05  4.8840E+04 -9.8068E+04
0000244   8.9196E+05 -5.0729E+04  2.5745E+03
0000245   8.8838E+05 -4.1193E+04  1.5683E+04
0000246   8.9706E+05 -8.4685E+03  1.5773E+04
0000247   8.7500E+05 -3.0987E+04 -1.9041E+04
0000248   9.1653E+05 -3.8858E+03  3.3611E+04
0000249   8.8069E+05 -1.0254E+04  7.1972E+04
0000250   9.1371E+05 -2.2316E+04  5.9019E+04
0000251   8.9163E+05 -4.0751E+04 -1.4923E+02
0000252   8.8355E+05  5.8749E+04  6.3462E+04
0000253   8.7424E+05  2.9828E+04 -5.3543E+03
0000254   8.9088E+05  6.0251E+04  6.1540E+04
0000255   8.4136E+05  1.4876E+04 -3.1425E+04
0000256   8.9630E+05 -6.7128E+03 -8.9322E+04
0000257   8.7143E+05 -4.1389E+04  4.8082E+04
0000258   8.5413E+05 -4.8740E+04  6.3733E+04
0000259   8.7463E+05  1.8091E+04 -3.6836E+04
0000260   8.5719E+05 -1.8254E+04  3.2469E+04
0000261   8.7535E+05 -2.6291E+04  1.1128E+03
0000262   9.1317E+05 -6.3210E+03  3.9108E+04
0000263   9.0415E+05 -1.5765E+04  1.0548E+03
0000264   8.6544E+05 -1.7409E+04  1.3468E+05
0000265   8.9419E+05 -7.8447E+03  5.7948E+03
0000266   9.0356E+05  4.8011E+03  4.0061E+04
0000267   8.6384E+05  7.7793E+04 -3.4272E+04
0000268   9.2499E+05 -3.5853E+04  1.4108E+04
0000269   8.7277E+05  1.0268E+04 -2.0566E+04
0000270   8.7788E+05  2.1233E+04 -3.6403E+04
0000271   8.8538E+05 -1.6540E+04 -5.5994E+04
0000272   8.9375E+05 -1.9845E+04  3.3268E+04
0000273   8.7338E+05 -5.0454E+04 -2.7007E+04
0000274   8.9358E+05  1.4069E+04  2.3923E+04
0000275   8.8960E+05 -1.2427E+04 -3.7942E+04
0000276   8.8354E+05 -8.0834E+03  5.3476E+04
0000277   8.9492E+05  4.2349E+04 -4.3812E+04
0000278   8.7525E+05 -1.1646E+04 -3.9460E+03
0000279   8.6249E+05  5.0427E+04  4.0188E+04
0000280   8.5759E+05  6.5794E+04  6.8276E+03
0000281   8.8129E+05 -2.9107E+04 -3.4980E+04
0000282   8.9550E+05  1.3520E+04 -9.7137E+03
0000283   8.8110E+05 -2.6188E+04 -1.4455E+04
0000284   9.0008E+05  6.3167E+04 -5.6580E+03
0000285   9.1814E+05 -1.2891E+04 -2.5817E+04
0000286   8.5808E+05  2.6338E+04  2.7869E+04
0000287   8.9291E+05 -1.7827E+04  1.7226E+04
0000288   8.6928E+05 -1.1486E+04 -1.7890E+04
0000289   8.7387E+05 -4.7297E+03  3.0921E+04
0000290   9.1262E+05  2.4125E+03  1.8041E+04
0000291   8.7363E+05 -3.2914E+04 -2.7743E+04
0000292   8.6534E+05  5.8647E+03  6.6374E+02
0000293   8.7537E+05  2.3484E+04  1.8509E+03
0000294   8.8068E+05  1.1409E+04  6.8060E+04
0000295   8.9269E+05 -9.0403E+03 -4.9323E+04
0000296   9.0239E+05  5.3716E+04 -1.3215E+04
0000297   8.7413E+05 -1.2998E+04  3.9252E+03
0000298   7.1421E+05 -1.5968E+05 -4.3009E+05
0000299   8.7358E+05 -1.2641E+04  5.2042E+04
0000300   8.8224E+05 -4.3383E+04 -2.4458E+03
0000301   8.9771E+05 -5.3107E+04  8.3967E+03
0000302   8.7085E+05 -1.0099E+04  3.4015E+04
0000303   8.9160E+05 -2.0697E+04  1.1039E+04
0000304   8.9791E+05  1.1587E+04  2.6649E+03
0000305   8.7930E+05  6.7246E+03  8.0042E+03
0000306   8.6633E+05 -2.2263E+04 -8.0374E+03
0000307   8.8690E+05 -1.1123E+04 -3.0679E+04
0000308   8.7777E+05 -1.3498E+04  8.2798E+03
0000309   8.7978E+05 -5.2214E+04  1.4614E+04
0000310   8.7263E+05 -6.0096E+03  2.0487E+03
0000311   8.7636E+05 -2.9346E+04 -1.1621E+04
0000312   8.8726E+05 -1.1306E+04  7.1344E+04
0000313   9.0030E+05 -7.1065E+03  1.9350E+04
0000314   8.8548E+05  1.9907E+04 -4.1155E+03
0000315   9.0523E+05 -3.5808E+04  2.5681E+04
0000316   8.9846E+05  1.4843E+04  2.0985E+04
0000317   8.7378E+05 -3.7849E+04  2.6066E+04
0000318   8.9297E+05 -1.1624E+04  7.0913E+03
0000319   8.7187E+05 -2.9435E+04 -2.1402E+04
0000320   8.9537E+05  2.0752E+04  5.0456E+04
0000321   9.0980E+05  1.8788E+04 -1.7037E+04
0000322   8.7412E+05  1.3705E+04  1.0836E+04
0000323   8.8641E+05 -1.1544E+04 -2.7999E+04
0000324   8.9208E+05 -8.5579E+03 -1.9456E+03
0000325   8.8606E+05  2.8864E+04 -1.8365E+04
0000326   8.9914E+05  5.2334E+04  2.5677E+04
0000327   8.6803E+05 -1.1708E+04 -9.7837E+03
0000328   8.5082E+05  4.1376E+04  5.6774E+03
0000329   8.8202E+05  6.0122E+03 -1.0614E+04
0000330   8.9237E+05 -8.7294E+03 -2.5008E+04
0000331   8.9862E+05  7.5205E+03  6.7149E+03
0000332   8.9702E+05  2.0868E+03 -1.4287E+03
0000333   8.6884E+05  2.2790E+03 -3.2026E+04
0000334   8.8582E+05  1.4449E+04 -6.2253E+04
0000335   8.9266E+05 -3.4893E+04  7.0739E+02
0000336   8.9075E+05  8.1556E+03  4.8271E+04
0000337   8.8098E+05  8.5934E+03 -1.5663E+05
0000338   9.0306E+05 -2.2393E+03  1.7175E+04
0000339   8.9740E+05  5.0191E+04 -1.6532E+04
0000340   8.9843E+05  9.2137E+03 -7.8725E+03
0000341   8.6959E+05 -3.7400E+03 -1.4694E+02
0000342   8.6702E+05 -2.6804E+04  1.6641E+04
0000343   8.7333E+05 -3.5226E+03  1.6520E+04
0000344   8.7849E+05  1.5813E+04 -3.9784E+04
0000345   8.7726E+05 -4.4323E+04  1.0800E+04
0000346   8.8131E+05 -5.0077E+04  1.6732E+04
0000347   8.9159E+05 -4.5625E+03  1.8590E+04
0000348   8.6723E+05 -1.9468E+04  9.1607E+03
0000349   8.7860E+05  3.9659E+03  7.4119E+01
0000350   8.9906E+05  8.0161E+03 -2.9857E+04
0000351   8.7013E+05  3.6542E+04 -5.1698E+04
0000352   8.5752E+05 -9.5312E+04  3.2545E+04
0000353   8.7595E+05 -4.8327E+03 -1.7469E+03
0000354   8.8519E+05 -3.9271E+04  1.1842E+04
0000355   5.6791E+05  3.4813E+05 -3.8666E+05
0000356   9.1359E+05 -2.8636E+04 -1.5293E+04
0000357   8.9024E+05 -9.4520E+03  2.3754E+04
0000358   8.7445E+05 -8.2084E+03 -1.5379E+04
0000359   8.8524E+05  2.6775E+03 -3.7500E+04
0000360   8.9155E+05  1.7220E+04  7.4472E+03
0000361   8.7750E+05  3.3310E+04 -1.9879E+04
0000362   8.7524E+05 -1.3414E+04  2.9254E+04
0000363   8.6207E+05 -4.0969E+04  2.9632E+04
0000364   8.8301E+05 -2.3738E+04 -6.5506E+04
0000365   8.6725E+05  3.1671E+04 -2.2090E+04
0000366   8.7677E+05 -3.0729E+04 -3.8549E+04
0000367   8.8347E+05 -2.1377E+04  7.0223E+03
0000368   8.6592E+05 -1.0014E+04 -1.6250E+04
0000369   8.6916E+05  1.0792E+04  1.3725E+04
0000370   8.9443E+05  1.0471E+04  3.3167E+04
0000371   8.6474E+05  3.2878E+04 -7.7365E+03
0000372   8.8415E+05 -5.0749E+04 -2.0599E+03
0000373   8.8047E+05 -3.4624E+04 -2.4740E+02
0000374   8.7986E+05 -5.2995E+04  6.8742E+04
0000375   8.9704E+05  1.6257E+04 -2.4908E+04
0000376   8.9856E+05  5.9075E+04 -1.7404E+04
0000377   9.0039E+05 -3.3467E+04  1.1105E+04
0000378   9.0122E+05  3.2126E+04  1.8440E+04
0000379   8.9590E+05  1.4373E+04  3.2049E+04
0000380   8.7314E+05  4.2633E+03 -1.3344E+04
0000381   8.9279E+05  5.3835E+02 -9.3751E+04
0000382   9.0858E+05  3.0050E+04 -2.8886E+03
0000383   8.6088E+05 -1.0564E+05 -2.6764E+04
0000384   8.6901E+05 -1.7125E+03 -9.6907E+03
0000385   9.0200E+05  9.6506E+03 -1.7946E+04
0000386   8.7490E+05 -4.1306E+04  5.1419E+04
0000387   8.7437E+05  3.1614E+03  2.9553E+04
0000388   8.8208E+05  3.1453E+04  1.3855E+04
0000389   8.5861E+05 -9.5759E+04 -2.3984E+04
0000390   8.8119E+05  1.6569E+04 -8.4154E+04
0000391   8.8962E+05  2.6111E+03  3.6117E+04
0000392   8.8026E+05 -5.9247E+03 -2.0719E+04
0000393   8.8532E+05  2.5302E+04 -5.9507E+04
0000394   8.8339E+05 -4.2709E+04  2.8305E+03
0000395   8.9006E+05  6.2200E+03  1.3516E+04
0000396   8.7972E+05 -1.7781E+04  1.9187E+04
0000397   8.7924E+05 -2.1244E+03 -2.1897E+04
0000398   8.7824E+05 -2.7746E+04  4.2090E+04
0000399   8.7800E+05  1.9123E+04 -2.0468E+04
0000400   8.8113E+05  4.6875E+04  3.3857E+04
0000401   9.0990E+05  2.6291E+04  1.3113E+04
0000402   8.8629E+05 -1.3264E+04 -1.0627E+03
0000403   8.8249E+05  2.8707E+04  2.1372E+02
0000404   8.7581E+05  1.6068E+04  7.7339E+04
0000405   8.7919E+05 -8.2890E+04 -8.0697E+04
0000406   8.8474E+05  2.4778E+04 -2.2134E+04
0000407   8.9930E+05 -3.2547E+04 -1.3511E+04
0000408   8.6638E+05 -7.8593E+03 -3.3231E+03
0000409   8.5935E+05  2.4927E+04 -6.4580E+03
0000410   8.8605E+05 -6.4821E+03  3.2565E+04
0000411   8.6261E+05  7.0142E+03 -6.4193E+03
0000412   8.6172E+05 -3.1875E+04 -1.5714E+03
0000413   9.1209E+05  1.2352E+04 -9.8886E+03
0000414   8.9477E+05  1.3863E+04 -9.0648E+03
0000415   8.9074E+05 -5.2160E+04 -2.2204E+04
0000416   8.7205E+05  1.6217E+04 -1.6578E+03
0000417   8.7875E+05 -3.1949E+04  2.1575E+04
0000418   8.6315E+05  3.0148E+04  8.6536E+03
0000419   8.8032E+05 -4.1660E+04  5.5241E+04
0000420   8.6917E+05 -1.4710E+04 -1.6483E+04
0000421   8.8066E+05 -8.0733E+03  6.2831E+04
0000422   8.9424E+05  3.2247E+04 -1.6163E+04
0000423   8.6875E+05  1.6701E+04 -6.5966E+04
0000424   8.8283E+05  4.7809E+03  8.7969E+03
0000425   8.8988E+05  1.8674E+04 -6.2413E+03
0000426   8.7263E+05 -3.2768E+03  1.9331E+04
0000427   8.9534E+05 -4.8204E+04 -3.9363E+03
0000428   8.9012E+05 -4.4978E+04  2.3717E+04
0000429   8.5138E+05 -1.5450E+04 -1.0961E+04
0000430   8.8431E+05 -9.6230E+03  8.8387E+03
0000431   8.7960E+05  1.3582E+04 -2.7040E+04
0000432   8.8303E+05 -7.0163E+03 -4.9165E+04
0000433   8.6206E+05 -4.6949E+04 -1.0464E+04
0000434   8.8384E+05 -3.7330E+04 -3.4616E+04
0000435   8.9633E+05  2.7184E+04  6.7787E+04
0000436   9.0676E+05  6.5294E+03  1.3306E+04
0000437   8.8079E+05 -5.2686E+04  2.2957E+04
0000438   8.7274E+05  1.5641E+04  1.6572E+04
0000439   8.8610E+05 -7.2260E+03  3.3971E+04
0000440   8.6019E+05  4.9742E+04 -1.2895E+04
0000441   8.9261E+05 -4.2777E+04  2.8903E+04
0000442   8.7321E+05  2.2097E+04 -4.5462E+04
0000443   8.9554E+05  5.9916E+04  6.5477E+03
0000444   8.9831E+05  2.5780E+04 -3.0933E+04
0000445   8.7509E+05 -5.7907E+04 -1.0596E+05
0000446   8.9081E+05 -2.3897E+04  4.9259E+04
0000447   8.7985E+05 -4.8453E+01 -4.5017E+04
0000448   8.7587E+05 -1.2157E+04  3.6020E+03
0000449   8.8073E+05 -2.5913E+03 -6.4112E+03
0000450   8.7671E+05 -2.7775E+04 -1.7959E+04
0000451   8.8434E+05  1.9158E+04 -3.4046E+04
0000452   8.6767E+05 -1.7707E+04  5.5689E+03
0000453   8.7798E+05  1.7800E+04  8.3611E+03
0000454   8.9119E+05 -3.9407E+04 -3.1423E+04
0000455   9.0720E+05  6.4775E+03  1.3029E+04
0000456   9.1613E+05  5.1636E+04 -1.2676E+03
0000457   8.7770E+05  1.6210E+04  4.9347E+03
0000458   8.8807E+05 -1.9265E+04 -3.1550E+03
0000459   8.9071E+05  2.5788E+03 -9.5587E+03
0000460   8.9390E+05 -1.2261E+04 -3.4413E+04
0000461   8.8410E+05 -3.1852E+04  1.1484E+05
0000462   8.7108E+05 -1.0199E+04  1.0914E+04
0000463   8.5816E+05 -2.1513E+04  2.0223E+04
0000464   8.9893E+05  2.3587E+03 -6.0733E+03
0000465   8.7010E+05 -3.8560E+04  1.9453E+03
0000466   8.7347E+05  3.8650E+04 -1.7529E+04
0000467   8.8381E+05  8.4360E+03 -2.9187E+04
0000468   7.8681E+05  6.3578E+04  1.6757E+05
0000469   8.8184E+05  2.7686E+04  4.8077E+04
0000470   8.6711E+05 -2.6778E+04 -1.0128E+04
0000471   8.7318E+05 -2.5835E+04  8.2726E+03
0000472   8.7460E+05 -8.4715E+03  3.4279E+04
0000473   8.7517E+05  4.2280E+04 -3.1497E+04
0000474   9.0337E+05  9.4253E+03  3.2735E+04
0000475   8.9612E+05 -2.6410E+04  1.1632E+04
0000476   8.6215E+05 -4.1857E+04  2.3410E+04
0000477   8.6512E+05 -1.0791E+04 -3.8332E+04
0000478   8.8978E+05 -3.8824E+04 -3.4333E+04
0000479   8.8389E+05  5.4397E+04  2.8038E+04
0000480   8.8042E+05  1.8106E+04  3.1974E+03
0000481   8.8451E+05  8.5046E+03 -1.3377E+04
0000482   8.9280E+05 -1.4598E+04  8.1150E+02
0000483   8.7179E+05 -1.8040E+04  1.0557E+04
0000484   8.7787E+05 -4.2545E+04 -8.9509E+03
0000485   8.7961E+05  2.3377E+04  1.2936E+05
0000486   9.0799E+05 -5.1771E+03 -2.8730E+03
0000487   8.2563E+05  1.3318E+05 -1.9428E+05
0000488   8.8543E+05  2.1552E+04 -2.1460E+03
0000489   8.9246E+05 -1.2918E+04 -1.2791E+03
0000490   8.7453E+05  4.2327E+04 -5.0546E+02
0000491   8.9173E+05  1.3051E+04 -3.7280E+04
0000492   8.7977E+05 -1.3865E+04  1.0160E+04
0000493   9.0245E+05  4.0246E+03 -6.0659E+03
0000494   8.6341E+05 -2.0559E+04 -3.0626E+04
0000495   8.7274E+05  1.4649E+04  9.2214E+04
0000496   8.6276E+05 -3.3588E+04 -1.6426E+03
0000497   8.8698E+05  7.1563E+04 -2.6337E+04
0000498   8.5836E+05 -1.7721E+04 -1.1216E+04
0000499   8.7030E+05  4.6397E+04 -3.2814E+04
0000500   8.7040E+05 -3.6690E+03  5.4501E+03
0000501   8.8147E+05  2.7171E+03 -2.7259E+03
0000502   8.5004E+05 -1.6574E+05 -3.2855E+04
0000503   8.7376E+05  1.1160E+04 -8.9423E+03
0000504   8.6722E+05  5.4701E+04  5.8211E+04
0000505   8.8295E+05  4.0511E+02  1.9053E+04
0000506   9.0379E+05 -1.8727E+04 -3.8963E+04
0000507   8.8825E+05  3.2303E+03  3.6224E+04
0000508   8.8296E+05 -4.5808E+04 -2.1744E+04
0000509   8.6917E+05  7.3224E+03 -7.3037E+04
0000510   8.8981E+05 -2.7970E+04 -6.3905E+03
0000511   8.6789E+05 -3.0000E+03 -2.6161E+04
0000512   8.8632E+05  8.5284E+04 -2.3961E+04
0000513   8.8106E+05  1.6992E+04 -3.6231E+03
0000514   9.0386E+05 -2.9840E+04 -1.4620E+04
0000515   8.6106E+05 -2.1183E+04  3.2051E+04
0000516   8.8210E+05  2.2488E+03 -3.4470E+04
0000517   8.8970E+05  1.1218E+04  1.6407E+04
0000518   8.8446E+05  2.5792E+04  1.0669E+04
0000519   8.8517E+05 -2.5779E+04  4.3264E+04
0000520   8.8636E+05  3.1890E+03  3.5656E+04
0000521   8.9082E+05 -1.4086E+04 -2.8175E+04
0000522   8.6750E+05  6.1839E+02 -5.1391E+02
0000523   8.8661E+05 -3.5591E+04 -2.8378E+04
0000524   9.1675E+05  4.4707E+03  4.8219E+03
0000525   8.5254E+05 -8.9253E+03  4.7037E+03
0000526   8.7700E+05 -3.4915E+02 -7.4244E+03
0000527   8.6186E+05  3.4976E+04  5.8269E+04
0000528   8.7022E+05  6.1118E+04 -1.6640E+04
0000529   8.6994E+05  7.3912E+02  1.6820E+04
0000530   8.7992E+05  2.7047E+04  1.9223E+04
0000531   8.6654E+05  1.0682E+05  2.5291E+04
0000532   8.9061E+05 -3.3219E+04 -7.6537E+03
0000533   8.8766E+05  4.0396E+03  4.6649E+03
0000534   8.8100E+05 -5.6361E+04 -3.0548E+03
0000535   8.6811E+05 -3.9344E+04  2.9389E+04
0000536   9.1334E+05  4.3117E+04 -3.7843E+04
0000537   8.7451E+05 -8.4193E+02  1.2301E+04
0000538   8.8168E+05  3.1972E+04  1.0661E+04
0000539   8.7433E+05  6.7567E+04  1.5447E+04
0000540   8.7930E+05 -1.1548E+03  1.9171E+04
0000541   8.6536E+05  1.4282E+04  5.6914E+04
0000542   8.7623E+05  1.5347E+04 -1.4304E+04
0000543   8.6489E+05  9.6655E+04  5.4693E+04
0000544   9.0109E+05  3.1491E+04  4.1879E+04
0000545   8.9201E+05 -7.0430E+03  1.5079E+04
0000546   8.7712E+05  1.0479E+04 -1.0179E+04
0000547   7.8803E+05  3.0391E+05 -9.2808E+04
0000548   8.9265E+05 -1.2178E+04 -2.2911E+04
0000549   8.7003E+05 -1.2289E+04  7.5547E+03
0000550   8.8048E+05 -8.6899E+02 -1.7028E+04
0000551   8.8261E+05  1.8068E+04  4.2023E+04
0000552   9.1022E+05  6.2729E+04 -3.2270E+04
0000553   8.6822E+05  1.3049E+04  1.5702E+04
0000554   8.6320E+05 -1.7771E+04  1.7864E+04
0000555   8.7447E+05  2.0182E+04  1.5266E+04
0000556   8.8305E+05  2.6196E+04 -3.0134E+04
0000557   8.7404E+05  6.8280E+03  2.1125E+04
0000558   8.4272E+05  5.5200E+04 -1.6878E+04
0000559   8.8988E+05  3.3044E+04 -2.8385E+04
0000560   8.7778E+05  5.2107E+04  7.3708E+04
0000561   8.8440E+05 -3.2126E+02  2.3086E+04
0000562   8.5836E+05 -2.3734E+04 -2.8709E+04
0000563   8.7414E+05 -7.6783E+04 -8.6685E+04
0000564   8.5079E+05  3.7233E+04  1.2030E+05
0000565   8.8115E+05  4.5467E+04 -1.8420E+04
0000566   8.9025E+05 -2.7603E+04  2.1352E+04
0000567   8.7698E+05 -2.8906E+04 -3.9205E+03
0000568   8.8485E+05  8.7687E+03  4.2626E+04
0000569   8.9364E+05 -1.2182E+04  5.4535E+04
0000570   9.0905E+05 -1.8486E+04 -2.1293E+04
0000571   8.7873E+05 -4.4371E+04 -6.1044E+04
0000572   8.5387E+05  5.0248E+04 -8.0177E+04
0000573   8.9272E+05  1.5328E+04 -3.2812E+04
0000574   8.6077E+05 -1.3277E+04 -1.1745E+04
0000575   8.8679E+05 -9.3052E+03  3.8542E+03
0000576   9.0019E+05  7.6572E+03  2.4926E+04
0000577   9.0373E+05 -2.7967E+04 -1.1968E+04
0000578   9.0496E+05 -2.7859E+04  3.8162E+04
0000579   8.7873E+05 -7.2552E+03  2.9858E+04
0000580   8.8967E+05  9.9430E+03 -1.5065E+04
0000581   9.1294E+05  3.0602E+04  5.5830E+03
0000582   9.1852E+05 -9.2452E+03  1.7562E+03
0000583   8.8943E+05 -1.2004E+04 -4.7086E+04
0000584   8.6892E+05  4.6625E+04  9.2354E+02
0000585   8.9578E+05  1.2697E+04 -1.7925E+04
0000586   8.7084E+05 -1.0407E+04  1.2488E+04
0000587   8.8420E+05  3.0726E+04  2.2242E+04
0000588   8.7634E+05 -1.5662E+04 -3.6910E+04
0000589   8.6623E+05 -1.6239E+04 -2.4259E+04
0000590   8.8352E+05 -2.1994E+04  2.7596E+04
0000591   8.9010E+05  1.7810E+03  9.3966E+03
0000592   8.8008E+05  1.0953E+04 -1.3021E+04
0000593   8.9388E+05  4.0448E+04  9.0035E+03
0000594   8.8393E+05  4.9990E+04  3.2200E+04
0000595   8.8609E+05 -3.3950E+04 -3.4932E+04
0000596   8.8050E+05  6.6169E+03 -3.3171E+04
0000597   8.8414E+05  1.6424E+04 -4.2391E+04
0000598   8.9449E+05 -5.6494E+03  1.7911E+03
0000599   9.0383E+05  2.5109E+04  3.1518E+04
0000600   8.6884E+05  2.1112E+04  4.8734E+03
0000601   9.0756E+05 -1.8323E+04 -4.3511E+04
0000602   8.9842E+05  2.6520E+04  2.9440E+04
0000603   8.8959E+05 -3.6761E+04  4.6151E+03
0000604   8.7645E+05  5.4748E+03  8.5814E+03
0000605   8.9516E+05  3.7937E+04  1.8240E+04
0000606   8.6972E+05  8.2239E+04  7.8130E+04
0000607   9.0079E+05 -1.6391E+04  1.4431E+04
0000608   9.1480E+05  8.6428E+03 -1.7730E+04
0000609   8.8691E+05  5.1816E+03  5.4324E+04
0000610   8.4689E+05  1.1883E+04 -3.9548E+03
0000611   9.0538E+05 -1.3860E+03 -4.3500E+04
0000612   8.8174E+05  6.7726E+02  2.1918E+04
0000613   8.7706E+05  5.7008E+03 -2.8679E+04
0000614   8.8477E+05 -1.6928E+04 -1.9040E+04
0000615   8.6340E+05 -1.7539E+04 -4.2153E+03
0000616   9.0673E+05 -2.1448E+04 -2.0292E+03
0000617   8.6713E+05  5.7025E+04 -1.8951E+04
0000618   9.0563E+05 -8.7983E+03  3.4111E+04
0000619   8.7453E+05  4.1365E+04 -3.7478E+04
0000620   8.8697E+05  4.1021E+04  2.6116E+04
0000621   8.6892E+05  2.2195E+04  2.5195E+04
0000622   9.0303E+05 -6.4862E+03 -1.1354E+04
0000623   8.6519E+05 -2.9441E+04 -4.4648E+03
0000624   8.8273E+05  3.3427E+02  2.4193E+04
0000625   8.7753E+05  1.2457E+04 -9.5339E+03
0000626   8.6503E+05 -1.4269E+04 -1.2187E+04
0000627   9.0364E+05 -9.2407E+03  1.0165E+04
0000628   8.7594E+05  1.6052E+04 -4.0579E+04
0000629   9.0007E+05  1.9175E+04 -4.1465E+02
0000630   8.8823E+05  1.6831E+03  7.8886E+03
0000631   8.8744E+05  5.5653E+03  1.3491E+04
0000632   8.8680E+05  4.5432E+04 -1.1075E+04
0000633   9.0441E+05  4.0643E+04  4.3454E+04
0000634   8.6654E+05 -2.2707E+04  6.7376E+04
0000635   9.0246E+05  2.7588E+04 -3.1799E+03
0000636   9.0591E+05  3.3365E+04  3.1484E+04
0000637   8.4771E+05  8.2117E+03 -1.4887E+04
0000638   8.8492E+05  2.4100E+04  1.1122E+04
0000639   8.8677E+05 -5.3503E+03  2.2427E+04
0000640   9.0161E+05 -2.7664E+04 -9.9950E+03
0000641   8.9490E+05  5.2834E+03  9.5343E+03
0000642   8.7154E+05 -4.3178E+04 -2.8877E+04
0000643   8.6161E+05 -4.0539E+04  1.9432E+04
0000644   9.1015E+05 -2.4230E+04 -3.3494E+04
0000645   9.1682E+05 -1.7460E+02  2.2905E+04
0000646   9.0110E+05 -9.0422E+02 -1.7264E+03
0000647   8.9544E+05  5.8664E+04  1.5489E+04
0000648   8.8777E+05  1.4967E+03  3.1299E+04
0000649   8.8051E+05  1.8355E+04 -9.9654E+03
0000650   8.5049E+05 -1.6212E+05 -2.6450E+04
0000651   8.7052E+05  7.1484E+03  1.1600E+05
0000652   8.3901E+05 -2.0534E+05  7.7896E+04
0000653   8.4800E+05  4.2086E+02  9.1207E+03
0000654   8.7939E+05 -3.9839E+04 -2.0480E+04
0000655   8.8617E+05  2.2611E+03 -4.2746E+04
0000656   9.0608E+05  2.0666E+04  3.8424E+04
0000657   8.8065E+05  7.0135E+03  7.4057E+03
0000658   8.7186E+05 -1.5164E+04 -7.0537E+03
0000659   8.9304E+05  3.9738E+04 -2.3300E+04
0000660   8.9013E+05  4.6183E+04 -7.0994E+04
0000661   8.6723E+05 -1.0521E+04 -3.3037E+04
0000662   8.7790E+05  1.1407E+03 -4.4150E+04
0000663   8.8105E+05  3.1079E+04  2.7420E+04
0000664   8.9013E+05 -3.6013E+04  9.1248E+03
0000665   8.7396E+05  3.1653E+03 -9.1265E+03
0000666   8.9241E+05  2.5349E+04 -2.6558E+04
0000667   8.8006E+05 -1.4475E+04  1.1245E+04
0000668   8.7757E+05 -2.1966E+03 -1.7592E+04
0000669   8.9326E+05  4.2320E+04  4.5616E+04
0000670   8.9779E+05 -4.3308E+04  4.0395E+04
0000671   8.7280E+05  6.0275E+03 -1.7576E+04
0000672   8.9783E+05  6.3205E+04  2.8890E+04
0000673   8.8003E+05 -1.1410E+04 -2.4260E+04
0000674   8.6408E+05  2.3676E+04  1.8113E+04
0000675   8.9862E+05  1.5695E+04  3.2209E+04
0000676   9.0913E+05  3.5009E+04  1.0018E+04
0000677   9.1131E+05  4.3362E+04 -7.9357E+04
0000678   8.8358E+05 -2.1242E+04  3.2671E+04
0000679   8.7848E+05  7.3542E+04 -2.3309E+04
0000680   8.8394E+05  7.5972E+03 -4.6866E+04
0000681   8.8087E+05  2.7521E+04 -4.6625E+04
0000682   8.9372E+05 -7.2330E+04  1.8475E+04
0000683   8.8289E+05 -2.6168E+04  6.6029E+03
0000684   8.5876E+05  3.0071E+04  1.3984E+04
0000685   8.8109E+05 -4.5482E+04 -9.6692E+04
0000686   8.7664E+05 -1.3014E+04  1.1488E+04
0000687   8.7722E+05 -1.9252E+04  3.1015E+03
0000688   8.7793E+05 -6.3245E+04  2.4346E+03
0000689   8.7465E+05 -2.4798E+04  1.2401E+04
0000690   8.7456E+05  1.8034E+04 -1.5131E+04
0000691   8.8494E+05 -4.8811E+04  3.0805E+02
0000692   8.9527E+05  3.3431E+04  3.1380E+04
0000693   9.2347E+05 -1.4178E+04  2.2452E+04
0000694   8.3535E+05  4.1111E+04 -2.5825E+04
0000695   9.1197E+05 -3.4456E+03  2.3172E+04
0000696   9.1100E+05  5.4266E+04 -5.8123E+04
0000697   8.9346E+05  2.6691E+04  6.6246E+04
0000698   8.7293E+05 -3.9269E+04  5.7235E+04
0000699   9.0213E+05 -3.3176E+04 -2.1840E+04
0000700   8.9165E+05  3.5315E+04 -1.1740E+04
0000701   8.6639E+05  1.0622E+04  7.7834E+03
0000702   8.8556E+05 -2.1815E+04 -7.0053E+03
0000703   9.1725E+05 -3.8530E+04  3.2558E+04
0000704   8.4575E+05 -1.9790E+04 -5.9507E+04
0000705   8.8419E+05 -2.9895E+03  1.6713E+04
0000706   8.7751E+05 -2.6570E+04  1.8901E+04
0000707   8.7087E+05 -2.4669E+03  2.3447E+04
0000708   8.8558E+05  2.6766E+04  3.2065E+04
0000709   8.9828E+05 -1.5202E+04 -6.9536E+03
0000710   8.7546E+05  3.5095E+03 -4.5436E+04
0000711   9.1005E+05 -3.9634E+04 -3.0008E+04
0000712   8.6359E+05  9.3810E+04 -1.9571E+04
0000713   8.9100E+05 -1.6498E+03 -9.9343E+03
0000714   8.9131E+05 -1.7744E+04 -1.0125E+03
0000715   8.9714E+05 -4.0246E+04  1.3374E+04
0000716   8.8420E+05  1.4778E+04  9.6121E+03
0000717   8.7287E+05 -4.8118E+04  3.8375E+04
0000718   8.8236E+05  3.4510E+04 -1.6178E+04
0000719   8.8545E+05  1.9548E+03 -1.8037E+04
0000720   8.7788E+05 -3.7230E+03  3.3523E+04
0000721   8.9190E+05  3.6779E+04 -3.5005E+04
0000722   8.7478E+05  5.1492E+04 -1.0243E+04
0000723   8.6395E+05  1.5798E+04  3.0190E+02
0000724   8.7187E+05  3.8168E+04 -1.4232E+04
0000725   8.9607E+05 -3.0170E+04 -1.8231E+04
0000726   8.7265E+05  1.7718E+04 -2.6256E+04
0000727   9.0382E+05 -4.2648E+04 -3.1308E+04
0000728   8.7601E+05  2.1521E+04 -6.6453E+03
0000729   8.9346E+05 -8.7283E+03  1.0076E+04
0000730   8.5448E+05  2.9200E+04 -2.1025E+04
0000731   8.7161E+05  6.0199E+04 -3.9969E+04
0000732   8.8506E+05  1.8359E+04 -1.5970E+04
0000733   9.1596E+05  9.8226E+03  1.6508E+04
0000734   9.1724E+05  1.3192E+04 -2.1114E+04
0000735   9.0819E+05 -3.4162E+04  1.5672E+04
0000736   8.7276E+05  1.8403E+04 -2.3900E+03
0000737   9.0307E+05  3.2143E+04  3.0587E+04
0000738   8.7105E+05  3.1129E+04 -4.1921E+03
0000739   8.9179E+05  9.3995E+02 -8.6152E+03
0000740   8.9462E+05 -3.1602E+04 -1.9922E+04
0000741   8.8254E+05 -5.7916E+03  7.2868E+04
0000742   8.6858E+05  2.6561E+04 -1.9228E+04
0000743   8.7851E+05 -5.6859E+03  1.8622E+04
0000744   8.5789E+05  6.1309E+03  2.3362E+04
0000745   8.8636E+05 -2.5271E+02  5.6157E+04
0000746   8.5819E+05  2.6948E+04 -2.2902E+04
0000747   8.8877E+05  1.1160E+04 -5.0515E+02
0000748   9.3196E+05  2.9774E+04  1.6743E+04
0000749   8.9150E+05  7.6756E+04 -4.5899E+03
0000750   8.9065E+05  4.0016E+04 -4.6216E+03
0000751   8.8235E+05  5.6932E+03  8.4974E+03
0000752   8.8337E+05  1.5851E+04  3.3687E+04
0000753   9.0707E+05  7.5011E+04 -3.0349E+03
0000754   8.8158E+05 -2.3588E+04 -3.3880E+04
0000755   8.9955E+05  2.6073E+04  6.9189E+03
0000756   8.9895E+05 -5.6068E+03 -2.9650E+04
0000757   9.0162E+05 -4.4402E+04  1.4717E+04
0000758   8.7368E+05 -5.3243E+04  2.3481E+04
0000759   8.9523E+05 -1.3045E+03 -4.6990E+04
0000760   8.8005E+05  2.1166E+03  7.2573E+03
0000761   8.7201E+05  1.6572E+03 -3.6981E+04
0000762   9.0321E+05  7.8371E+03  4.7777E+04
0000763   8.9008E+05  2.8844E+04 -1.2260E+04
0000764   8.7757E+05 -9.2599E+03 -5.5867E+04
0000765   8.8605E+05 -2.2552E+04  1.3520E+04
0000766   8.8601E+05  2.8130E+04 -7.3599E+04
0000767   8.9968E+05 -1.8248E+04 -4.8897E+03
0000768   8.9567E+05  1.0088E+04  1.6280E+04
0000769   8.9673E+05  1.5310E+04 -4.9650E+04
0000770   8.8092E+05  3.5688E+03 -1.5734E+04
0000771   8.8378E+05 -5.0021E+04 -3.1601E+03
0000772   8.6990E+05 -4.0855E+04 -2.6373E+04
0000773   8.9330E+05  1.0866E+04 -2.7037E+04
0000774   8.7955E+05  1.7691E+04  2.1526E+04
0000775   8.8465E+05 -2.3059E+04  2.1461E+03
0000776   8.9075E+05  4.4764E+04 -7.0924E+04
0000777   9.0094E+05  4.2328E+03 -1.3559E+04
0000778   8.7997E+05  3.5828E+04  1.4369E+04
0000779   8.9526E+05  2.1288E+04 -2.1008E+04
0000780   8.9706E+05 -1.4154E+04  2.9998E+04
0000781   8.8401E+05 -3.4298E+04  4.3428E+04
0000782   8.9047E+05  4.2519E+04 -3.5303E+04
0000783   8.9847E+05 -8.6505E+04 -5.2793E+04
0000784   8.8257E+05 -4.6786E+04 -3.0756E+04
0000785   8.8265E+05 -7.7331E+03  4.2671E+04
0000786   8.6048E+05  3.4394E+03 -1.6059E+04
0000787   8.7301E+05  4.7444E+04 -3.9685E+04
0000788   8.8776E+05 -3.9065E+03 -9.7401E+03
0000789   8.8995E+05 -4.7156E+03 -8.3939E+03
0000790   8.9693E+05  7.7455E+02  1.2378E+04
0000791   9.0529E+05  1.5459E+04  3.3259E+04
0000792   8.8049E+05  4.0934E+04  1.0513E+04
0000793   8.8429E+05 -1.5571E+04  1.1752E+04
0000794   8.9303E+05  2.3447E+03 -2.0723E+03
0000795   8.8849E+05  1.1120E+04 -4.1812E+02
0000796   8.8041E+05  1.0024E+04  1.0006E+04
0000797   9.0104E+05  9.7034E+04  1.3729E+04
0000798   8.8331E+05 -1.2520E+04 -2.0052E+04
0000799   8.8095E+05 -4.0932E+04 -2.4234E+04
0000800   8.8976E+05  1.9543E+04 -1.3058E+04
0000801   8.6481E+05 -6.0725E+04  4.0449E+04
0000802   8.4762E+05 -8.1840E+04 -1.4818E+04
0000803   8.8304E+05  2.3867E+03 -2.4443E+04
0000804   8.8489E+05 -1.2069E+02 -2.0379E+04
0000805   8.7844E+05 -2.1495E+03  4.1724E+04
0000806   8.6341E+05  2.5773E+04  3.8578E+04
0000807   8.7851E+05 -1.2543E+04  2.0447E+04
0000808   9.0251E+05  1.0115E+03 -1.2266E+04
0000809   8.7135E+05 -2.3005E+04 -3.6780E+03
0000810   8.9499E+05 -3.0409E+04 -1.8509E+04
0000811   9.0104E+05  1.2532E+04 -1.1436E+04
0000812   8.8041E+05  8.2372E+04  2.1644E+04
0000813   8.9196E+05  2.3061E+04  3.5536E+04
0000814   8.6948E+05 -2.5202E+04 -2.2992E+04
0000815   8.9818E+05 -6.8395E+03  2.5800E+04
0000816   9.0902E+05  1.3813E+04  1.9461E+04
0000817   8.7270E+05 -2.3468E+04 -1.2691E+04
0000818   9.0208E+05  8.4035E+03 -4.4417E+04
0000819   8.4555E+05  1.1372E+04 -1.0546E+04
0000820   8.9743E+05 -2.3729E+04 -4.6710E+03
0000821   8.6271E+05 -3.0756E+04 -5.9993E+04
0000822   8.7411E+05 -1.2546E+04  5.8732E+03
0000823   9.0047E+05  1.3919E+03  1.1599E+03
0000824   8.8752E+05 -7.8513E+03  8.3263E+03
0000825   9.0102E+05 -1.5792E+03 -3.2165E+04
0000826   8.9186E+05 -2.6150E+03 -3.9804E+04
0000827   8.9420E+05 -1.5685E+04 -2.7652E+04
0000828   8.9756E+05 -6.5831E+04 -5.1808E+04
0000829   8.7187E+05 -1.0575E+04 -5.2257E+04
0000830   8.6236E+05  2.2188E+04 -9.6211E+03
0000831   8.4342E+05  7.2041E+03 -2.2511E+04
0000832   8.9056E+05 -6.9483E+04  6.6746E+03
0000833   8.9904E+05  2.9771E+04  2.7649E+04
0000834   8.8510E+05 -7.2378E+04  6.2199E+04
0000835   8.6182E+05  7.5840E+03  6.6351E+04
0000836   8.8388E+05  3.1606E+03 -5.5050E+04
0000837   8.7517E+05 -1.2244E+04  3.3846E+04
0000838   9.0125E+05 -6.3240E+03 -2.5038E+04
0000839   8.5978E+05 -4.6501E+04  1.0402E+04
0000840   8.8407E+05 -4.1007E+03  4.6656E+04
0000841   8.9238E+05 -1.3347E+04 -1.9899E+03
0000842   8.6857E+05  1.0226E+04 -1.9634E+04
0000843   8.5499E+05  2.0915E+03 -4.0769E+03
0000844   8.8666E+05 -2.8694E+04  7.4665E+03
0000845   8.9491E+05 -1.2604E+04 -2.3894E+04
0000846   8.6934E+05 -2.7745E+03 -6.3266E+04
0000847   8.7549E+05 -1.2164E+04 -4.5507E+04
0000848   8.7272E+05  2.1118E+04 -5.1160E+04
0000849   8.7357E+05 -2.9611E+04  1.8227E+04
0000850   8.6253E+05  8.0235E+04 -1.3680E+04
0000851   8.9640E+05 -1.2085E+04 -4.4619E+04
0000852   8.9099E+05  3.1029E+04 -1.6542E+04
0000853   9.1310E+05  6.1027E+04  1.5666E+04
0000854   9.0668E+05  1.1559E+04  1.4637E+04
0000855   8.8719E+05  2.7281E+04  9.0663E+04
0000856   8.7598E+05  4.3260E+04  1.0147E+04
0000857   8.6618E+05 -4.5618E+04  9.0413E+03
0000858   8.9537E+05 -6.1468E+04 -1.2530E+04
0000859   8.6638E+05  4.9752E+04 -1.3312E+04
0000860   9.0822E+05 -5.6354E+03  2.6786E+04
0000861   8.7988E+05 -1.6509E+04 -2.4224E+04
0000862   8.6512E+05 -4.6955E+04 -3.0704E+04
0000863   8.7909E+05 -8.4878E+03  2.0611E+04
0000864   8.8062E+05 -1.5085E+03 -1.6706E+04
0000865   8.5875E+05 -1.9101E+04 -2.6667E+04
0000866   8.9220E+05 -2.7236E+04  3.3310E+04
0000867   8.7759E+05 -8.8913E+02 -1.2308E+04
0000868   9.0371E+05  2.0062E+04 -1.3423E+04
0000869   8.6144E+05 -2.3860E+04  2.0495E+04
0000870   9.0258E+05 -1.1916E+03  4.2389E+04
0000871   8.8721E+05 -2.9900E+04  1.8268E+04
0000872   8.9930E+05 -1.8514E+04  6.1749E+04
0000873   9.1013E+05 -4.2924E+04 -1.7196E+04
0000874   8.8036E+05 -1.6009E+04  4.1060E+04
0000875   8.7636E+05  3.6185E+03  3.9889E+04
0000876   8.5963E+05 -2.6390E+03 -1.2918E+04
0000877   8.8770E+05 -3.0196E+04 -2.8928E+04
0000878   8.8953E+05  2.5102E+04  3.2680E+04
0000879   8.8709E+05 -1.0006E+04 -1.3796E+04
0000880   8.7630E+05 -1.5480E+04 -3.7197E+04
0000881   8.8243E+05 -6.1518E+03 -4.6821E+03
0000882   8.7663E+05  1.6206E+04  6.3855E+04
0000883   8.9063E+05 -3.2649E+04 -1.8328E+04
0000884   8.8561E+05 -8.8269E+03 -2.8230E+04
0000885   9.0388E+05  4.1477E+04  1.4825E+04
0000886   8.8246E+05  5.6732E+03 -7.2832E+03
0000887   8.9855E+05 -6.9441E+04 -2.3411E+04
0000888   8.8832E+05  3.0172E+04 -1.5455E+04
0000889   8.7177E+05 -3.3562E+03  1.3206E+03
0000890   8.8447E+05 -5.5091E+03  1.4874E+03
0000891   9.0414E+05  2.0903E+04 -6.1981E+04
0000892   8.9163E+05  3.7871E+04 -5.9096E+03
0000893   8.6774E+05 -1.9137E+04  2.3120E+04
0000894   8.5952E+05 -4.0253E+04 -5.0563E+04
0000895   8.9788E+05 -3.4535E+03 -2.8221E+04
0000896   8.8470E+05 -2.9174E+04  1.6244E+04
0000897   8.8716E+05  3.0785E+04  1.9189E+04
0000898   8.9260E+05  4.0589E+04 -1.0132E+04
0000899   8.5673E+05  4.2940E+04  5.4014E+04
0000900   9.0626E+05 -3.8729E+03 -5.2868E+03
0000901   9.0683E+05 -6.2761E+03 -2.5924E+04
0000902   8.9646E+05  3.0583E+04  1.5128E+04
0000903   8.3775E+05 -2.5936E+04 -1.1331E+05
0000904   8.7489E+05 -3.0192E+04 -3.5979E+04
0000905   8.6427E+05  2.6049E+04  5.0975E+00
0000906   8.7297E+05 -5.4196E+04 -5.2315E+04
0000907   8.8036E+05  2.8529E+02 -2.4270E+03
0000908   8.6278E+05 -2.4188E+04  5.7449E+04
0000909   8.9563E+05 -1.0858E+04  6.2901E+04
0000910   8.7002E+05  2.3841E+04  5.7993E+03
0000911   8.7737E+05  3.0712E+04 -1.0179E+05
0000912   8.7104E+05 -3.8844E+04 -1.5982E+04
0000913   8.7863E+05  4.3181E+04 -7.4257E+04
0000914   8.7947E+05  5.9024E+03 -9.4629E+03
0000915   8.7718E+05 -3.2285E+04 -1.9424E+04
0000916   8.9582E+05  1.9296E+04 -4.2229E+03
0000917   9.1697E+05 -1.9799E+04  7.9422E+04
0000918   8.9657E+05 -9.6703E+03  2.9030E+04
0000919   8.8140E+05 -3.2539E+04 -8.0969E+04
0000920   8.5831E+05 -5.2694E+03  7.7175E+04
0000921   8.7261E+05  1.1745E+04 -2.0972E+04
0000922   8.6539E+05 -7.7055E+04 -4.2038E+03
0000923   8.4469E+05 -2.7684E+03  8.6406E+03
0000924   9.2023E+05 -4.5178E+04  2.6017E+04
0000925   8.8306E+05 -2.7023E+03  3.2603E+04
0000926   8.8936E+05  8.9451E+04  5.0739E+04
0000927   8.7667E+05  1.6642E+04 -2.2148E+03
0000928   8.8746E+05  2.4136E+04 -1.0213E+04
0000929   8.7898E+05  1.4133E+04  1.5339E+04
0000930   8.6224E+05  2.0730E+04 -3.8368E+04
0000931   8.9383E+05  2.1195E+04 -4.5877E+04
0000932   8.6213E+05  4.9289E+04  4.1316E+04
0000933   8.9238E+05 -1.4402E+04 -8.6581E+03
0000934   9.0051E+05  3.3948E+04 -2.2046E+04
0000935   7.9238E+05 -4.3133E+04 -1.7302E+04
0000936   8.9314E+05  1.8581E+04 -4.8982E+03
0000937   8.8296E+05 -4.8860E+03 -7.5008E+03
0000938   8.8569E+05  4.4341E+04  5.6285E+04
0000939   8.9029E+05 -2.4365E+03 -2.2241E+04
0000940   8.7988E+05  9.9117E+04  5.7964E+03
0000941   9.0202E+05  8.4766E+03 -1.0022E+04
0000942   9.0010E+05  4.6508E+04  4.8694E+04
0000943   8.7003E+05  4.5891E+04 -1.7842E+04
0000944   9.0019E+05  2.9843E+04 -2.7062E+04
0000945   9.1073E+05  7.9932E+04  5.5609E+04
0000946   8.9364E+05 -1.3768E+04  3.0349E+04
0000947   8.7042E+05 -2.8442E+04 -1.7251E+04
0000948   8.8639E+05  2.8890E+03  3.2745E+04
0000949   9.0098E+05  3.3160E+04 -2.0206E+04
0000950   9.0644E+05  4.1804E+02 -3.4752E+04
0000951   8.9858E+05 -2.8304E+03  1.1168E+04
0000952   8.9374E+05 -1.3238E+04  4.1220E+04
0000953   8.9887E+05 -4.6905E+03  6.1975E+04
0000954   8.6336E+05  8.0307E+03  1.6482E+04
0000955   8.9323E+05  2.8065E+03 -7.2590E+03
0000956   8.7092E+05 -1.3177E+04  4.7549E+03
0000957   9.0228E+05  4.2972E+03 -1.5150E+03
0000958   8.6545E+05 -3.0908E+04 -1.0155E+04
0000959   8.5160E+05 -1.2341E+04  4.8635E+04
0000960   8.9464E+05  4.4657E+04 -2.5642E+04
0000961   8.8316E+05  4.7718E+04 -7.7234E+04
0000962   8.7570E+05 -1.7753E+04 -4.9256E+03
0000963   8.7601E+05  2.2488E+04 -3.9147E+04
0000964   8.8047E+05  2.5957E+04 -2.4070E+03
0000965   8.4866E+05 -2.6146E+03  6.9429E+04
0000966   8.9887E+05  1.7711E+04  2.5497E+04
0000967   8.9046E+05  4.1162E+04  2.8631E+03
0000968   8.5141E+05  3.8102E+04  3.1722E+04
0000969   8.8744E+05  3.8034E+04  3.6988E+03
0000970   8.9320E+05 -2.2167E+04  3.0907E+04
0000971   8.9510E+05 -4.0260E+03 -4.3992E+03
0000972   8.7073E+05  6.5513E+04  1.1268E+05
0000973   8.8134E+05 -7.4435E+03 -7.0594E+04
0000974   9.0546E+05  2.7131E+04  4.4476E+04
0000975   8.5360E+05  7.7361E+04  5.4297E+03
0000976   8.7389E+05  1.3470E+04 -1.7966E+04
0000977   8.6959E+05 -5.7542E+03  4.5729E+04
0000978   8.8287E+05  1.9635E+04 -1.1211E+05
0000979   8.9243E+05  3.1484E+04 -1.8018E+04
0000980   8.7130E+05 -3.5617E+04  4.3588E+04
0000981   8.8960E+05  4.2141E+04  1.6347E+04
0000982   8.4935E+05  6.5333E+04  1.2481E+04
0000983   8.9487E+05 -1.7250E+04  5.1467E+04
0000984   9.2929E+05  9.2261E+02 -1.9507E+04
0000985   8.9941E+05  3.0207E+04  5.1658E+02
0000986   8.7237E+05 -2.8010E+04  1.3275E+04
0000987   8.4995E+05  7.8865E+04 -2.4401E+04
0000988   8.7546E+05  1.1744E+04 -5.3364E+04
0000989   8.9014E+05 -1.5656E+04  1.4967E+04
0000990   8.5991E+05 -6.6239E+03  6.1447E+03
0000991   8.8569E+05  3.3674E+04 -4.4090E+04
0000992   8.9392E+05 -3.2777E+03  1.3035E+04
0000993   8.8053E+05 -3.0902E+04 -8.7167E+03
0000994   8.9079E+05  9.0178E+02 -2.6276E+04
0000995   9.1283E+05  1.7082E+04  1.0757E+03
0000996   8.8137E+05  1.6256E+04  2.9005E+04
0000997   8.8709E+05  1.4018E+04  2.2049E+03
0000998   8.6654E+05 -1.2282E+04  3.8503E+04
0000999   8.5366E+05 -5.0237E+03  4.1520E+04
0001000   8.8916E+05  2.6560E+03 -4.5142E+04
