============================== SRIM-2013.00 ==============================
==============================================================================
====== SRIM Outputs\RANGE_3D.txt : File of Final Ion Positions =====

Ion =  H (01)   Ion Mass= 001.0080
Energy  = 6000000.E-04 keV
Ion Angle to Surface = 00.0 degrees
==================== TARGET =======================
  Layer # 1 - Si_Top    
  Layer # 1 - Bottom Depth=300000.E+01 A
  Layer # 1 - Density =0002.3210 g/cm3
  Layer # 1 -  100 % of Si
икикикикикикикикикикикикикикикикикикикикикикикикикикикикикикикикикикикикикикикикикикикикикикикикикикикик
  Layer # 2 - Si_Bottom 
  Layer # 2 - Bottom Depth=600000.E+01 A
  Layer # 2 - Density =0002.3210 g/cm3
  Layer # 2 -  100 % of Si
икикикикикикикикикикикикикикикикикикикикикикикикикикикикикикикикикикикикикикикикикикикикикикикикикикикик
                                            
Ion       Depth  X   Lateral Y   Lateral Z  
Number    (Angstrom) (Angstrom)  (Angstrom) 
-------  ----------- ----------- -----------
0000001   7.9173E+04 -3.1577E+03 -2.8295E+03
0000002   7.7780E+04  3.9754E+03 -6.4235E+03
0000003   7.2076E+04  6.1015E+03 -4.6109E+03
0000004   7.7823E+04 -1.6424E+03 -5.5011E+02
0000005   7.9837E+04 -4.7173E+03  6.0226E+03
0000006   8.2347E+04 -1.0714E+02  4.3488E+03
0000007   7.9281E+04 -7.6946E+02  6.1155E+03
0000008   7.9065E+04 -2.2438E+02 -1.4617E+03
0000009   7.7472E+04  8.0565E+03  5.6484E+02
0000010   7.9455E+04 -7.9976E+02  1.2844E+03
0000011   7.7675E+04 -8.5005E+02 -1.0712E+03
0000012   7.8785E+04 -2.8162E+03  1.5036E+03
0000013   7.9936E+04  3.4131E+03  8.7771E+03
0000014   8.0452E+04 -7.4064E+01 -6.9475E+03
0000015   7.8784E+04  7.6456E+03  1.7638E+03
0000016   7.8354E+04 -3.8969E+02 -3.7623E+03
0000017   7.5413E+04 -4.4390E+03  2.5749E+03
0000018   7.9841E+04  1.7247E+02  2.1905E+03
0000019   7.8857E+04 -4.9815E+03  2.2073E+02
0000020   7.6853E+04 -5.5246E+03 -1.7639E+03
0000021   8.0347E+04 -3.3345E+03 -4.9069E+03
0000022   7.9153E+04  2.3952E+02  7.2913E+03
0000023   8.0644E+04 -6.6951E+03 -1.5565E+03
0000024   7.8845E+04  2.5764E+03  4.0083E+03
0000025   7.8128E+04  1.1945E+03  4.9875E+03
0000026   7.7590E+04  3.5199E+03  1.8665E+02
0000027   7.7496E+04  6.9116E+03  3.0666E+03
0000028   7.7558E+04 -1.5546E+04 -5.4273E+03
0000029   8.1815E+04 -3.1833E+03 -2.1180E+03
0000030   8.0899E+04 -4.2741E+03  1.4316E+03
0000031   7.8800E+04 -1.7882E+03 -3.3004E+03
0000032   7.7405E+04 -8.0277E+02  7.6174E+03
0000033   7.7866E+04 -1.3770E+03  3.7028E+02
0000034   7.9703E+04 -3.0802E+02 -2.3365E+03
0000035   7.8806E+04 -3.6286E+03 -1.1327E+02
0000036   7.9190E+04 -6.4262E+02 -1.4842E+03
0000037   7.6412E+04 -2.4736E+02 -8.0046E+03
0000038   8.0160E+04 -5.3452E+03  2.8470E+03
0000039   8.1337E+04 -9.7675E+02  4.9896E+03
0000040   7.6941E+04 -7.5843E+03  7.6088E+03
0000041   6.5035E+04 -1.4136E+04 -1.5905E+04
0000042   8.1102E+04  5.2287E+03 -6.5193E+02
0000043   7.7688E+04  9.0587E+02  1.8167E+03
0000044   8.0628E+04 -1.9857E+03 -6.3872E+03
0000045   8.1979E+04 -1.3434E+02  2.8590E+03
0000046   7.7738E+04 -3.3203E+03  4.3899E+03
0000047   7.5318E+04 -4.1959E+03  4.3741E+03
0000048   8.1213E+04 -1.7250E+03  1.4591E+02
0000049   7.7562E+04 -6.6009E+03  9.2626E+02
0000050   7.4912E+04 -4.5291E+03 -6.9350E+03
0000051   7.7987E+04  4.3164E+03  2.2888E+03
0000052   7.8356E+04 -1.4029E+03 -2.9801E+03
0000053   7.7221E+04 -2.7134E+03  1.6543E+02
0000054   7.7929E+04 -4.6003E+02  6.8080E+03
0000055   7.8911E+04  4.8893E+03  2.5699E+03
0000056   6.1230E+04 -1.5030E+04 -3.1409E+04
0000057   7.9082E+04 -2.4873E+03 -7.9633E+02
0000058   7.9028E+04  4.1434E+03 -7.7492E+03
0000059   8.2329E+04  1.4752E+03  1.1498E+04
0000060   7.8846E+04  8.2291E+03  1.1296E+03
0000061   7.4144E+04 -1.2963E+04 -1.8836E+04
0000062   7.9102E+04  2.3717E+03 -2.7360E+03
0000063   7.8231E+04 -5.8392E+03 -7.0039E+03
0000064   8.0739E+04  6.4967E+01  1.8967E+02
0000065   7.7165E+04 -3.0779E+03 -8.5063E+03
0000066   7.9742E+04  4.7695E+03  2.3610E+03
0000067   7.9597E+04 -6.8179E+03  9.6824E+02
0000068   5.3784E+04 -1.7601E+04 -5.9091E+03
0000069   7.9637E+04  3.7582E+03 -7.0364E+03
0000070   7.7580E+04 -8.4446E+02  8.5457E+03
0000071   8.3111E+04 -1.6707E+03  2.0141E+03
0000072   7.9538E+04  4.1353E+03  5.4495E+03
0000073   7.8128E+04  2.5803E+03  1.2221E+03
0000074   7.5491E+04 -1.1495E+04 -9.0609E+03
0000075   7.9023E+04  2.9949E+03  2.2431E+02
0000076   8.0331E+04 -2.7038E+03 -2.0785E+03
0000077   7.9633E+04 -1.3916E+04 -1.4059E+03
0000078   7.7559E+04  1.8700E+03 -2.2942E+03
0000079   7.7040E+04  2.9853E+03 -1.0321E+03
0000080   7.9745E+04 -3.0284E+03 -4.0831E+03
0000081   8.1911E+04 -9.6071E+02  3.0010E+03
0000082   7.7110E+04 -2.9337E+03 -1.1722E+03
0000083   7.9502E+04 -2.5247E+03  5.6097E+02
0000084   7.9578E+04 -1.3525E+03 -5.7617E+03
0000085   7.8588E+04 -6.9950E+02 -1.1634E+04
0000086   8.0601E+04  5.6508E+03  5.9234E+02
0000087   7.9263E+04 -2.9281E+03  8.4040E+02
0000088   7.8856E+04 -3.0335E+02  2.7434E+03
0000089   7.8026E+04 -2.1799E+03 -3.9963E+03
0000090   8.0745E+04 -2.4676E+03  3.1591E+03
0000091   7.6884E+04  1.0471E+04 -8.7913E+03
0000092   8.2770E+04 -4.3188E+02 -2.0644E+02
0000093   7.5890E+04  6.2670E+03 -9.6120E+03
0000094   7.8796E+04  2.5613E+03 -1.7338E+03
0000095   8.0556E+04  5.1366E+03 -3.1442E+03
0000096   7.9062E+04  3.6585E+03  3.3850E+03
0000097   7.9947E+04  5.3802E+03 -6.0028E+02
0000098   8.0606E+04  3.1455E+03  2.3197E+03
0000099   7.7898E+04  1.4343E+03 -3.0273E+02
0000100   7.9232E+04  2.6414E+03 -1.1612E+03
0000101   7.9188E+04  1.9905E+03 -2.4064E+02
0000102   7.9638E+04  2.2211E+03 -5.2834E+02
0000103   7.9343E+04 -3.1731E+03  1.7531E+03
0000104   8.1268E+04  4.9856E+03 -3.8946E+03
0000105   7.4897E+04 -2.5238E+03  1.3469E+04
0000106   7.9937E+04 -2.7749E+03  8.4228E+03
0000107   8.0721E+04  3.1287E+03  8.8219E+02
0000108   7.7291E+04 -4.6813E+03 -1.0557E+02
0000109   8.0597E+04 -1.4733E+03 -2.6967E+03
0000110   8.1620E+04 -4.2560E+02  3.7424E+03
0000111   7.7865E+04 -7.3878E+03  4.6012E+03
0000112   8.1212E+04  1.3195E+03 -4.4016E+03
0000113   7.8674E+04 -6.8938E+03 -5.2802E+03
0000114   8.0428E+04  6.7961E+03 -2.2274E+03
0000115   7.8127E+04 -3.2372E+03  1.0495E+03
0000116   8.0114E+04  4.5551E+03  7.5360E+03
0000117   8.2723E+04  2.0863E+03 -2.6748E+03
0000118   7.8075E+04  5.9517E+03 -7.2942E+03
0000119   8.1762E+04 -6.3779E+02 -1.9019E+03
0000120   7.7241E+04 -4.3455E+03 -1.0601E+04
0000121   8.0637E+04  3.2925E+03  2.5358E+03
0000122   8.3875E+04  4.1347E+02  2.0356E+03
0000123   8.2611E+04 -2.5818E+03  2.3219E+03
0000124   7.7961E+04 -1.0307E+03 -3.3915E+03
0000125   7.8867E+04 -6.7914E+02  3.1470E+03
0000126   8.1647E+04 -7.1726E+03 -5.0958E+03
0000127   8.1876E+04  2.7980E+03 -4.8476E+03
0000128   7.7694E+04 -6.9981E+03  2.0640E+03
0000129   8.1825E+04  3.9916E+02  5.0237E+03
0000130   7.9262E+04  6.9481E+02  3.1801E+03
0000131   8.3067E+04  2.5465E+03  1.8139E+03
0000132   8.0427E+04 -1.1472E+03  1.2301E+03
0000133   7.9863E+04  2.7496E+03  2.2641E+03
0000134   7.6167E+04 -3.5824E+03  2.1869E+03
0000135   8.2621E+04 -3.0339E+03  2.0891E+03
0000136   7.5421E+04 -4.2108E+02 -7.0875E+03
0000137   7.9368E+04  1.4979E+03 -3.6508E+02
0000138   8.0934E+04  1.4682E+03  2.8015E+03
0000139   8.4056E+04 -1.4292E+03 -4.1232E+03
0000140   7.7471E+04 -5.4800E+03  8.3139E+03
0000141   7.8988E+04  1.7871E+03 -3.5419E+03
0000142   8.4224E+04  1.5638E+03  1.8813E+03
0000143   7.8830E+04 -2.4499E+03  9.2439E+03
0000144   8.3606E+04 -1.5384E+03 -2.7956E+03
0000145   7.7892E+04 -2.0599E+03 -1.0012E+03
0000146   7.5284E+04  1.6640E+02 -4.9637E+02
0000147   7.9951E+04 -1.0022E+03  2.3959E+03
0000148   7.7589E+04  6.8229E+03  3.1793E+03
0000149   8.1524E+04  1.1262E+03 -4.2077E+01
0000150   7.8281E+04 -3.0413E+03  1.8188E+03
0000151   7.8738E+04 -2.8576E+03  5.4265E+03
0000152   7.6869E+04  7.4229E+03  6.4024E+03
0000153   7.7681E+04 -5.0841E+03 -5.4525E+03
0000154   7.9989E+04  2.3924E+03 -2.0141E+03
0000155   7.5335E+04  3.3763E+02 -3.9892E+03
0000156   7.5957E+04 -3.8059E+03  4.0261E+03
0000157   8.1794E+04  6.1941E+03 -5.6730E+03
0000158   7.8390E+04 -2.5776E+03  1.4917E+03
0000159   7.9912E+04  3.7101E+03  6.7427E+02
0000160   7.8069E+04 -6.5661E+03 -2.2264E+03
0000161   7.9015E+04  1.9647E+03  1.0009E+03
0000162   8.2029E+04 -3.2593E+02 -1.5853E+03
0000163   8.1109E+04 -1.5537E+03  5.6617E+03
0000164   7.5293E+04 -2.1384E+04  2.3087E+03
0000165   7.7714E+04  2.1871E+03  3.0977E+03
0000166   7.7452E+04 -7.2422E+03  1.6912E+03
0000167   7.9178E+04  3.1114E+03 -2.0902E+03
0000168   7.9209E+04  6.0612E+02 -8.8744E+02
0000169   7.8013E+04 -8.6048E+02  2.6654E+03
0000170   7.8832E+04  6.1340E+03 -1.2918E+04
0000171   8.0138E+04  2.8196E+03  6.5850E+02
0000172   8.0821E+04 -4.3240E+03 -5.7966E+02
0000173   7.8123E+04  7.2626E+03  1.8537E+03
0000174   7.8042E+04 -1.0367E+04  4.1306E+03
0000175   7.8834E+04 -3.1773E+03  4.9796E+02
0000176   8.0534E+04 -1.5832E+03  1.3248E+01
0000177   7.6955E+04  4.2093E+02 -5.6886E+03
0000178   8.0595E+04  2.1664E+03 -5.5754E+02
0000179   8.3417E+04 -6.5081E+02 -6.2959E+02
0000180   7.6742E+04  8.2427E+02 -1.5742E+02
0000181   8.0324E+04  1.8320E+03  3.2076E+03
0000182   7.7489E+04  9.5346E+02 -3.5415E+03
0000183   7.9436E+04  3.1188E+03  6.0894E+03
0000184   7.8124E+04 -9.5471E+02  2.6638E+03
0000185   8.2607E+04 -3.6621E+03  3.5437E+03
0000186   8.2482E+04  1.0448E+02 -1.0533E+03
0000187   7.7827E+04  3.8188E+03  1.4778E+03
0000188   7.7531E+04  4.4574E+03  6.4972E+02
0000189   7.9921E+04 -6.6075E+03  1.2121E+04
0000190   8.0624E+04  2.8046E+02 -6.5244E+03
0000191   8.1245E+04  2.3789E+03  3.2613E+03
0000192   7.6674E+04 -7.9355E+03 -3.0885E+03
0000193   8.0458E+04 -4.6378E+03 -3.5307E+02
0000194   7.8496E+04  5.7568E+03 -4.0368E+03
0000195   8.1280E+04  1.0040E+03  2.5274E+02
0000196   7.9945E+04  3.0162E+03 -1.4363E+03
0000197   8.0961E+04 -2.6816E+03 -3.4816E+03
0000198   7.8689E+04  1.4111E+03 -6.2204E+02
0000199   8.0774E+04  8.2815E+02 -1.3217E+03
0000200   7.9977E+04  1.6975E+03  1.1991E+03
0000201   8.0148E+04 -1.6633E+03 -2.1817E+03
0000202   7.7379E+04 -5.7973E+03 -4.5514E+03
0000203   7.9850E+04 -1.3863E+04  7.0308E+03
0000204   8.0805E+04 -5.0253E+02  2.0132E+03
0000205   7.8662E+04  2.1172E+03  5.1743E+03
0000206   7.7876E+04 -1.0301E+03  5.0916E+02
0000207   8.3507E+04 -3.0427E+03  4.0529E+02
0000208   7.1240E+04  2.6309E+04 -2.7076E+03
0000209   8.0085E+04 -5.3159E+02  8.0989E+03
0000210   7.8900E+04 -4.2780E+03 -5.9992E+02
0000211   7.7435E+04  1.6645E+03 -1.6863E+03
0000212   8.2755E+04  3.2381E+03 -8.6002E+02
0000213   8.0516E+04  8.2618E+03  1.8903E+03
0000214   7.8327E+04  8.3050E+02 -3.5887E+03
0000215   8.0027E+04 -4.5138E+03 -1.5779E+02
0000216   8.1763E+04 -3.4618E+03 -1.0226E+01
0000217   7.7840E+04  1.7683E+03 -2.6877E+03
0000218   7.8896E+04 -4.2867E+03 -1.2054E+03
0000219   7.6993E+04 -4.6294E+03 -5.6977E+03
0000220   7.7334E+04 -1.1261E+03 -1.5552E+03
0000221   7.9634E+04  7.2760E+03  1.0008E+03
0000222   7.6536E+04 -2.5353E+03 -2.3537E+03
0000223   8.2973E+04 -6.1252E+02 -4.9560E+03
0000224   7.8728E+04 -1.5049E+03 -1.9719E+03
0000225   8.0351E+04 -2.0820E+03 -3.0441E+03
0000226   7.7133E+04  2.7818E+03  1.2228E+03
0000227   8.2626E+04 -1.3507E+03  2.4917E+03
0000228   7.9787E+04 -2.0428E+02 -5.4744E+03
0000229   7.6438E+04 -3.7730E+03  1.8253E+03
0000230   8.0046E+04  3.2013E+03  3.8864E+03
0000231   7.8530E+04 -3.9244E+03 -3.5804E+03
0000232   8.0651E+04 -7.8809E+02 -2.5438E+03
0000233   8.3365E+04  2.5607E+03  9.0468E+02
0000234   8.0604E+04  2.1446E+03  3.8925E+03
0000235   7.8370E+04  4.6840E+02 -2.6682E+03
0000236   7.8719E+04  4.7006E+03 -3.6806E+03
0000237   8.0110E+04 -1.0964E+04 -9.2513E+03
0000238   8.0055E+04 -1.5334E+03  3.5813E+03
0000239   7.9126E+04 -2.2893E+03 -1.7320E+03
0000240   8.1189E+04  7.1345E+02  4.7747E+02
0000241   7.7706E+04  2.6780E+03 -1.0023E+02
0000242   7.9790E+04  7.6280E+03 -1.8813E+03
0000243   7.5995E+04 -3.1582E+03  2.5599E+03
0000244   7.6957E+04 -6.2931E+03 -1.7930E+04
0000245   8.1868E+04 -2.0472E+03 -3.1207E+03
0000246   8.0048E+04  2.3435E+03 -1.8673E+03
0000247   8.1804E+04  1.1731E+03 -1.6748E+02
0000248   7.7889E+04 -1.0652E+02 -2.9148E+03
0000249   7.9139E+04 -2.2911E+02 -2.6940E+02
0000250   7.8394E+04 -3.5573E+03  4.5948E+03
0000251   7.8128E+04 -3.4582E+03  3.5824E+03
0000252   7.7581E+04 -7.0313E+03  1.0241E+04
0000253   7.8102E+04 -7.2781E+03 -1.1126E+01
0000254   7.9304E+04 -4.7236E+02  1.6813E+03
0000255   8.0978E+04 -5.4226E+02 -5.0156E+03
0000256   7.9694E+04  2.4423E+03  7.2710E+03
0000257   7.9736E+04  3.1270E+03 -2.8815E+03
0000258   7.5829E+04 -5.7085E+03  5.6885E+03
0000259   7.8394E+04 -3.1571E+03  2.2082E+03
0000260   7.7780E+04  4.3355E+03 -2.9761E+02
0000261   8.1975E+04  1.3682E+03  9.1963E+02
0000262   8.0937E+04 -4.7760E+03 -1.4717E+03
0000263   7.7148E+04  3.2273E+03  3.4397E+03
0000264   8.1197E+04 -6.0610E+02 -8.2677E+01
0000265   7.5802E+04  3.3606E+03  8.6678E+03
0000266   7.5775E+04  1.3587E+04  2.9314E+03
0000267   7.8094E+04  1.2129E+04  1.9344E+04
0000268   7.9669E+04  2.2425E+02 -2.6014E+02
0000269   7.9089E+04 -1.0203E+04 -3.0681E+02
0000270   8.0948E+04 -4.9680E+03 -2.1675E+03
0000271   8.0091E+04  1.8021E+01 -3.8328E+03
0000272   7.7616E+04  1.5158E+03 -1.6885E+03
0000273   8.3673E+04  2.7722E+03  1.0620E+03
0000274   7.8494E+04 -4.9303E+03  1.1203E+04
0000275   7.3903E+04 -7.0061E+03  2.9053E+04
0000276   8.0592E+04  1.1761E+03  4.4072E+02
0000277   7.7572E+04  6.7311E+03 -1.0228E+03
0000278   8.3780E+04  3.7239E+02 -7.7741E+03
0000279   7.9785E+04 -8.4866E+02 -5.3942E+03
0000280   7.8576E+04  4.9402E+03 -9.4447E+02
0000281   8.3122E+04 -1.2700E+03 -3.1655E+02
0000282   8.2279E+04  2.5533E+02  2.5646E+03
0000283   7.4841E+04  4.9806E+02 -3.5064E+03
0000284   7.7897E+04 -1.1396E+03 -2.0535E+03
0000285   7.9422E+04  5.4670E+03 -5.4284E+03
0000286   8.4643E+04 -1.1224E+03  1.1302E+03
0000287   7.7425E+04  3.2363E+02  6.3515E+03
0000288   7.5331E+04 -1.0295E+04 -1.5711E+03
0000289   7.8381E+04  9.4740E+00  4.6724E+02
0000290   8.2198E+04  2.1283E+03 -1.2823E+03
0000291   8.2098E+04  1.8499E+03  1.0511E+03
0000292   7.8565E+04  3.0581E+03  1.8439E+03
0000293   8.0886E+04  2.3825E+02  6.5862E+02
0000294   7.8786E+04 -1.7851E+01  9.7479E+02
0000295   7.9487E+04  1.0139E+03 -5.7292E+03
0000296   7.7609E+04  6.1620E+03  5.3556E+03
0000297   8.1635E+04 -3.3442E+03  2.3219E+03
0000298   7.8701E+04 -1.3354E+03 -1.4830E+03
0000299   8.2676E+04  7.4727E+03 -4.7856E+03
0000300   7.9304E+04 -3.3792E+03  1.0759E+03
0000301   7.8559E+04 -4.6283E+03  3.3457E+03
0000302   8.0424E+04  2.0205E+03  5.1111E+01
0000303   8.0293E+04 -7.2753E+01 -1.6217E+03
0000304   8.1183E+04 -1.9000E+03  2.5748E+03
0000305   7.9455E+04 -2.6977E+03  3.7023E+03
0000306   8.1816E+04  4.3324E+02  4.0631E+03
0000307   7.7622E+04 -2.9143E+03  7.5026E+03
0000308   8.0674E+04  3.1051E+03 -1.4999E+03
0000309   7.6781E+04 -1.1703E+04 -1.3144E+04
0000310   8.1888E+04 -3.5425E+03  2.8848E+03
0000311   7.9216E+04 -7.4623E+03 -8.8904E+02
0000312   7.8139E+04 -2.4631E+03  9.6226E+02
0000313   7.8845E+04  1.1061E+03  7.6931E+02
0000314   8.1514E+04 -1.8060E+03  5.2372E+02
0000315   8.4538E+04  1.7002E+03 -5.0277E+02
0000316   7.9703E+04 -4.7332E+03  4.6411E+03
0000317   7.7506E+04 -2.6583E+03  1.9738E+04
0000318   7.8785E+04 -2.2497E+03 -4.3883E+03
0000319   7.9825E+04  4.2980E+03 -6.9264E+02
0000320   8.0696E+04  3.6912E+03  3.0096E+03
0000321   7.7940E+04  1.6749E+02  4.4535E+03
0000322   7.9775E+04 -2.3796E+03  3.1785E+03
0000323   7.8792E+04 -9.3031E+03  1.0984E+04
0000324   7.8829E+04 -1.6984E+03 -5.2351E+03
0000325   7.9484E+04  1.9200E+03  3.1251E+03
0000326   7.6166E+04 -1.7679E+03 -2.4488E+02
0000327   8.0614E+04  1.3744E+04 -3.9236E+03
0000328   7.9783E+04  1.8513E+04 -5.4012E+03
0000329   7.0554E+04  2.9456E+03  5.4344E+03
0000330   7.4465E+04  7.3559E+03  4.9039E+03
0000331   7.7756E+04  8.5963E+03  2.0840E+03
0000332   8.1600E+04 -7.7109E+03 -2.9234E+03
0000333   8.0790E+04  4.5346E+03 -4.5574E+02
0000334   8.1137E+04  1.6382E+03  4.7859E+03
0000335   7.0155E+04  2.5328E+04 -9.4792E+03
0000336   8.0063E+04  4.7777E+03  3.3088E+03
0000337   7.8835E+04 -4.6242E+03 -4.4707E+03
0000338   8.0123E+04 -9.8249E+02  4.2025E+02
0000339   7.9291E+04  2.0347E+03 -7.4064E+02
0000340   7.5256E+04  1.0730E+04 -7.2046E+03
0000341   8.1837E+04 -7.6754E+03  2.8774E+03
0000342   8.2385E+04  2.1117E+03  2.3664E+03
0000343   7.8161E+04  1.3464E+03  2.0133E+03
0000344   7.9856E+04  8.9176E+01 -7.7556E+01
0000345   8.3601E+04 -1.2806E+03 -1.8354E+03
0000346   8.1939E+04 -1.5935E+03  3.9071E+02
0000347   8.0819E+04 -3.4778E+03 -3.0392E+03
0000348   8.2142E+04 -7.8230E+02 -6.2254E+03
0000349   8.1235E+04 -3.3131E+03  5.3662E+03
0000350   7.9628E+04  5.3896E+03  2.1429E+03
0000351   8.2223E+04 -1.3327E+03 -1.2400E+03
0000352   7.6442E+04 -1.3661E+04 -5.4443E+02
0000353   7.8554E+04  2.7649E+03 -3.3637E+03
0000354   8.1270E+04  6.1933E+02 -9.3504E+02
0000355   8.1576E+04 -8.3842E+03 -7.5395E+03
0000356   8.1259E+04 -2.4447E+03  2.6704E+03
0000357   8.1029E+04  4.9818E+03  3.8455E+03
0000358   8.0035E+04 -1.7909E+03 -9.9710E+03
0000359   7.7783E+04  3.7776E+03 -4.9009E+03
0000360   7.7690E+04 -2.3557E+03  1.9282E+03
0000361   7.8954E+04  1.3326E+04  1.2206E+04
0000362   8.1432E+04  2.7927E+02  2.7907E+03
0000363   8.1445E+04 -1.7558E+02 -3.3636E+03
0000364   7.6124E+04 -6.4422E+03 -2.8164E+03
0000365   7.9482E+04 -2.0701E+03 -1.9333E+03
0000366   7.7130E+04  4.3470E+03  1.8774E+03
0000367   7.9212E+04 -4.6418E+03  7.1797E+02
0000368   8.0650E+04 -4.1081E+03 -6.3256E+02
0000369   8.3783E+04 -2.8233E+03  1.1488E+02
0000370   8.2582E+04  3.4545E+03 -1.0467E+03
0000371   8.2790E+04  1.2706E+03  3.3440E+03
0000372   8.0778E+04 -6.6598E+03  3.9206E+03
0000373   8.1096E+04  2.0492E+03 -1.7025E+01
0000374   7.7559E+04  4.9503E+03 -3.1291E+02
0000375   8.0486E+04  5.5124E+03 -4.0319E+03
0000376   8.2848E+04 -1.9726E+03  3.1049E+01
0000377   8.0100E+04  4.2213E+03  3.7989E+03
0000378   7.9034E+04  5.4874E+03 -3.5069E+03
0000379   7.7724E+04 -1.0923E+02  1.0986E+03
0000380   7.8745E+04  1.0044E+03  4.0297E+03
0000381   7.6374E+04 -3.9872E+03  9.2266E+02
0000382   7.9503E+04  2.3978E+03 -7.7015E+02
0000383   7.8142E+04  3.2057E+03  5.5879E+03
0000384   7.7443E+04  2.4020E+03 -5.7221E+03
0000385   8.2397E+04 -2.3588E+03  1.4879E+03
0000386   7.8860E+04  5.2861E+03  1.5019E+02
0000387   8.2713E+04 -3.4129E+03  2.9998E+01
0000388   7.7903E+04 -5.3417E+02  2.1359E+03
0000389   7.9628E+04  4.6069E+03  7.8243E+03
0000390   7.9068E+04 -2.5850E+03  3.7010E+03
0000391   6.2366E+04 -2.5339E+04 -2.7766E+04
0000392   7.8039E+04  8.1620E+01 -3.1110E+03
0000393   7.7024E+04 -2.1763E+03 -9.1187E+03
0000394   8.0910E+04  3.1698E+03  1.2102E+03
0000395   8.1530E+04  2.2207E+03  4.5623E+03
0000396   7.9516E+04  4.0282E+03 -1.2664E+03
0000397   7.9646E+04 -7.0833E+03  6.6914E+03
0000398   7.4053E+04 -1.7762E+04 -5.3251E+03
0000399   7.8495E+04  7.8073E+02  1.2795E+03
0000400   7.8567E+04 -4.3071E+03  2.5236E+03
0000401   7.8009E+04 -3.4909E+03  3.4071E+03
0000402   8.1164E+04 -3.7012E+03 -5.0917E+01
0000403   7.9269E+04  5.9625E+03 -3.1554E+03
0000404   7.9629E+04  5.5963E+01 -2.8095E+03
0000405   7.8633E+04  5.9586E+03  1.0783E+03
0000406   7.9397E+04 -4.8179E+03 -3.9409E+03
0000407   8.0684E+04  2.2425E+03  1.8527E+03
0000408   8.1612E+04 -2.5159E+02  1.5202E+02
0000409   8.1259E+04  1.9615E+03  5.2512E+03
0000410   7.9463E+04  4.7827E+03 -6.6413E+03
0000411   8.3652E+04 -4.5476E+02  3.5860E+03
0000412   7.9814E+04 -6.9454E+02 -8.2588E+02
0000413   7.7421E+04 -5.7667E+03  3.3015E+03
0000414   7.7105E+04  1.1395E+03  2.4203E+03
0000415   8.3680E+04  7.1324E+02  1.0909E+04
0000416   8.0451E+04 -4.0762E+03 -2.2435E+03
0000417   7.8880E+04 -8.1945E+03 -6.2322E+03
0000418   7.8428E+04 -1.3565E+03  6.8195E+02
0000419   8.2515E+04  4.7362E+02 -2.4710E+03
0000420   7.9374E+04 -8.2027E+02 -1.3222E+03
0000421   7.8421E+04 -1.0394E+04  4.3438E+03
0000422   8.0322E+04  4.6829E+03  7.7445E+03
0000423   8.1812E+04 -1.2435E+03  3.1692E+03
0000424   7.9188E+04 -6.9054E+03 -5.6643E+03
0000425   8.0684E+04  2.2950E+03 -1.7931E+03
0000426   8.0075E+04 -2.9973E+02  1.4406E+03
0000427   7.9438E+04 -1.5069E+03 -1.2390E+03
0000428   8.2046E+04 -2.2207E+03 -2.5309E+03
0000429   7.9858E+04  5.0275E+03 -9.8742E+02
0000430   8.1545E+04  4.1290E+02 -1.7160E+03
0000431   7.9591E+04  1.8940E+03 -1.5722E+03
0000432   7.3311E+04  3.1514E+02 -1.1916E+04
0000433   8.0704E+04  1.4465E+03 -4.4821E+03
0000434   6.0940E+04 -3.5913E+04  2.0635E+04
0000435   7.9435E+04 -7.6575E+03  1.8615E+02
0000436   8.0913E+04  4.0924E+03 -1.1007E+03
0000437   7.8213E+04  1.4431E+03  4.5033E+03
0000438   7.6436E+04  3.1699E+03  1.5552E+03
0000439   7.7444E+04 -5.5785E+03 -6.5429E+03
0000440   8.0775E+04 -4.8528E+03 -5.2825E+03
0000441   8.0195E+04  2.4476E+03 -3.9192E+03
0000442   7.8241E+04  7.1394E+03 -1.1839E+03
0000443   7.9511E+04 -3.1185E+03  4.3314E+02
0000444   8.0668E+04  7.7528E+02  5.1190E+03
0000445   7.8783E+04 -1.1977E+04 -5.3685E+03
0000446   8.1318E+04  3.5392E+03 -9.9105E+02
0000447   7.9208E+04  1.2738E+03  2.9301E+02
0000448   7.8186E+04 -1.9813E+02  1.7681E+04
0000449   7.9968E+04  2.6003E+03 -7.6762E+03
0000450   7.8586E+04 -6.6872E+02 -3.8283E+02
0000451   7.9216E+04 -1.2495E+03 -1.9468E+03
0000452   8.1997E+04 -4.6522E+02 -7.3075E+02
0000453   7.8536E+04 -4.7584E+03  3.2106E+03
0000454   8.0843E+04  4.3625E+02 -4.6011E+03
0000455   8.2515E+04  4.2400E+02  6.8758E+03
0000456   7.9896E+04 -3.7199E+03  2.5108E+01
0000457   7.9252E+04 -3.4595E+03 -2.2885E+03
0000458   7.9163E+04 -3.6394E+03  1.2245E+03
0000459   7.5065E+04 -4.3193E+03 -2.5312E+04
0000460   7.8050E+04 -4.1224E+03 -3.4574E+03
0000461   7.7687E+04  3.2357E+03  6.2915E+03
0000462   8.0845E+04  1.0367E+03  1.2797E+02
0000463   8.0417E+04 -3.1642E+03  1.6041E+03
0000464   7.9297E+04  5.1772E+03 -9.7037E+02
0000465   7.8441E+04  1.1498E+03  2.8439E+03
0000466   8.0333E+04  1.5383E+03  2.5032E+03
0000467   8.0140E+04 -4.5129E+02  6.7004E+03
0000468   8.3142E+04  3.8617E+03  3.1952E+03
0000469   7.9292E+04  1.6162E+03 -2.9809E+03
0000470   7.7301E+04  1.7568E+03 -9.2106E+03
0000471   7.1830E+04 -1.1440E+03  1.6848E+03
0000472   7.9968E+04  5.1868E+03 -3.6193E+03
0000473   8.0638E+04  4.8624E+02 -3.7388E+03
0000474   8.0430E+04 -1.3326E+03 -5.1071E+03
0000475   7.9961E+04 -1.6095E+02  6.8797E+02
0000476   7.5494E+04  5.1807E+03  7.7657E+03
0000477   8.1659E+04  2.1426E+03 -3.4516E+03
0000478   7.9128E+04 -4.4222E+03  2.6887E+03
0000479   7.9549E+04 -3.2364E+03  5.2354E+03
0000480   8.0102E+04  2.6505E+03  3.4988E+03
0000481   7.5914E+04 -4.8313E+03  4.8983E+03
0000482   7.6966E+04  1.8549E+03  3.6498E+03
0000483   7.6170E+04 -1.1246E+03 -8.8224E+03
0000484   7.8003E+04  5.4523E+03  3.6033E+03
0000485   7.5395E+04  3.3693E+03  2.6551E+02
0000486   8.0876E+04 -6.7157E+03  2.9290E+03
0000487   7.6139E+04 -3.7839E+03  3.6168E+03
0000488   7.6076E+04  1.3470E+03  1.4974E+03
0000489   7.8681E+04  1.1561E+03 -1.3928E+03
0000490   7.9399E+04  1.7093E+03 -3.9957E+03
0000491   7.8452E+04  1.1668E+03  3.1734E+03
0000492   7.7619E+04  9.4280E+03 -1.6987E+04
0000493   7.8984E+04 -3.7480E+03  1.3327E+03
0000494   7.8539E+04  4.3818E+03 -3.0172E+03
0000495   7.8237E+04 -4.5511E+03  4.0312E+02
0000496   8.3715E+04 -2.3412E+03 -2.6880E+03
0000497   7.9916E+04 -2.9149E+03  3.2750E+03
0000498   7.1540E+04 -5.2509E+03 -1.7769E+04
0000499   8.0238E+04  9.9943E+02 -4.8902E+02
0000500   7.9935E+04  8.4325E+02  2.6885E+03
0000501   7.6865E+04  8.6869E+03 -2.7926E+03
0000502   7.9631E+04 -6.4213E+03 -1.5361E+03
0000503   8.1122E+04  8.0758E+03  1.3571E+03
0000504   7.7464E+04 -1.2643E+03  4.6383E+03
0000505   7.7649E+04 -5.1053E+03  1.3085E+03
0000506   8.5479E+04  1.6282E+03 -4.2855E+02
0000507   7.2563E+04  9.8088E+03  1.6822E+04
0000508   7.9903E+04  1.5079E+03 -3.0551E+03
0000509   7.9176E+04  1.2490E+03  1.1140E+03
0000510   7.8290E+04 -3.7536E+03  7.1661E+03
0000511   8.3457E+04  9.4304E+02  1.0948E+03
0000512   7.7639E+04 -5.0687E+03  5.0024E+03
0000513   7.8993E+04  1.0945E+04 -1.7962E+03
0000514   7.8568E+04 -5.2990E+03  1.2345E+03
0000515   8.2004E+04 -1.8617E+03 -2.5963E+03
0000516   8.2397E+04 -8.1647E+03 -4.0118E+02
0000517   7.7804E+04  4.4033E+03  1.8904E+03
0000518   8.1172E+04  6.7236E+03  1.3197E+03
0000519   7.9990E+04  4.9677E+03  1.6481E+03
0000520   7.8764E+04  2.8116E+03 -1.4334E+03
0000521   7.9033E+04 -2.0600E+03  4.4872E+03
0000522   7.5786E+04  9.5034E+03 -2.3116E+04
0000523   7.9885E+04 -1.5150E+04  3.6993E+03
0000524   7.9232E+04 -4.9063E+03 -1.5069E+03
0000525   8.0058E+04  2.7255E+03  1.0782E+03
0000526   7.9563E+04 -3.6922E+03 -3.6377E+03
0000527   7.7516E+04 -1.2504E+04 -2.2004E+03
0000528   7.8117E+04  3.0878E+03 -7.0266E+03
0000529   7.3835E+04 -1.0306E+04 -3.2454E+03
0000530   7.7100E+04  1.2171E+04  1.1028E+04
0000531   7.8157E+04  4.5605E+03 -7.6432E+03
0000532   8.0757E+04  5.3128E+02  3.4526E+03
0000533   8.1223E+04 -3.7110E+03 -1.9082E+03
0000534   8.3471E+04  1.2557E+03  9.4121E+02
0000535   8.0508E+04 -6.7123E+03  9.8693E+03
0000536   7.7346E+04  6.5511E+02  3.2138E+03
0000537   8.0161E+04  4.1671E+03 -8.2227E+03
0000538   7.7672E+04  2.4697E+03  7.6154E+03
0000539   7.7305E+04 -6.7620E+03  1.0302E+03
0000540   7.7046E+04  2.9722E+03  1.3400E+04
0000541   7.6783E+04 -8.0608E+03 -2.2333E+03
0000542   7.8146E+04  9.5130E+03  4.1308E+03
0000543   8.3099E+04  1.4493E+03  7.7141E+02
0000544   7.7588E+04  7.9508E+02 -3.3821E+03
0000545   7.9140E+04 -2.3845E+03 -9.1888E+02
0000546   7.9203E+04 -7.3041E+03  2.8769E+03
0000547   8.0673E+04 -3.9902E+03 -3.8838E+03
0000548   8.0671E+04 -2.8553E+03  3.1555E+03
0000549   8.0305E+04 -2.8239E+03 -2.2595E+03
0000550   8.1242E+04  8.1281E+02  1.8101E+03
0000551   7.4349E+04 -1.0735E+04 -6.6157E+03
0000552   8.1543E+04  3.0373E+03  2.5365E+03
0000553   8.0214E+04 -5.5947E+02 -4.1196E+03
0000554   7.8121E+04 -2.2013E+03  2.5674E+03
0000555   8.0868E+04 -9.8310E+02 -6.6431E+03
0000556   8.0485E+04 -3.9746E+02 -4.3592E+03
0000557   7.5667E+04  9.1100E+03 -6.0513E+03
0000558   8.1931E+04  4.5007E+02 -8.5667E+03
0000559   8.0205E+04 -4.0877E+03 -6.0003E+03
0000560   8.2036E+04 -3.7106E+02  3.3070E+03
0000561   8.0395E+04  5.1890E+03  1.1587E+03
0000562   7.9386E+04 -3.0889E+03  2.8292E+02
0000563   7.7520E+04 -3.0547E+03 -2.5455E+03
0000564   8.0824E+04 -1.2028E+03  8.1826E+02
0000565   7.9165E+04 -5.3640E+03 -4.3956E+03
0000566   7.7758E+04 -3.0761E+03 -2.0478E+03
0000567   8.0106E+04  1.9925E+02  8.4952E+02
0000568   8.1569E+04 -4.9417E+02 -2.1563E+03
0000569   7.9121E+04  5.7969E+03  2.6964E+03
0000570   8.0914E+04  2.8330E+03  1.2439E+03
0000571   7.8324E+04 -8.1482E+02  6.7815E+03
0000572   7.9818E+04 -6.8857E+02  6.0354E+02
0000573   8.0394E+04 -1.0698E+03  6.1897E+02
0000574   7.7486E+04  1.5811E+03 -8.0632E+02
0000575   8.0233E+04  2.4471E+03 -5.2020E+03
0000576   8.0728E+04 -3.1919E+02 -1.4872E+03
0000577   7.9496E+04 -1.0008E+03 -3.6344E+03
0000578   7.6623E+04 -1.0278E+04 -5.8561E+03
0000579   7.9088E+04 -2.4870E+03 -3.3602E+03
0000580   8.1813E+04 -9.6335E+02  5.8032E+03
0000581   7.8611E+04 -6.0566E+03  2.2334E+03
0000582   7.6677E+04 -2.5271E+03  1.7174E+03
0000583   7.6273E+04  5.8764E+02 -3.1728E+03
0000584   8.1092E+04 -3.9975E+03  1.3353E+03
0000585   8.0093E+04 -5.9293E+02  4.0168E+03
0000586   8.1663E+04 -5.8795E+03  3.0367E+03
0000587   7.8198E+04  1.5823E+03 -2.4215E+03
0000588   7.8664E+04 -1.1243E+03 -1.6992E+03
0000589   7.9231E+04 -5.3580E+03  4.6027E+03
0000590   7.6534E+04 -4.1878E+03  1.5068E+03
0000591   7.9354E+04  4.7610E+02 -5.7523E+03
0000592   8.0670E+04 -1.2480E+03  1.1889E+03
0000593   8.1504E+04 -3.3797E+03  5.7874E+03
0000594   8.0573E+04  1.5084E+03  3.6918E+02
0000595   7.8798E+04  6.9452E+03 -4.0627E+02
0000596   8.2110E+04  2.4716E+03  3.1823E+03
0000597   7.9738E+04  2.6135E+02  5.7816E+02
0000598   8.1841E+04 -2.7760E+03  8.0738E+02
0000599   7.6641E+04 -2.7802E+03 -1.2754E+04
0000600   7.6947E+04  1.2086E+03 -2.5367E+03
0000601   7.9522E+04  4.0228E+03 -6.8207E+03
0000602   8.3064E+04 -1.3466E+03 -5.3884E+02
0000603   8.0879E+04  7.7793E+03 -1.9971E+03
0000604   7.8940E+04  3.8428E+03 -2.7852E+01
0000605   8.1065E+04  3.3130E+03 -4.3042E+03
0000606   7.8811E+04  3.1724E+02  2.3264E+03
0000607   8.0936E+04  6.7845E+03 -7.5072E+03
0000608   8.2596E+04  2.2761E+03 -1.9106E+02
0000609   8.2622E+04 -1.2774E+03 -1.1007E+03
0000610   8.1936E+04  5.5971E+00 -6.7270E+03
0000611   8.0323E+04 -4.5044E+03 -3.4458E+03
0000612   8.0904E+04 -1.1832E+03 -2.0416E+03
0000613   7.9824E+04 -9.4570E+01  1.2550E+03
0000614   7.8298E+04 -2.6387E+03  3.7366E+03
0000615   7.6938E+04 -1.5342E+04 -1.8622E+04
0000616   8.0498E+04 -4.8527E+03  5.4383E+03
0000617   8.0284E+04  2.9272E+03 -1.0650E+03
0000618   8.0540E+04 -1.7289E+03 -3.3685E+03
0000619   7.8088E+04  7.0007E+02  1.9016E+03
0000620   7.7479E+04  5.1505E+03  1.3094E+03
0000621   7.6634E+04 -1.8704E+03 -3.5967E+03
0000622   7.8263E+04 -5.5385E+03 -5.6025E+03
0000623   8.0442E+04  5.7011E+03 -1.1106E+03
0000624   8.2300E+04  2.4270E+03  1.0412E+03
0000625   8.2736E+04  3.9096E+03  4.0426E+03
0000626   7.6052E+04  3.4062E+03  8.3539E+03
0000627   8.2631E+04  6.5250E+02  2.0437E+03
0000628   8.3140E+04 -1.5606E+03  3.0125E+02
0000629   8.3516E+04  4.6906E+03 -1.8170E+03
0000630   7.3911E+04 -1.0293E+04  7.8814E+02
0000631   7.7822E+04 -4.6760E+03  3.0714E+03
0000632   8.2438E+04  4.2868E+03 -1.5476E+03
0000633   7.8253E+04 -3.3289E+03  8.0876E+03
0000634   8.0486E+04 -8.5442E+03 -8.8906E+02
0000635   7.9531E+04  2.2998E+02 -3.8663E+03
0000636   8.0427E+04  2.4880E+03 -3.2108E+03
0000637   8.2322E+04  3.0425E+03 -6.2797E+03
0000638   7.7716E+04  7.0804E+02  8.6352E+03
0000639   7.9570E+04  1.0759E+04 -2.6434E+03
0000640   8.3062E+04 -4.4622E+03  1.8711E+03
0000641   8.0793E+04  8.4442E+02  2.3733E+03
0000642   8.0437E+04  1.3166E+03  6.9507E+03
0000643   7.9136E+04 -6.4447E+03 -5.7812E+03
0000644   7.7663E+04  6.6530E+02 -6.0666E+02
0000645   8.1726E+04 -5.3495E+03 -4.8093E+02
0000646   7.9527E+04  8.6015E+02  5.7122E+03
0000647   7.6645E+04  3.2876E+03 -6.1840E+03
0000648   8.0258E+04  1.7480E+03  4.9188E+03
0000649   7.8678E+04 -3.7444E+03 -2.3535E+02
0000650   7.8415E+04  1.8352E+03  7.6952E+02
0000651   6.3550E+04 -1.5480E+04  3.4751E+04
0000652   7.8336E+04  3.6882E+03 -7.1919E+03
0000653   7.7989E+04 -2.9365E+03  7.0494E+03
0000654   7.9232E+04 -3.0010E+03 -2.0468E+03
0000655   8.2412E+04  1.5349E+03 -1.2721E+03
0000656   7.8892E+04 -1.3715E+03  2.7054E+03
0000657   8.1789E+04 -2.7971E+03 -2.8587E+03
0000658   7.8343E+04 -2.4802E+03  1.5191E+03
0000659   7.7781E+04  4.9432E+02 -3.4374E+03
0000660   7.1897E+04  3.7801E+03 -1.2061E+04
0000661   8.3304E+04  4.4409E+03  7.1944E+02
0000662   7.9457E+04 -6.2142E+03 -2.8951E+03
0000663   8.0088E+04  1.5537E+03  7.0885E+02
0000664   8.1381E+04 -2.2488E+02  1.8573E+03
0000665   8.0699E+04 -1.4053E+03  4.9704E+03
0000666   7.9952E+04  3.7493E+03 -2.8779E+03
0000667   7.6128E+04  1.1105E+03 -3.7356E+03
0000668   5.4588E+04  4.0943E+04 -5.2446E+03
0000669   8.0134E+04  2.6058E+02  9.4016E+01
0000670   7.8570E+04 -1.9387E+03 -5.1860E+03
0000671   7.6713E+04 -2.2232E+03  4.3225E+03
0000672   7.9576E+04  2.9377E+03  3.6991E+03
0000673   7.9109E+04 -8.6984E+02  4.2705E+03
0000674   7.6817E+04 -2.7862E+03  9.0817E+02
0000675   8.1517E+04 -3.1087E+03  2.7231E+03
0000676   8.1525E+04  3.7695E+03 -2.2370E+03
0000677   7.8755E+04 -4.3360E+03  4.0598E+03
0000678   8.3948E+04 -3.4885E+03  1.4257E+03
0000679   8.2343E+04  1.7338E+03  1.6127E+02
0000680   7.8439E+04 -3.6084E+03 -8.3355E+03
0000681   7.9264E+04  9.8051E+02  7.0465E+03
0000682   8.0555E+04 -5.7664E+03 -1.2216E+04
0000683   7.7906E+04 -5.6558E+02  1.3030E+03
0000684   8.1705E+04  5.4697E+03 -4.9966E+03
0000685   8.0113E+04 -9.9327E+02  5.0528E+03
0000686   8.0574E+04  1.0011E+03  3.6842E+03
0000687   7.8213E+04  3.7515E+03 -3.3927E+03
0000688   7.5994E+04 -6.7546E+03  1.3320E+03
0000689   8.0115E+04  2.4423E+02  2.3319E+03
0000690   7.8812E+04 -1.3765E+03 -7.7352E+02
0000691   8.3896E+04  2.7094E+03  1.0693E+03
0000692   7.7636E+04 -2.1972E+03  1.9767E+03
0000693   7.8986E+04 -7.9256E+03 -3.5346E+03
0000694   7.7194E+04  1.9756E+03  4.9310E+03
0000695   7.9446E+04  2.2681E+03 -1.5749E+03
0000696   7.7140E+04  2.6107E+03 -4.3929E+03
0000697   8.0407E+04  1.3882E+03  2.2022E+03
0000698   7.7135E+04 -5.2058E+03 -2.4175E+03
0000699   7.9017E+04  8.4923E+02  3.8859E+03
0000700   7.9941E+04 -6.0084E+03 -5.6558E+02
0000701   8.0867E+04  1.7623E+03  1.9405E+03
0000702   8.3276E+04  2.9686E+03 -5.2436E+02
0000703   7.9175E+04 -3.9020E+03 -1.3383E+02
0000704   7.6701E+04  6.9208E+03  3.3836E+03
0000705   7.8341E+04  2.0183E+03  5.0042E+03
0000706   7.9548E+04 -6.5569E+02  3.9543E+02
0000707   7.9957E+04 -1.2636E+03 -8.2056E+03
0000708   8.1837E+04  2.1999E+03 -6.5371E+03
0000709   7.9358E+04 -9.6795E+03  8.9026E+03
0000710   7.8047E+04 -5.6373E+03 -6.1945E+02
0000711   8.2023E+04  5.5610E+01 -1.5278E+03
0000712   7.8830E+04 -3.4121E+02 -5.2783E+03
0000713   8.0990E+04  2.8055E+03  1.3740E+03
0000714   7.9718E+04 -1.8378E+03 -2.9228E+03
0000715   7.9925E+04 -4.2459E+03  3.3178E+03
0000716   7.8532E+04  3.5876E+03  8.4130E+02
0000717   7.7666E+04 -1.6100E+03 -1.8542E+03
0000718   7.8726E+04 -8.0154E+03 -3.2100E+03
0000719   8.1477E+04  2.6800E+02  4.5239E+01
0000720   8.4069E+04 -2.5332E+03 -6.2716E+03
0000721   7.9422E+04  3.8747E+03  4.9802E+02
0000722   7.9375E+04 -1.6229E+03  3.2054E+03
0000723   7.8953E+04  4.8878E+03  6.4875E+03
0000724   8.0200E+04 -1.1082E+03  2.2749E+03
0000725   8.1807E+04  3.6620E+03 -1.3758E+03
0000726   7.7181E+04  1.5007E+03  3.7554E+03
0000727   7.5498E+04 -9.5277E+02 -8.4794E+03
0000728   7.8788E+04  8.9677E+02  4.8501E+02
0000729   8.0384E+04  4.4861E+03 -4.1634E+03
0000730   8.1292E+04  1.7281E+03 -1.6913E+03
0000731   7.8681E+04  7.9040E+03  6.7378E+03
0000732   7.7780E+04  3.1361E+03 -5.7755E+03
0000733   7.6129E+04 -1.4739E+03 -3.8898E+03
0000734   7.7695E+04  3.6994E+03  3.9546E+03
0000735   8.0007E+04 -2.3036E+03 -1.5130E+03
0000736   7.8742E+04  3.7298E+03 -1.4562E+02
0000737   7.9316E+04  3.7498E+03 -6.8566E+02
0000738   7.9557E+04  3.7309E+03 -4.4403E+03
0000739   8.0143E+04 -7.3614E+03  5.7702E+03
0000740   8.1664E+04  4.7594E+03 -7.2984E+03
0000741   8.0359E+04  5.5234E+02  4.9506E+03
0000742   8.4425E+04 -1.0318E+03  1.3362E+03
0000743   8.1711E+04 -2.3274E+03 -2.3852E+03
0000744   7.9080E+04 -3.3160E+03 -4.1394E+03
0000745   7.8656E+04  1.5718E+03 -5.5414E+03
0000746   8.2591E+04  3.0167E+03 -7.5329E+02
0000747   8.2049E+04  2.9298E+03  9.9608E+03
0000748   8.2131E+04  4.0573E+01  7.2338E+02
0000749   7.9966E+04 -6.1847E+02  2.1143E+03
0000750   8.1389E+04  7.3553E+03  2.5910E+03
0000751   7.9748E+04 -1.7484E+03  4.4371E+03
0000752   8.0686E+04 -7.2048E+02  1.1038E+03
0000753   8.0582E+04  4.1977E+02  4.5981E+02
0000754   8.1083E+04  2.1880E+03  4.6823E+03
0000755   8.0249E+04 -5.9231E+03 -2.2883E+03
0000756   8.0188E+04 -2.6133E+03 -4.3319E+03
0000757   7.9723E+04  2.5125E+03  4.1699E+03
0000758   8.0526E+04  3.8814E+03  2.6198E+03
0000759   8.0492E+04 -3.0609E+03  1.4786E+03
0000760   8.0173E+04 -6.9054E+03 -2.4617E+03
0000761   7.8349E+04  1.6915E+02 -1.4632E+03
0000762   7.9169E+04 -2.4975E+03 -1.5274E+03
0000763   7.6336E+04  2.4222E+03 -3.4116E+03
0000764   8.1098E+04  9.4296E+02 -1.3567E+03
0000765   7.9436E+04  5.4408E+03  8.6948E+01
0000766   7.5978E+04  1.7317E+02  1.1048E+04
0000767   7.9181E+04 -3.5720E+03 -1.8850E+03
0000768   7.3944E+04  2.1892E+04 -1.6494E+04
0000769   8.0867E+04  3.3430E+03 -1.4309E+03
0000770   7.9257E+04 -2.2886E+03 -9.2456E+02
0000771   8.0450E+04  2.3461E+03 -1.1895E+03
0000772   7.8941E+04 -1.7887E+03  2.0765E+03
0000773   8.0489E+04 -4.3552E+03 -5.8940E+02
0000774   7.7570E+04 -3.7416E+03 -1.6967E+03
0000775   7.9561E+04 -1.3090E+03 -2.0186E+03
0000776   7.9063E+04 -8.8125E+01 -1.2107E+03
0000777   8.1751E+04  3.0930E+03  4.7221E+03
0000778   8.0194E+04  6.7319E+02  3.8655E+02
0000779   7.9097E+04 -4.5652E+02  2.1797E+03
0000780   7.5894E+04 -1.4998E+03  1.1177E+04
0000781   7.8029E+04  4.2104E+03 -1.8689E+03
0000782   8.1459E+04  4.2080E+03  9.7189E+02
0000783   8.4210E+04  7.7138E+02  1.2205E+03
0000784   8.1028E+04  1.6883E+03  2.8110E+03
0000785   7.9215E+04 -4.8616E+03  3.0891E+03
0000786   8.0001E+04  3.9447E+03  1.1636E+04
0000787   8.1677E+04  2.7578E+03  7.7748E+02
0000788   7.7039E+04 -1.1145E+04  4.8889E+03
0000789   8.0391E+04 -1.3824E+03  5.2537E+03
0000790   7.7940E+04  3.3095E+03  5.6726E+03
0000791   8.2365E+04 -2.5928E+03 -1.2893E+03
0000792   8.2747E+04  1.8031E+03 -1.2177E+03
0000793   7.6771E+04 -2.5220E+03  4.9772E+03
0000794   7.9550E+04 -5.4989E+02 -3.8841E+02
0000795   8.0852E+04 -6.0623E+03  4.6622E+03
0000796   7.9517E+04  3.8876E+02 -4.3546E+02
0000797   7.8418E+04  2.5350E+03 -6.9033E+03
0000798   7.7506E+04 -1.4931E+03  1.5371E+03
0000799   7.8460E+04 -6.5250E+03  2.4951E+02
0000800   8.1402E+04  3.1763E+02  1.8935E+03
0000801   8.0022E+04 -1.4612E+03 -6.6838E+03
0000802   7.5216E+04 -4.7862E+03  3.1437E+02
0000803   7.8658E+04 -3.4797E+03  6.0159E+03
0000804   8.0859E+04  1.8054E+03 -6.0972E+01
0000805   8.1540E+04  9.9257E+02 -3.0934E+03
0000806   8.2986E+04 -7.2054E+02 -3.8135E+03
0000807   7.7640E+04  4.5939E+03 -2.9903E+03
0000808   8.0244E+04 -6.9495E+03 -3.2588E+02
0000809   8.0050E+04  1.8555E+03 -5.7472E+03
0000810   8.3619E+04  2.2855E+03 -1.2450E+03
0000811   7.9212E+04 -2.3473E+03  2.2351E+02
0000812   7.9333E+04 -4.9491E+03  8.7028E+03
0000813   7.7969E+04 -3.5316E+03 -2.1498E+03
0000814   7.9912E+04  1.9322E+02 -4.5664E+03
0000815   7.9013E+04  9.4289E+02 -5.0075E+02
0000816   8.0333E+04  1.3041E+03  6.2828E+02
0000817   8.0632E+04  2.6902E+03  2.3834E+03
0000818   7.8229E+04 -3.8116E+03  2.6132E+03
0000819   7.9837E+04 -2.0744E+03 -3.2572E+03
0000820   7.5145E+04 -1.3327E+04  1.4509E+04
0000821   7.6189E+04 -2.5687E+03 -6.9341E+03
0000822   7.8272E+04 -9.1732E+02 -3.4804E+03
0000823   7.9386E+04 -8.2599E+03  6.5403E+02
0000824   8.0752E+04  3.9398E+03 -7.3975E+03
0000825   8.1019E+04  7.3904E+03 -2.1629E+03
0000826   8.4346E+04  8.8451E+02 -8.6034E+01
0000827   8.2574E+04  3.5842E+03 -8.5061E+02
0000828   8.1083E+04  2.1975E+03 -3.8018E+02
0000829   7.6357E+04 -3.6290E+03 -8.2222E+03
0000830   8.0916E+04  1.8345E+03  7.6341E+03
0000831   7.9650E+04  5.0126E+03 -2.5712E+03
0000832   8.1140E+04 -1.0321E+03 -9.7935E+02
0000833   7.8620E+04 -1.1664E+03 -1.3507E+03
0000834   7.8379E+04 -1.2012E+03 -3.7740E+03
0000835   7.8984E+04  7.8529E+02 -2.1640E+03
0000836   8.1076E+04  3.1246E+03 -2.9361E+03
0000837   7.8398E+04  2.2327E+03  1.8788E+02
0000838   7.9181E+04  1.8440E+03 -1.5789E+03
0000839   7.9645E+04 -8.3414E+02 -6.4937E+03
0000840   7.9702E+04 -3.7197E+03 -8.3149E+03
0000841   8.0260E+04  3.2797E+03  6.2051E+02
0000842   7.7795E+04  1.3519E+04  5.1022E+03
0000843   8.0723E+04 -4.1658E+03 -1.1756E+04
0000844   7.5924E+04 -8.1098E+03 -1.8679E+04
0000845   7.9334E+04  5.7257E+03  7.3791E+03
0000846   7.9958E+04  4.8209E+03 -1.5351E+03
0000847   8.0823E+04  3.7596E+03 -4.5320E+03
0000848   7.8411E+04  2.8715E+03  7.8075E+03
0000849   7.9292E+04  3.9531E+03 -2.5143E+03
0000850   8.3023E+04 -9.4075E+02 -1.7801E+03
0000851   8.1559E+04  4.9329E+01  1.7151E+03
0000852   7.8446E+04  5.8661E+02 -1.0538E+03
0000853   8.0699E+04 -2.1611E+03 -2.2741E+03
0000854   7.9696E+04  8.6852E+01  3.9485E+03
0000855   7.7109E+04  3.0109E+03 -1.1518E+03
0000856   7.9643E+04  6.4149E+02  1.6698E+01
0000857   8.0661E+04  1.0711E+03  2.6786E+03
0000858   7.8363E+04 -2.0616E+03 -1.9437E+03
0000859   8.0410E+04  1.7950E+03 -1.8593E+03
0000860   8.1391E+04 -7.0713E+03  4.2014E+03
0000861   8.3904E+04 -2.5750E+03  4.4170E+03
0000862   7.8733E+04 -4.2812E+03  2.5773E+03
0000863   7.8218E+04 -3.3589E+03 -2.8712E+03
0000864   8.1518E+04 -8.7908E+02  3.6004E+03
0000865   7.8631E+04  1.1947E+02 -1.6599E+03
0000866   7.6532E+04  3.2533E+03 -1.4529E+04
0000867   8.0156E+04 -7.5294E+02 -5.0666E+03
0000868   8.1755E+04 -2.9798E+03  1.9601E+03
0000869   7.5216E+04 -2.9909E+03  9.9722E+03
0000870   7.8424E+04 -4.3530E+03  1.9237E+02
0000871   7.8960E+04 -4.0213E+03 -3.2990E+03
0000872   7.9815E+04  1.7494E+03 -7.3267E+03
0000873   8.0012E+04 -4.7871E+03 -1.6192E+03
0000874   8.2026E+04  2.7962E+02  1.4654E+03
0000875   8.0153E+04  3.1247E+03  1.8296E+04
0000876   7.6063E+04  8.7347E+03 -3.1524E+02
0000877   7.8284E+04  1.9430E+01  1.1300E+03
0000878   8.1338E+04 -3.7124E+03 -4.5624E+01
0000879   7.8929E+04  3.0699E+03  3.6014E+03
0000880   7.8980E+04  4.5926E+03 -3.2399E+03
0000881   8.2239E+04 -4.4968E+02  2.0498E+03
0000882   8.2847E+04  1.1777E+03  7.6666E+02
0000883   7.6502E+04  1.8304E+03 -4.5490E+03
0000884   7.9494E+04  1.0781E+03 -2.6648E+03
0000885   8.0408E+04 -2.7978E+03  6.3349E+03
0000886   7.7734E+04  4.0280E+03  3.2253E+03
0000887   7.8616E+04 -3.9417E+03 -1.9706E+03
0000888   7.9866E+04 -1.1399E+03  5.9292E+03
0000889   7.8381E+04  1.7847E+03 -3.2297E+03
0000890   7.8874E+04  4.1500E+03  2.4268E+03
0000891   7.7000E+04  7.9824E+02  4.3858E+03
0000892   8.1075E+04  1.8602E+03  6.6894E+03
0000893   8.0524E+04  5.2375E+03  7.9553E+03
0000894   7.8245E+04  4.0810E+01 -1.0147E+03
0000895   8.1254E+04 -1.5609E+03 -7.5181E+03
0000896   7.7252E+04 -9.2809E+03 -5.5081E+03
0000897   7.8074E+04  2.8178E+03 -6.3072E+03
0000898   7.9490E+04  1.1704E+03  1.4670E+03
0000899   7.9552E+04  6.9335E+03 -3.3622E+02
0000900   8.1812E+04 -1.2333E+02 -5.4599E+01
0000901   7.9161E+04  2.5199E+03  1.7977E+02
0000902   8.2308E+04 -1.8359E+03 -1.0413E+03
0000903   8.0809E+04 -1.2795E+03 -6.8437E+03
0000904   7.7623E+04  1.9909E+03  6.6164E+03
0000905   8.0706E+04 -3.3517E+03 -2.6519E+03
0000906   7.8539E+04 -1.5909E+03 -3.0794E+03
0000907   8.0790E+04  1.4390E+03  3.8570E+02
0000908   8.2306E+04 -1.2256E+01 -2.4835E+03
0000909   7.7544E+04 -2.4073E+03 -5.9006E+03
0000910   7.6965E+04  5.1027E+02  5.3864E+03
0000911   7.8037E+04 -4.1130E+03  2.4540E+03
0000912   8.2420E+04  3.0471E+03  6.1597E+02
0000913   7.8056E+04  2.2476E+03  3.1263E+03
0000914   8.0306E+04  3.8058E+03 -1.3766E+03
0000915   7.9874E+04  4.6918E+02  1.3008E+03
0000916   7.9444E+04 -5.6067E+02  4.1907E+03
0000917   7.7678E+04 -3.5992E+02 -5.5677E+03
0000918   8.2920E+04  1.3729E+03 -1.1256E+03
0000919   7.7932E+04 -8.8951E+03  8.1767E+02
0000920   7.8413E+04  2.2742E+03 -2.5117E+03
0000921   7.3728E+04  2.4791E+04 -6.1163E+03
0000922   7.9166E+04 -2.7446E+03 -4.1486E+03
0000923   8.1221E+04 -4.8284E+02  2.0632E+03
0000924   8.0052E+04 -1.7042E+03 -2.3519E+03
0000925   7.8339E+04  6.6927E+01 -2.2412E+03
0000926   7.9489E+04 -9.0838E+02  4.4098E+03
0000927   7.7030E+04 -6.2127E+03  3.0235E+03
0000928   7.6379E+04 -5.3289E+02  1.2595E+04
0000929   7.7951E+04 -1.9868E+03 -2.3548E+03
0000930   7.8516E+04  6.1427E+02  2.4370E+03
0000931   7.9515E+04  5.2151E+03  3.7562E+03
0000932   8.3931E+04  3.6300E+03  6.1393E+03
0000933   7.9597E+04  1.6890E+03 -3.7685E+03
0000934   7.9540E+04 -2.2610E+03  2.9884E+03
0000935   7.6337E+04 -1.3842E+04  1.0872E+04
0000936   8.1744E+04 -3.1860E+03 -1.9516E+03
0000937   8.0674E+04  1.2634E+03  1.1842E+03
0000938   7.9607E+04 -4.1635E+03  8.0336E+03
0000939   7.7133E+04 -9.9210E+03 -7.9063E+01
0000940   7.8829E+04  4.5784E+03 -1.8148E+03
0000941   7.8387E+04  2.0252E+03 -2.1122E+03
0000942   7.9134E+04 -1.0103E+03  4.9691E+03
0000943   8.1206E+04 -1.6657E+03  2.9033E+03
0000944   7.7703E+04 -6.7678E+03 -4.9182E+03
0000945   7.6396E+04 -1.5352E+03  2.6241E+03
0000946   8.0314E+04  5.0904E+03  5.3896E+03
0000947   7.7783E+04 -2.0762E+03  1.1152E+04
0000948   7.4025E+04  3.2180E+03 -1.3757E+02
0000949   7.9041E+04  2.2842E+03  1.9702E+03
0000950   8.0009E+04  6.4808E+03  5.3196E+03
0000951   7.8160E+04 -1.3092E+03 -8.4671E+02
0000952   8.1638E+04 -2.8681E+03 -4.1005E+02
0000953   7.7003E+04 -3.2498E+03 -4.2109E+03
0000954   7.8287E+04 -1.1512E+02 -3.2314E+03
0000955   8.0038E+04 -4.0477E+03 -3.3887E+03
0000956   7.8559E+04  1.6973E+03  2.5488E+03
0000957   7.7891E+04 -4.9786E+03 -5.1590E+03
0000958   7.8757E+04 -4.7286E+03 -4.5472E+03
0000959   8.0101E+04  1.6524E+03 -2.8983E+03
0000960   8.0094E+04  9.2709E+03  2.8393E+02
0000961   7.8869E+04  3.3249E+03 -2.4494E+03
0000962   7.9948E+04  1.4071E+03  3.7341E+02
0000963   7.7277E+04  6.1524E+02  1.2554E+03
0000964   7.8869E+04  1.7283E+03 -3.6118E+03
0000965   8.0365E+04 -1.5358E+03  3.1777E+03
0000966   7.7872E+04 -3.5081E+03 -9.5801E+03
0000967   7.8416E+04  5.6942E+01  4.2826E+03
0000968   7.6583E+04  6.3116E+03 -3.3811E+03
0000969   8.0443E+04 -4.3528E+03  3.8901E+03
0000970   7.8466E+04  4.2682E+02 -2.0120E+03
0000971   7.9345E+04 -1.5062E+02  8.4668E+03
0000972   7.8439E+04  3.3118E+03  1.0595E+04
0000973   7.9401E+04  5.8419E+03  4.7703E+03
0000974   8.3088E+04  3.2778E+03  1.6091E+02
0000975   8.0031E+04  5.3266E+03 -6.2754E+03
0000976   8.1666E+04 -1.3257E+02  8.1743E+02
0000977   7.5558E+04  2.3091E+02 -5.4439E+03
0000978   8.1804E+04  1.4240E+03  3.5480E+03
0000979   7.7991E+04 -4.6307E+03  3.3549E+03
0000980   8.1690E+04 -1.2563E+03 -3.9387E+03
0000981   8.2139E+04 -1.9168E+03 -3.9289E+03
0000982   7.9265E+04  5.1963E+03  5.0210E+03
0000983   7.8764E+04 -4.6455E+02  5.8318E+03
0000984   8.2321E+04 -6.2666E+03 -4.6098E+03
0000985   7.9548E+04  2.1031E+03 -4.0946E+03
0000986   7.5673E+04 -2.0196E+03 -2.8540E+03
0000987   7.9346E+04  3.3385E+03  3.2461E+03
0000988   7.9093E+04 -3.5147E+03  7.8201E+02
0000989   8.1239E+04  1.0697E+03  8.8994E+02
0000990   8.3455E+04 -1.4870E+03  1.2807E+03
0000991   7.9392E+04 -1.5716E+03 -1.3268E+02
0000992   7.7984E+04  4.9060E+02 -1.2191E+03
0000993   7.8513E+04 -5.3081E+03  4.3616E+03
0000994   7.8965E+04  4.2579E+03 -5.4721E+02
0000995   7.5412E+04 -1.2059E+03 -1.2371E+02
0000996   7.6097E+04 -4.1090E+02  1.1817E+03
0000997   8.1819E+04 -2.8771E+03  1.8830E+03
0000998   8.2168E+04 -3.7533E+03  3.9113E+03
0000999   7.7080E+04  1.2630E+04  1.5651E+03
0001000   7.7815E+04 -6.7013E+03  3.9405E+03
