============================== SRIM-2013.00 ==============================
==============================================================================
====== SRIM Outputs\RANGE_3D.txt : File of Final Ion Positions =====

Ion =  H (01)   Ion Mass= 001.0080
Energy  = 2700000.E-03 keV
Ion Angle to Surface = 00.0 degrees
==================== TARGET =======================
  Layer # 1 - Si_Top    
  Layer # 1 - Bottom Depth=300000.E+01 A
  Layer # 1 - Density =0002.3210 g/cm3
  Layer # 1 -  100 % of Si
икикикикикикикикикикикикикикикикикикикикикикикикикикикикикикикикикикикикикикикикикикикикикикикикикикикик
  Layer # 2 - Si_Bottom 
  Layer # 2 - Bottom Depth=600000.E+01 A
  Layer # 2 - Density =0002.3210 g/cm3
  Layer # 2 -  100 % of Si
икикикикикикикикикикикикикикикикикикикикикикикикикикикикикикикикикикикикикикикикикикикикикикикикикикикик
                                            
Ion       Depth  X   Lateral Y   Lateral Z  
Number    (Angstrom) (Angstrom)  (Angstrom) 
-------  ----------- ----------- -----------
0000001   7.8206E+05 -2.6941E+04 -1.0549E+04
0000002   7.7443E+05 -4.6846E+04 -9.6143E+04
0000003   7.8524E+05 -9.4534E+03  1.0725E+04
0000004   7.8392E+05 -2.6544E+04  4.4571E+04
0000005   7.9482E+05 -1.6596E+04 -3.6924E+04
0000006   7.6895E+05 -2.4360E+04  3.7997E+03
0000007   7.8073E+05  1.0580E+04  2.4343E+04
0000008   8.0507E+05 -2.9116E+04 -3.2147E+04
0000009   7.6485E+05 -2.5809E+04  1.8884E+04
0000010   7.8168E+05 -2.2544E+04 -8.0366E+02
0000011   8.0127E+05  1.8720E+04 -4.0913E+03
0000012   7.9122E+05 -2.6846E+04  1.2240E+04
0000013   7.9861E+05 -2.2225E+04  2.9336E+04
0000014   7.9856E+05 -1.0745E+04  1.5022E+04
0000015   7.7084E+05  4.5788E+04 -9.3684E+03
0000016   8.0016E+05 -4.5210E+04 -7.3388E+04
0000017   8.0575E+05  1.0997E+04 -1.5043E+04
0000018   7.9011E+05 -3.8399E+04 -1.8241E+04
0000019   7.8027E+05 -3.7717E+04  1.0453E+04
0000020   8.0155E+05 -5.1969E+03  1.3746E+03
0000021   7.8535E+05 -4.6541E+04 -6.4020E+04
0000022   7.9025E+05 -3.4627E+04  2.0726E+04
0000023   7.5688E+05  4.5069E+04 -1.5642E+05
0000024   7.7599E+05 -6.0478E+03 -2.8898E+04
0000025   7.9454E+05 -2.3332E+04  9.3159E+03
0000026   7.6859E+05 -6.3562E+04 -3.4407E+04
0000027   8.0915E+05 -1.7898E+04  1.0786E+04
0000028   7.8023E+05  4.8504E+04 -7.7363E+04
0000029   7.8068E+05  1.2849E+04  2.4066E+04
0000030   8.0040E+05 -1.2774E+04 -2.8123E+04
0000031   7.5776E+05  5.8432E+04 -1.8011E+04
0000032   7.8727E+05 -3.0776E+04 -4.5834E+04
0000033   8.0375E+05  6.0896E+03 -1.9345E+04
0000034   7.8311E+05 -6.9318E+04  6.4601E+04
0000035   7.7001E+05  3.3020E+04 -4.8749E+04
0000036   7.7591E+05  4.2261E+04  5.8289E+04
0000037   7.9710E+05  7.4642E+03 -3.9817E+04
0000038   7.2744E+05  1.9642E+05  2.0162E+05
0000039   7.7676E+05  3.8212E+04  3.0543E+04
0000040   7.9648E+05 -3.5292E+04 -4.9136E+03
0000041   7.8221E+05  1.4288E+04  8.1243E+03
0000042   7.8605E+05 -1.5499E+04  7.1451E+04
0000043   7.8669E+05  6.3098E+04 -2.2134E+04
0000044   7.8437E+05  2.0202E+04  1.8774E+04
0000045   7.8138E+05  6.8164E+04  1.7877E+04
0000046   7.9312E+05  3.5258E+02 -3.8969E+04
0000047   7.9415E+05  3.0941E+04 -7.8764E+04
0000048   7.9570E+05  3.7036E+04 -3.7223E+03
0000049   7.8237E+05  1.0404E+04  8.0603E+03
0000050   7.8037E+05 -2.4560E+04 -1.6408E+04
0000051   7.9653E+05 -2.3556E+04 -3.8283E+04
0000052   7.7417E+05 -6.7534E+04  7.6737E+03
0000053   7.9563E+05  4.7823E+04 -2.2716E+04
0000054   7.9038E+05  2.5579E+04  3.4134E+04
0000055   7.7374E+05 -1.3477E+04 -6.0652E+04
0000056   7.9034E+05  4.8767E+04  1.1727E+04
0000057   8.0897E+05  1.1321E+04  1.4785E+04
0000058   7.9043E+05 -2.4400E+03 -2.3723E+04
0000059   7.8611E+05 -4.8662E+04 -7.8771E+04
0000060   7.8880E+05  3.3557E+03  3.4320E+04
0000061   8.0416E+05 -7.6123E+03 -5.5084E+04
0000062   8.0841E+05  3.5270E+04 -1.7167E+04
0000063   7.8454E+05 -7.9407E+03  4.3390E+04
0000064   7.8414E+05  7.7640E+04 -1.8463E+04
0000065   8.1509E+05  1.5065E+04 -2.7985E+03
0000066   8.0456E+05  2.6023E+04 -2.6208E+04
0000067   7.9143E+05 -7.9953E+03  2.9439E+04
0000068   8.1064E+05 -3.6099E+03 -1.2413E+04
0000069   7.8763E+05 -6.7289E+04  1.6472E+04
0000070   8.0532E+05  5.7129E+04  2.6914E+04
0000071   7.6880E+05  4.2157E+04  3.5654E+04
0000072   7.6720E+05 -3.7787E+04  2.0841E+04
0000073   7.7402E+05  9.6416E+03 -3.7384E+03
0000074   7.7874E+05  4.1269E+04  3.5576E+03
0000075   7.7807E+05 -2.2036E+03 -2.1787E+04
0000076   7.9690E+05  3.4525E+03 -2.1522E+04
0000077   8.2246E+05 -3.6479E+03 -2.6189E+04
0000078   7.8896E+05 -1.1023E+04 -1.5004E+04
0000079   7.8735E+05 -3.4605E+04  1.2675E+04
0000080   7.6887E+05 -1.1444E+05  2.5881E+04
0000081   7.8244E+05 -7.4960E+03  4.1775E+03
0000082   7.6689E+05  3.2621E+04  5.3320E+03
0000083   7.7811E+05 -5.2710E+04  7.5733E+03
0000084   7.9327E+05  4.0591E+04 -2.4687E+04
0000085   7.9519E+05 -2.5838E+04  6.0403E+04
0000086   7.6030E+05 -3.5331E+03  5.5283E+04
0000087   7.9948E+05 -9.5282E+03 -4.1632E+04
0000088   7.9107E+05 -1.1361E+04 -8.2517E+03
0000089   7.8619E+05 -4.7214E+04 -4.9613E+03
0000090   8.0583E+05  7.7234E+02  1.0827E+04
0000091   7.8898E+05  5.9875E+04 -5.7163E+04
0000092   8.2475E+05 -7.1058E+03  3.8581E+04
0000093   7.8415E+05  1.8388E+03 -5.0043E+03
0000094   7.9792E+05 -9.0369E+03  5.2907E+04
0000095   7.5308E+05  2.5771E+04 -2.7119E+04
0000096   7.8583E+05 -7.0054E+04  3.8296E+04
0000097   7.9670E+05  1.8421E+04 -1.6871E+03
0000098   7.8223E+05 -2.3883E+04 -1.5689E+04
0000099   7.8751E+05  4.4385E+04 -1.9241E+04
0000100   7.8372E+05  7.6131E+03  2.6451E+04
0000101   7.8331E+05  1.7035E+04 -2.5154E+04
0000102   7.9680E+05  2.1082E+04  2.0792E+04
0000103   7.9005E+05 -6.5465E+02 -3.3053E+04
0000104   7.8303E+05  4.5093E+04  4.7187E+04
0000105   7.8628E+05 -1.1726E+04 -5.4965E+04
0000106   7.7782E+05  4.4292E+04 -4.7706E+04
0000107   7.5875E+05 -1.7239E+04 -5.7604E+04
0000108   7.8732E+05  1.4646E+02  1.2071E+04
0000109   7.8637E+05  2.7779E+04 -4.5408E+03
0000110   7.8940E+05 -1.1027E+04  8.6100E+03
0000111   7.9180E+05 -2.0469E+04 -1.0475E+04
0000112   8.1323E+05 -3.8990E+04 -2.6095E+04
0000113   7.9819E+05 -4.2924E+04 -3.7560E+04
0000114   7.8789E+05  3.0955E+04 -1.7641E+03
0000115   7.6911E+05  1.3456E+05 -2.3591E+04
0000116   8.2451E+05  3.2596E+04  2.3529E+04
0000117   7.8025E+05 -2.1991E+04 -7.2742E+04
0000118   7.9520E+05  3.4301E+03  2.1745E+04
0000119   7.8810E+05 -1.0152E+04 -1.0146E+04
0000120   7.9380E+05  2.4401E+04 -1.3067E+04
0000121   7.6203E+05  1.6665E+04 -3.0706E+04
0000122   7.8991E+05  1.8366E+04  4.6117E+04
0000123   8.1465E+05  3.0692E+04 -8.3166E+03
0000124   7.7938E+05  3.1226E+04 -1.2307E+04
0000125   7.8905E+05  8.5961E+03  1.3197E+04
0000126   7.8920E+05  4.1004E+04 -3.1571E+04
0000127   7.8389E+05  1.7878E+03  8.8747E+04
0000128   7.9998E+05  1.5160E+04  3.2663E+04
0000129   7.7772E+05  2.0148E+04  1.8059E+04
0000130   7.9921E+05  2.3166E+04 -1.5565E+04
0000131   7.8337E+05  2.4624E+04  2.3899E+04
0000132   7.7577E+05  2.3627E+02  2.2538E+03
0000133   7.8389E+05 -9.1322E+03  4.9119E+04
0000134   7.6403E+05 -1.6307E+04 -1.5510E+04
0000135   7.8897E+05 -6.4724E+03 -2.5368E+04
0000136   7.7911E+05 -1.2273E+04  9.0280E+03
0000137   7.7995E+05  1.4286E+04  5.0842E+03
0000138   7.9117E+05  8.7337E+03 -2.2434E+04
0000139   7.8131E+05  4.2622E+03  3.4804E+04
0000140   7.9676E+05  2.3150E+03  4.8158E+03
0000141   7.8106E+05 -3.9905E+04  3.4753E+04
0000142   7.7396E+05 -2.3119E+04  9.5824E+03
0000143   7.8309E+05 -1.7076E+04 -1.2707E+03
0000144   8.0212E+05 -1.5082E+04 -1.1781E+04
0000145   7.7932E+05 -1.5026E+04 -8.7423E+03
0000146   7.8661E+05 -1.5923E+04 -4.7486E+04
0000147   8.0565E+05  9.5375E+04  4.6596E+04
0000148   7.8493E+05  4.8114E+04 -2.1647E+03
0000149   7.8587E+05  2.2988E+04  5.4306E+03
0000150   7.8932E+05  1.0064E+04  1.4291E+04
0000151   7.5432E+05  6.5520E+04 -5.3808E+04
0000152   8.0437E+05 -1.1217E+04  2.3573E+04
0000153   7.9363E+05 -1.6428E+04 -1.3034E+04
0000154   7.7142E+05  9.0844E+04 -9.8285E+04
0000155   7.9196E+05 -1.7315E+04  3.7947E+04
0000156   7.9678E+05 -4.7329E+04  5.1496E+03
0000157   8.1556E+05 -1.5608E+04 -1.1156E+04
0000158   7.8077E+05  4.9392E+04 -1.4464E+04
0000159   8.0215E+05 -1.5815E+04  4.9730E+02
0000160   8.1961E+05  2.8495E+04 -8.6203E+03
0000161   7.9508E+05 -2.0262E+04  2.4507E+04
0000162   8.0689E+05  2.2429E+04  1.4601E+02
0000163   7.9333E+05  1.4366E+04  6.4785E+03
0000164   8.0965E+05  5.3992E+04 -6.8647E+03
0000165   7.8545E+05 -1.9604E+04 -4.5132E+04
0000166   7.8503E+05  3.9992E+03 -5.7117E+03
0000167   7.9377E+05  2.1182E+04  1.1443E+04
0000168   8.1671E+05  3.0245E+04  4.0791E+03
0000169   7.6815E+05 -2.9199E+04  6.3353E+04
0000170   7.8278E+05 -1.6285E+04  2.9386E+04
0000171   7.8474E+05 -3.3038E+04 -6.0616E+03
0000172   7.8040E+05  3.0468E+04 -7.2743E+02
0000173   7.9627E+05 -3.7075E+04 -3.0926E+03
0000174   7.7346E+05 -2.4235E+04 -1.0078E+04
0000175   7.7690E+05  8.8198E+03 -2.5545E+04
0000176   8.0443E+05 -4.4602E+04  4.0981E+04
0000177   7.8811E+05  5.4465E+03  1.2070E+04
0000178   7.6554E+05  2.5737E+04  2.4297E+04
0000179   7.7618E+05 -1.3399E+04  2.6864E+04
0000180   8.0603E+05  4.2934E+04  2.0276E+04
0000181   7.6846E+05  1.4387E+04 -1.4221E+05
0000182   7.7458E+05  7.2139E+04  3.1878E+04
0000183   7.8856E+05  3.1053E+04  7.2279E+03
0000184   7.8700E+05  4.6862E+04  9.9169E+04
0000185   7.2783E+05  4.4381E+04 -2.6091E+05
0000186   7.7926E+05  7.8665E+03 -1.1236E+03
0000187   7.8237E+05  9.6700E+03 -5.5410E+04
0000188   8.0421E+05 -3.4794E+03  2.0296E+04
0000189   7.9434E+05 -3.5147E+04  3.8876E+04
0000190   7.7407E+05 -6.8026E+04 -6.0951E+04
0000191   7.8727E+05  8.9630E+02 -9.3921E+03
0000192   7.8749E+05 -2.8011E+04  1.5012E+04
0000193   7.8524E+05  1.4800E+04 -3.4060E+04
0000194   7.7114E+05 -2.9617E+04 -6.0089E+02
0000195   7.9918E+05  5.2816E+04 -2.4886E+04
0000196   7.9124E+05  4.4572E+04  3.8328E+04
0000197   7.7726E+05 -7.3720E+03  2.5371E+04
0000198   7.7170E+05 -7.2249E+04  3.0438E+04
0000199   7.8588E+05  1.9250E+03 -7.3374E+03
0000200   7.9233E+05  3.5286E+04 -2.3123E+04
0000201   7.7560E+05 -3.8440E+04 -3.4068E+03
0000202   7.9677E+05 -8.1005E+03  6.3221E+03
0000203   7.7830E+05  2.9470E+04  1.1599E+04
0000204   7.7993E+05  1.7088E+04  1.4527E+04
0000205   7.9967E+05 -8.3507E+02 -1.3948E+04
0000206   7.9888E+05 -4.7832E+03 -4.0133E+04
0000207   8.0508E+05  2.1508E+04  3.8798E+04
0000208   7.9895E+05 -9.7024E+03  1.1218E+03
0000209   7.8970E+05  1.0325E+04  1.7301E+04
0000210   7.8637E+05  8.7458E+03 -4.2066E+03
0000211   7.6727E+05  2.6442E+04 -1.6862E+04
0000212   7.8098E+05 -2.7000E+04 -1.4393E+04
0000213   7.7511E+05  1.0315E+04 -6.4653E+03
0000214   8.0516E+05 -7.2089E+02  5.9849E+03
0000215   7.9103E+05  3.0101E+04 -1.0840E+04
0000216   7.8427E+05 -2.5927E+04 -4.2285E+04
0000217   7.8293E+05  5.9274E+04  5.4157E+04
0000218   7.8338E+05  9.1441E+03  1.4525E+04
0000219   8.0591E+05 -9.2321E+03  1.7786E+04
0000220   7.9278E+05  2.2738E+04 -4.8786E+04
0000221   7.6617E+05  4.0212E+04  2.0678E+04
0000222   7.8179E+05  1.9413E+02 -3.8981E+04
0000223   7.6917E+05 -2.9348E+03  5.3618E+03
0000224   7.7911E+05 -3.1848E+03  1.2125E+04
0000225   8.0796E+05  4.0879E+03  2.0416E+03
0000226   7.1976E+05  1.9515E+05  8.4965E+02
0000227   7.8911E+05  1.1645E+04  6.9774E+03
0000228   8.0491E+05  4.4834E+04 -5.2940E+03
0000229   7.7812E+05 -3.9487E+04  1.1363E+04
0000230   8.1263E+05 -1.5191E+04  2.7181E+04
0000231   7.8776E+05 -4.8590E+04 -1.1940E+04
0000232   8.0279E+05  5.6050E+03  1.2958E+04
0000233   8.0278E+05  2.8012E+03  5.4992E+04
0000234   7.8527E+05  2.3545E+04 -2.5419E+04
0000235   7.8557E+05 -2.8925E+04  1.9796E+04
0000236   7.9858E+05 -1.8785E+04 -1.9683E+04
0000237   7.7025E+05 -5.3559E+03  3.1728E+04
0000238   7.6393E+05 -5.5978E+04  3.9795E+01
0000239   7.7317E+05  6.3938E+04 -3.2905E+04
0000240   7.9281E+05  3.5076E+04 -3.3064E+04
0000241   7.6163E+05  5.8082E+04 -3.0662E+04
0000242   7.9130E+05  4.8491E+04  5.1530E+04
0000243   7.9886E+05 -1.3321E+04 -3.5269E+03
0000244   8.0914E+05  8.6390E+03 -1.5727E+04
0000245   7.9731E+05  1.8061E+04 -1.3963E+04
0000246   7.9664E+05  1.0392E+05 -1.3324E+04
0000247   8.0788E+05  6.4895E+03 -1.6403E+04
0000248   7.9065E+05 -1.2022E+04  5.9697E+04
0000249   7.8401E+05  7.0453E+02  2.7557E+04
0000250   8.0004E+05  4.4491E+03  3.8579E+04
0000251   7.7594E+05 -1.9265E+04 -2.5050E+04
0000252   7.8158E+05  6.9922E+04 -3.2544E+04
0000253   7.6679E+05  1.1147E+05  1.2808E+05
0000254   8.1691E+05  2.0817E+04  2.3200E+04
0000255   7.8402E+05  2.3336E+04  1.4952E+03
0000256   7.8063E+05  2.1845E+04  3.0707E+04
0000257   8.0200E+05 -9.0529E+03  2.4405E+04
0000258   7.8223E+05  1.7527E+04 -1.6909E+04
0000259   7.7604E+05 -1.0478E+05  1.7644E+05
0000260   7.9291E+05 -2.3336E+04  1.7130E+04
0000261   7.8821E+05 -1.1076E+04  7.3136E+03
0000262   8.0589E+05  4.1413E+04 -4.5163E+04
0000263   7.9686E+05  1.2346E+04 -3.9614E+04
0000264   7.8857E+05 -1.9300E+04 -3.6677E+04
0000265   7.6287E+05  7.3377E+03  9.6976E+03
0000266   7.7851E+05  1.0286E+04 -2.2256E+04
0000267   7.8758E+05 -3.7231E+04 -3.1733E+04
0000268   7.7488E+05 -9.8677E+04 -1.6745E+04
0000269   7.7270E+05 -2.1073E+04 -3.2541E+04
0000270   7.5787E+05  7.6526E+04 -1.0205E+04
0000271   7.7215E+05  8.8789E+03 -3.4898E+03
0000272   7.8070E+05  5.2014E+03  2.7484E+04
0000273   8.1316E+05 -1.2818E+04  2.5439E+04
0000274   7.8701E+05  2.6223E+04 -6.0371E+03
0000275   7.6740E+05 -4.1795E+04  2.9401E+04
0000276   8.0824E+05  3.3009E+04  1.2069E+04
0000277   7.7961E+05 -4.5162E+03  3.2270E+04
0000278   8.1965E+05 -1.6255E+03  1.1658E+04
0000279   8.0393E+05  2.1010E+04 -1.7916E+04
0000280   7.8370E+05 -2.3339E+04  4.0014E+04
0000281   7.5646E+05  3.0063E+04  5.7706E+03
0000282   8.0651E+05 -1.0625E+04  3.0979E+04
0000283   8.0690E+05 -1.7773E+04  3.8857E+04
0000284   7.9241E+05  1.5099E+04  1.1735E+04
0000285   7.8633E+05 -8.2780E+02 -3.6800E+04
0000286   7.8176E+05 -2.4473E+04  4.4552E+04
0000287   7.9907E+05  1.2106E+04  5.7358E+04
0000288   7.7034E+05  1.8675E+03 -1.4739E+04
0000289   7.5764E+05  1.9277E+04 -5.0313E+04
0000290   7.6108E+05  5.2361E+04 -7.1645E+03
0000291   7.8007E+05  2.2195E+04  2.3595E+04
0000292   7.8001E+05 -7.9283E+03 -1.0414E+04
0000293   8.0635E+05 -1.8079E+03 -1.1914E+03
0000294   7.7309E+05  2.3968E+04 -8.0062E+03
0000295   7.7063E+05 -1.2627E+04 -6.6847E+04
0000296   7.6315E+05 -3.8378E+04  5.0094E+04
0000297   7.5880E+05  5.4928E+04  8.6479E+03
0000298   7.8687E+05  2.1132E+04  1.7285E+04
0000299   7.7185E+05 -1.6486E+04  1.7731E+04
0000300   7.8414E+05 -1.5916E+04  2.8991E+04
0000301   7.8513E+05 -1.7296E+04 -8.1671E+02
0000302   7.8013E+05  1.1744E+04  5.9670E+03
0000303   7.7274E+05  4.1664E+04 -3.7783E+04
0000304   7.9136E+05 -1.3047E+04 -9.7482E+03
0000305   7.7929E+05  6.8399E+04 -5.2337E+04
0000306   7.9469E+05 -5.1326E+04 -1.6415E+04
0000307   7.7687E+05 -4.2467E+02  3.8650E+04
0000308   7.6011E+05  2.2931E+04  3.8653E+04
0000309   7.7714E+05  4.4990E+03 -3.8675E+04
0000310   7.6562E+05 -3.1953E+03 -3.6731E+04
0000311   8.0421E+05 -1.2709E+04  1.4091E+04
0000312   7.9717E+05 -2.2769E+04  1.5539E+04
0000313   8.1098E+05  1.2555E+02 -1.3290E+03
0000314   8.0327E+05  2.4772E+04 -1.2455E+04
0000315   7.9709E+05 -8.1479E+02  2.1207E+04
0000316   7.6597E+05 -3.7002E+04  1.3810E+04
0000317   7.9321E+05  3.5488E+04  6.7661E+03
0000318   7.8247E+05 -1.5984E+04  5.3784E+04
0000319   7.6324E+05 -2.6147E+04 -4.4280E+03
0000320   7.9078E+05  5.5682E+03 -2.3450E+04
0000321   7.7309E+05  5.7032E+03 -9.9536E+02
0000322   7.8546E+05 -1.6952E+04  2.5087E+04
0000323   7.7915E+05 -8.0950E+03 -6.2565E+04
0000324   8.0365E+05  1.0178E+04 -1.6836E+04
0000325   7.8061E+05  9.9030E+03 -1.3122E+04
0000326   7.9155E+05 -2.5532E+04  1.7122E+04
0000327   7.8470E+05 -2.4084E+04  3.9883E+04
0000328   7.7540E+05 -2.6236E+04  1.9583E+04
0000329   7.7044E+05 -2.9090E+04 -3.8779E+04
0000330   7.6928E+05  2.0935E+04  6.1267E+04
0000331   8.0092E+05 -1.3098E+04 -2.4379E+04
0000332   7.9993E+05 -6.5308E+04 -3.7234E+04
0000333   8.1474E+05  4.9634E+03  1.4411E+04
0000334   8.1186E+05 -3.2625E+04  1.9903E+04
0000335   7.9435E+05 -9.8194E+03 -8.6581E+03
0000336   7.6108E+05 -2.9585E+04  3.1553E+04
0000337   7.9890E+05 -2.0443E+04 -4.5181E+04
0000338   7.9599E+05 -3.9772E+04  7.4136E+02
0000339   7.8763E+05  1.5458E+04  1.8683E+04
0000340   7.5671E+05 -4.8551E+04  6.6628E+03
0000341   7.9906E+05 -5.5770E+03  1.2142E+04
0000342   7.9254E+05  1.2992E+04  2.1595E+04
0000343   8.0070E+05  7.5074E+03  6.3265E+03
0000344   7.9006E+05  8.0875E+03 -1.0204E+04
0000345   7.6740E+05  2.6875E+03 -2.2968E+04
0000346   7.7810E+05 -1.5692E+04  9.4837E+04
0000347   8.0077E+05  4.0411E+04 -1.4037E+04
0000348   7.9418E+05 -3.7512E+04 -5.3806E+03
0000349   7.7997E+05 -8.0816E+04  1.9671E+04
0000350   8.1385E+05  3.2940E+03  3.0420E+04
0000351   8.0163E+05  6.5179E+03  5.0392E+04
0000352   7.7602E+05  5.1245E+04 -1.3957E+04
0000353   7.9242E+05 -3.3567E+04 -4.5477E+04
0000354   7.8258E+05 -1.4253E+04  7.2521E+03
0000355   8.0126E+05  3.9672E+03 -6.5261E+03
0000356   7.5689E+05 -8.1425E+04  1.7608E+05
0000357   7.9894E+05 -3.6317E+04  4.7808E+04
0000358   7.9829E+05  1.3274E+04 -2.0885E+04
0000359   7.9241E+05  4.0619E+04 -3.2199E+03
0000360   7.8941E+05 -4.7648E+03 -2.6875E+04
0000361   7.5393E+05  2.9426E+04 -8.1412E+04
0000362   7.6236E+05  8.2376E+03 -4.9378E+04
0000363   7.9646E+05 -3.1721E+04  3.4109E+04
0000364   7.6717E+05  3.4141E+04  7.5539E+02
0000365   7.7178E+05 -1.5274E+04  1.1994E+05
0000366   7.7763E+05  5.9393E+03 -9.5374E+03
0000367   8.0301E+05 -2.5672E+04 -2.7981E+04
0000368   7.7388E+05  1.8801E+04  9.4775E+03
0000369   7.9334E+05 -9.5525E+03  3.2136E+03
0000370   7.9231E+05 -6.6442E+03  6.7956E+03
0000371   7.7553E+05 -9.3706E+03  1.3259E+04
0000372   7.9002E+05  7.0267E+03  2.6438E+04
0000373   7.9007E+05 -1.9625E+04  9.3382E+03
0000374   7.8219E+05  1.5188E+04  3.5150E+04
0000375   7.7922E+05 -1.1747E+04  2.6776E+04
0000376   7.6415E+05 -1.8728E+04  4.0273E+04
0000377   7.9756E+05  4.9298E+01  1.6975E+04
0000378   7.7792E+05 -3.1574E+04  1.8104E+04
0000379   7.7716E+05  1.3057E+04 -3.8691E+04
0000380   7.9015E+05 -5.5251E+03  1.7424E+04
0000381   7.8114E+05 -5.3999E+03  7.0883E+03
0000382   7.7327E+05  3.8786E+04 -2.5023E+04
0000383   7.8697E+05  2.0334E+04  2.8071E+04
0000384   7.7268E+05 -1.4029E+04  7.7867E+03
0000385   7.5126E+05  9.2086E+04  1.9313E+05
0000386   7.7996E+05  1.6375E+04  2.8185E+04
0000387   7.8721E+05 -1.3138E+04 -6.0564E+04
0000388   8.1492E+05  2.8344E+04 -1.2911E+04
0000389   7.9209E+05  8.6640E+03  1.9760E+04
0000390   7.9545E+05 -1.8121E+04 -2.4419E+04
0000391   7.6666E+05  1.7406E+04 -3.5908E+04
0000392   7.7988E+05 -4.8402E+04  1.1489E+04
0000393   8.0314E+05 -2.7317E+03  1.7558E+04
0000394   7.8452E+05 -4.3156E+04 -1.6473E+04
0000395   7.9572E+05 -1.0079E+04  3.2544E+04
0000396   7.8806E+05 -1.4605E+04  5.6310E+03
0000397   7.7357E+05  5.0823E+04 -4.9933E+04
0000398   7.9129E+05  3.9880E+03 -1.9147E+03
0000399   7.9625E+05  2.1564E+04 -3.2915E+04
0000400   7.6854E+05  4.7612E+04 -2.6054E+04
0000401   7.8052E+05 -5.0932E+03  1.3953E+04
0000402   7.8470E+05  1.3764E+04  3.2054E+03
0000403   7.7600E+05  3.0589E+04 -2.3234E+04
0000404   7.8715E+05 -1.7193E+04  9.4497E+04
0000405   8.0376E+05 -2.6182E+04 -1.1315E+04
0000406   7.7207E+05 -1.6558E+04 -3.3660E+03
0000407   7.8772E+05  2.9896E+04 -5.3347E+04
0000408   7.9523E+05  3.5946E+04 -6.6873E+03
0000409   8.0467E+05  1.0668E+04 -7.3499E+03
0000410   7.7931E+05  1.0412E+04  2.7638E+04
0000411   7.7746E+05  2.7702E+03  1.1427E+04
0000412   7.8356E+05  3.8530E+04  8.6921E+03
0000413   7.8495E+05 -1.5188E+04 -1.0571E+03
0000414   7.8117E+05 -4.3309E+03  3.4965E+04
0000415   8.0276E+05  4.0816E+04 -4.0993E+02
0000416   7.9146E+05  1.5418E+04  1.8421E+04
0000417   7.6413E+05  2.3942E+04 -7.8546E+03
0000418   7.6452E+05  3.0183E+04  2.8900E+04
0000419   8.0930E+05 -3.4265E+04 -5.8706E+03
0000420   7.9926E+05 -1.1297E+04 -2.5869E+04
0000421   8.0089E+05 -2.4046E+03 -4.4992E+03
0000422   7.7654E+05 -1.1185E+05  2.1438E+04
0000423   7.8173E+05 -9.1266E+03  1.3746E+04
0000424   7.8284E+05 -1.4668E+04  2.3083E+04
0000425   7.8705E+05  1.4833E+04  9.6550E+03
0000426   7.8467E+05  5.5167E+04 -3.2103E+04
0000427   7.9090E+05 -5.6676E+03  8.7882E+04
0000428   8.1979E+05  1.1733E+02 -9.0243E+03
0000429   7.9223E+05 -1.0800E+04  1.0735E+04
0000430   7.9689E+05 -2.1891E+03 -1.7360E+04
0000431   7.8247E+05  2.1272E+03 -1.7001E+04
0000432   7.7888E+05  1.3627E+04  2.4656E+04
0000433   7.6826E+05  2.6250E+04  6.9811E+03
0000434   7.7785E+05  5.5172E+04  2.6534E+04
0000435   7.6169E+05  1.2289E+04 -2.8822E+03
0000436   7.7442E+05  3.6283E+04 -1.3349E+04
0000437   7.8640E+05 -7.3562E+03 -4.8791E+03
0000438   7.6482E+05  2.8619E+04 -2.6406E+04
0000439   7.9532E+05 -7.8244E+04 -1.8850E+04
0000440   8.0514E+05  6.9814E+03 -2.4700E+04
0000441   7.6513E+05 -4.9705E+04 -5.3057E+04
0000442   7.9054E+05 -7.7568E+04  1.7756E+04
0000443   7.8645E+05 -1.2914E+04 -3.1083E+04
0000444   7.7457E+05 -1.2293E+04 -2.4621E+04
0000445   7.9499E+05 -5.3121E+04  2.0678E+04
0000446   7.9657E+05  1.5596E+04 -1.6373E+04
0000447   7.8556E+05 -1.9131E+04  1.8000E+03
0000448   7.7020E+05  1.4480E+05 -1.5313E+04
0000449   7.7794E+05  8.4410E+02 -6.9684E+03
0000450   7.8504E+05 -3.7750E+04  3.5439E+04
0000451   7.8777E+05 -2.6535E+03  5.3655E+04
0000452   8.0567E+05  5.5740E+02  1.6832E+04
0000453   7.8112E+05 -2.5268E+04 -7.5866E+04
0000454   7.8482E+05 -2.6522E+04 -1.2391E+03
0000455   7.7795E+05  1.9302E+03  2.9682E+04
0000456   7.6626E+05  1.4423E+04 -2.2035E+04
0000457   8.0279E+05 -4.6177E+04  1.7497E+04
0000458   7.7373E+05  9.0730E+03  5.0019E+04
0000459   7.9220E+05 -5.2271E+04 -4.0084E+03
0000460   7.8851E+05 -8.0510E+04  1.7425E+04
0000461   7.6760E+05  6.4443E+04  6.5932E+04
0000462   7.8200E+05 -5.1463E+03  3.4146E+04
0000463   7.7511E+05  1.4069E+04  3.2311E+04
0000464   7.7953E+05  1.1685E+04  9.3714E+03
0000465   7.8399E+05 -1.3317E+04  4.0424E+03
0000466   7.9525E+05  2.6684E+04 -1.4579E+04
0000467   7.8711E+05 -5.1944E+03 -7.6724E+03
0000468   7.9172E+05  1.9077E+04  4.5823E+03
0000469   7.9265E+05 -9.2951E+03  4.6988E+03
0000470   7.9127E+05  1.9481E+04  8.5666E+03
0000471   7.7785E+05  4.9810E+04 -3.3054E+04
0000472   7.8517E+05  1.1093E+04  4.4677E+03
0000473   7.8327E+05 -1.7160E+04 -3.6799E+04
0000474   7.7699E+05  7.2137E+03  1.5332E+04
0000475   7.8109E+05 -2.3071E+03  2.2048E+04
0000476   7.9721E+05 -3.8895E+03 -5.0171E+04
0000477   7.9376E+05 -5.5253E+03  5.0352E+03
0000478   7.6837E+05 -4.9764E+04 -2.9534E+04
0000479   8.0478E+05  3.5278E+04 -1.5201E+04
0000480   7.6513E+05 -1.1664E+04  3.7890E+04
0000481   8.2127E+05 -2.7354E+04  8.5695E+03
0000482   7.7014E+05  1.7092E+04 -2.9195E+04
0000483   8.2326E+05 -9.7397E+03  3.6234E+04
0000484   7.8435E+05 -5.6458E+03 -9.8514E+03
0000485   6.3052E+05  2.8721E+05  2.8563E+05
0000486   7.7548E+05 -3.4715E+04  7.4949E+03
0000487   7.7325E+05 -2.6391E+04 -2.9418E+04
0000488   7.7460E+05  2.6014E+04 -1.3972E+04
0000489   7.7295E+05  2.5394E+04 -2.0702E+04
0000490   7.8133E+05  3.9851E+04  1.2822E+04
0000491   7.9994E+05 -1.2212E+04 -2.1266E+04
0000492   7.9996E+05 -1.2578E+04  1.9786E+04
0000493   7.6460E+05  2.8095E+04 -5.4599E+04
0000494   7.7138E+05 -1.9024E+04 -1.4775E+04
0000495   7.7926E+05 -1.7754E+04 -8.9677E+04
0000496   7.7672E+05 -5.6153E+04 -4.4262E+04
0000497   8.0512E+05  3.5131E+04  1.4866E+04
0000498   7.7370E+05  1.6688E+04  2.5429E+04
0000499   7.7982E+05 -6.2317E+03 -7.7754E+03
0000500   7.8311E+05 -2.5004E+04 -5.6442E+04
0000501   7.7844E+05  4.8847E+04  3.3808E+04
0000502   7.8148E+05 -9.4182E+03  3.3801E+04
0000503   7.9657E+05 -5.2593E+03  4.4868E+04
0000504   7.5697E+05  1.5772E+04  5.2480E+04
0000505   8.1118E+05 -6.4337E+04 -6.3913E+04
0000506   7.7208E+05  5.3553E+04  3.5912E+04
0000507   7.7541E+05  3.8199E+03 -1.3817E+04
0000508   7.9878E+05  2.8757E+04  2.8137E+03
0000509   7.9205E+05  6.7430E+02  1.3496E+04
0000510   7.5779E+05  1.8439E+04  9.4800E+04
0000511   7.8211E+05  3.8434E+03 -2.0993E+03
0000512   7.8167E+05  2.2327E+04  3.4103E+04
0000513   7.9776E+05 -2.1065E+04  3.9916E+04
0000514   7.8071E+05  1.8209E+04 -5.5670E+03
0000515   7.9302E+05  6.7265E+04 -3.7620E+03
0000516   7.8162E+05 -1.4938E+04 -1.9659E+04
0000517   7.6449E+05  2.3669E+04 -3.1458E+03
0000518   7.7807E+05 -1.4149E+04  2.7628E+04
0000519   7.9287E+05  9.1155E+03 -2.8325E+03
0000520   7.7529E+05 -2.6371E+04  2.6003E+04
0000521   7.7909E+05 -1.2783E+03  1.8937E+03
0000522   7.7811E+05 -5.3466E+04 -4.2806E+04
0000523   7.7273E+05  6.1403E+02  1.2142E+04
0000524   7.9167E+05 -3.4476E+04 -2.7046E+04
0000525   8.0278E+05  3.3244E+04 -1.6446E+04
0000526   7.8382E+05 -1.3690E+04 -3.6258E+04
0000527   7.7637E+05 -7.3489E+04  1.2714E+04
0000528   7.7827E+05 -7.8866E+03  1.4649E+04
0000529   7.8901E+05 -1.1687E+04  2.9868E+03
0000530   7.8848E+05 -9.6065E+04  1.2450E+04
0000531   7.8663E+05  2.2586E+04 -3.1756E+03
0000532   8.1057E+05 -2.4633E+04 -3.2901E+04
0000533   7.5935E+05  4.3429E+04  2.9850E+04
0000534   7.6894E+05  1.6052E+03  4.2497E+04
0000535   7.8516E+05  4.8162E+03  2.7033E+04
0000536   7.8513E+05 -1.4396E+04  2.4742E+04
0000537   8.1146E+05  3.8009E+04  1.2951E+04
0000538   7.6268E+05 -7.1240E+03 -1.3871E+04
0000539   7.8340E+05  1.3485E+04 -4.3816E+03
0000540   7.9939E+05  4.3994E+03  1.7504E+04
0000541   7.8012E+05 -7.9044E+03 -2.1144E+04
0000542   8.1171E+05 -6.0629E+04  1.6210E+04
0000543   7.9283E+05  2.6194E+04 -2.7956E+04
0000544   7.6909E+05 -9.7106E+03 -6.2668E+03
0000545   7.5956E+05 -1.7447E+04 -9.3957E+03
0000546   7.7308E+05 -3.6518E+04 -2.4816E+04
0000547   7.7626E+05 -6.6392E+03 -7.0775E+04
0000548   7.8143E+05 -3.0618E+04 -4.0538E+04
0000549   7.8730E+05  2.2112E+04 -2.2922E+04
0000550   7.6483E+05 -9.8770E+04  9.5191E+02
0000551   7.9744E+05 -2.3171E+04 -2.1818E+04
0000552   7.9215E+05 -5.9340E+03 -6.2223E+03
0000553   7.9044E+05  2.4596E+04 -3.7204E+04
0000554   7.9497E+05  1.3966E+04 -2.7457E+04
0000555   8.0625E+05  3.0009E+04  2.2884E+04
0000556   7.5663E+05 -1.9987E+04 -1.1061E+04
0000557   7.8023E+05 -2.3304E+04  6.3195E+04
0000558   7.8352E+05 -2.7428E+04  2.4070E+03
0000559   7.6321E+05  1.2778E+04  3.4012E+04
0000560   7.7991E+05  8.1916E+02  3.9724E+04
0000561   7.7809E+05  8.9318E+04  2.0418E+04
0000562   7.5641E+05  6.0931E+04  8.1503E+04
0000563   7.7903E+05 -3.4616E+04  7.5943E+03
0000564   7.8395E+05 -1.1887E+02  1.5210E+04
0000565   7.7996E+05 -2.2851E+04  3.6148E+04
0000566   5.1236E+05  9.4905E+04 -2.7305E+05
0000567   7.8684E+05 -7.3436E+03 -2.0589E+04
0000568   7.7886E+05 -2.9687E+02 -1.3668E+04
0000569   7.9081E+05 -4.9620E+03  3.1034E+04
0000570   8.2156E+05  8.9879E+03  1.6022E+04
0000571   7.8680E+05 -7.4741E+02 -5.6591E+03
0000572   8.0909E+05 -7.4151E+03  4.1108E+03
0000573   7.7479E+05 -8.8348E+03  2.7993E+04
0000574   7.7763E+05  2.6020E+04 -1.5160E+04
0000575   7.8123E+05  3.1684E+04  2.5699E+04
0000576   8.0195E+05 -2.3198E+04  4.1793E+04
0000577   7.7203E+05 -1.5303E+04  9.4071E+03
0000578   7.5334E+05  3.7335E+04  3.4987E+04
0000579   7.8696E+05 -2.2338E+04 -5.0284E+04
0000580   7.8176E+05 -4.8178E+04  3.1356E+04
0000581   8.0050E+05 -1.6598E+04  9.8328E+02
0000582   7.7382E+05  2.3746E+04  4.0928E+03
0000583   7.9235E+05  4.9763E+04  6.7408E+04
0000584   7.5552E+05  8.2364E+04 -6.4060E+03
0000585   7.9666E+05 -2.0784E+04  1.5573E+04
0000586   7.7682E+05  1.9094E+04 -1.3943E+04
0000587   7.7034E+05 -1.2699E+04  3.6999E+04
0000588   8.1064E+05  1.2247E+04 -1.2552E+04
0000589   7.9066E+05 -2.2784E+03  3.9917E+04
0000590   7.9848E+05 -1.0864E+04  1.1811E+04
0000591   7.8917E+05 -1.3118E+04  3.3562E+04
0000592   7.5225E+05 -3.4875E+03  1.7019E+04
0000593   8.0719E+05  2.4448E+04  1.1805E+04
0000594   7.7042E+05  2.9692E+04  2.7975E+03
0000595   8.0117E+05 -1.0048E+04 -2.2834E+02
0000596   8.0627E+05  6.5732E+03 -5.2733E+03
0000597   7.8624E+05 -6.7328E+03 -3.3501E+04
0000598   8.0223E+05  3.5997E+04  9.4402E+03
0000599   7.9888E+05  1.4870E+04  4.5079E+03
0000600   7.8018E+05 -2.9273E+04 -3.5071E+04
0000601   7.7274E+05 -2.8463E+04  2.0736E+03
0000602   7.8160E+05 -2.6019E+04 -7.8109E+03
0000603   7.9343E+05  5.0069E+03 -2.2305E+04
0000604   7.7000E+05 -1.5538E+04  4.6526E+04
0000605   7.8672E+05 -4.8212E+04  1.6235E+04
0000606   7.7398E+05  1.6658E+04  9.7493E+03
0000607   7.8153E+05 -5.8001E+03  5.9246E+03
0000608   7.7587E+05 -2.4541E+04 -2.2150E+04
0000609   7.9655E+05 -1.5308E+04 -4.1400E+03
0000610   7.7140E+05  7.2729E+04  3.5103E+04
0000611   8.0097E+05  2.6958E+04  3.3005E+04
0000612   7.6845E+05 -8.3060E+03 -1.6425E+04
0000613   8.0025E+05  4.4293E+04  1.0184E+04
0000614   7.6944E+05 -1.6303E+04 -1.5822E+04
0000615   7.8816E+05 -3.4432E+04  3.9938E+04
0000616   8.0719E+05 -5.3619E+04 -2.7066E+04
0000617   7.7723E+05 -6.9925E+04 -5.5914E+03
0000618   7.4770E+05  2.8115E+04 -1.8181E+04
0000619   8.0069E+05 -8.0854E+03  1.4746E+04
0000620   8.0691E+05 -1.3049E+04 -2.4955E+04
0000621   7.7581E+05  3.7108E+03 -1.4146E+04
0000622   8.0273E+05  6.8487E+03  3.4988E+04
0000623   8.1004E+05 -4.7544E+04  1.2640E+04
0000624   7.8572E+05 -1.6516E+03  3.2664E+04
0000625   7.8454E+05 -1.0204E+04 -3.6996E+02
0000626   8.1954E+05 -7.7020E+03 -1.3826E+04
0000627   7.7143E+05  2.6612E+04  3.5655E+04
0000628   7.9894E+05 -4.4584E+03 -1.8098E+04
0000629   8.1878E+05 -1.4095E+04 -1.3634E+04
0000630   7.8697E+05 -4.0533E+04  6.8136E+03
0000631   7.6305E+05  3.0725E+03  1.6093E+04
0000632   7.9129E+05  6.5538E+03 -3.3482E+04
0000633   7.7943E+05  1.1329E+04 -1.5972E+04
0000634   7.8529E+05  2.0119E+04 -1.7203E+04
0000635   7.8832E+05 -7.2062E+03  1.0416E+04
0000636   7.9056E+05 -1.7806E+04  1.5638E+03
0000637   8.1041E+05 -1.4021E+04  3.8529E+03
0000638   7.8764E+05 -3.2837E+03 -1.9377E+04
0000639   7.8489E+05  4.7962E+04  1.0876E+03
0000640   8.0316E+05 -1.7288E+04  3.1194E+03
0000641   7.9207E+05 -3.2750E+03 -7.1483E+03
0000642   7.6778E+05 -1.1985E+04 -5.2864E+04
0000643   7.7884E+05  2.0988E+04  4.3163E+04
0000644   7.5727E+05 -5.2658E+04  3.3383E+04
0000645   7.7616E+05 -4.8925E+04 -4.1516E+03
0000646   7.8160E+05 -2.9191E+04 -6.1157E+03
0000647   7.9915E+05 -9.7666E+03 -3.5328E+04
0000648   7.8691E+05 -3.3434E+04  3.0579E+04
0000649   7.9290E+05  2.2788E+03 -5.5879E+04
0000650   7.9000E+05  1.9978E+04 -3.5236E+04
0000651   8.0089E+05  1.9209E+03 -2.7887E+04
0000652   7.7692E+05 -3.1375E+04 -1.1104E+04
0000653   8.0429E+05  5.5219E+03 -2.0287E+04
0000654   7.8541E+05  1.2483E+04 -5.4441E+04
0000655   8.0857E+05 -3.5556E+04 -2.0804E+04
0000656   7.9956E+05  1.9924E+04  3.7754E+04
0000657   8.3290E+05  1.0711E+04 -2.0924E+04
0000658   7.9123E+05  3.6665E+04  1.1835E+04
0000659   7.7611E+05 -1.0427E+04 -8.7799E+03
0000660   7.7943E+05  1.1099E+04  2.2957E+04
0000661   7.8963E+05 -3.8612E+03  2.0340E+04
0000662   8.0793E+05 -2.2457E+04  1.9864E+04
0000663   7.9949E+05  3.1621E+03  3.6351E+03
0000664   7.7782E+05  4.6215E+04 -2.4687E+04
0000665   7.7462E+05  5.1321E+04  6.8773E+03
0000666   8.0706E+05 -5.1177E+03  4.8707E+03
0000667   8.0852E+05 -1.6374E+04  7.5424E+03
0000668   8.0291E+05 -3.2213E+03 -1.5754E+03
0000669   7.7996E+05  6.2162E+04 -1.4482E+04
0000670   7.8684E+05 -4.8783E+03  1.6110E+04
0000671   7.9194E+05 -5.5697E+04 -1.2265E+04
0000672   7.6276E+05 -3.2697E+04  8.6404E+04
0000673   7.6447E+05  5.9763E+04  3.8392E+04
0000674   7.5511E+05 -2.1534E+04  7.4759E+04
0000675   7.7599E+05 -6.0431E+03  1.6573E+04
0000676   7.9653E+05 -1.9314E+04  6.8819E+04
0000677   7.9098E+05  1.9114E+04 -1.0666E+04
0000678   7.9624E+05 -8.1097E+03 -1.3855E+03
0000679   8.1164E+05  2.1603E+04 -2.4265E+04
0000680   7.8105E+05 -3.6550E+04 -3.5282E+04
0000681   7.9042E+05 -5.9282E+03  5.3033E+04
0000682   7.9098E+05  8.9106E+03 -4.1690E+04
0000683   7.8307E+05 -4.1331E+04 -9.0889E+03
0000684   7.8708E+05  2.5602E+04  2.9602E+04
0000685   7.8666E+05  3.0073E+04  1.7063E+04
0000686   8.0074E+05  1.2676E+04 -4.5696E+03
0000687   7.9603E+05 -2.1968E+04 -2.8934E+04
0000688   7.7656E+05 -8.7938E+02  6.5000E+03
0000689   7.9445E+05 -1.7014E+04 -3.8789E+03
0000690   7.8923E+05  2.0833E+04  2.4869E+04
0000691   7.6796E+05  1.1229E+05  4.5852E+04
0000692   7.7560E+05  3.6350E+04 -4.1227E+04
0000693   7.8359E+05  2.3947E+04  3.5056E+04
0000694   7.9849E+05 -3.3634E+04  5.0652E+04
0000695   8.0606E+05 -3.1033E+04 -3.3215E+04
0000696   7.5218E+05  6.8244E+04 -2.8371E+03
0000697   7.8679E+05  2.7616E+04 -3.8054E+04
0000698   7.9211E+05 -6.7624E+03  1.3977E+04
0000699   7.8248E+05  1.5256E+04  2.4940E+04
0000700   7.7147E+05 -7.8055E+03  1.4712E+04
0000701   8.1374E+05 -8.6156E+03 -4.5469E+03
0000702   7.8188E+05  3.4388E+04 -1.8063E+04
0000703   7.9666E+05 -1.9928E+04 -1.0204E+05
0000704   7.8374E+05  1.3633E+04 -4.4977E+03
0000705   7.8775E+05  3.0995E+04 -5.7005E+03
0000706   7.8089E+05 -7.0315E+04  4.1018E+03
0000707   7.7751E+05 -7.1689E+03 -3.1225E+04
0000708   7.7182E+05  8.0211E+03 -2.5283E+04
0000709   7.8377E+05 -4.0792E+04 -8.7310E+04
0000710   7.7304E+05  2.2535E+03  2.5863E+04
0000711   7.8225E+05  2.0740E+04  3.2531E+03
0000712   7.8272E+05  2.3994E+03 -1.4591E+04
0000713   7.9314E+05 -1.1581E+04 -3.8637E+03
0000714   8.0138E+05  2.0284E+04  2.0850E+04
0000715   7.7686E+05 -1.2073E+04 -9.3700E+03
0000716   7.7129E+05  1.2543E+04  3.7235E+04
0000717   7.5930E+05 -2.2669E+04 -9.3547E+04
0000718   8.0664E+05  7.3237E+04 -1.0772E+04
0000719   7.0324E+05  2.8960E+05 -8.8525E+03
0000720   7.8656E+05 -1.8736E+04 -1.1205E+04
0000721   7.9115E+05 -5.8637E+04 -4.0686E+04
0000722   7.5997E+05 -3.1284E+03  4.0160E+04
0000723   8.0080E+05  6.2989E+04 -5.2014E+04
0000724   7.9685E+05 -1.4877E+04 -2.7534E+04
0000725   7.9802E+05 -5.3427E+04 -2.9102E+04
0000726   7.8804E+05 -1.8405E+04  1.2358E+04
0000727   7.8018E+05  7.2536E+03 -1.6168E+03
0000728   8.1653E+05  3.2685E+04 -7.7085E+03
0000729   7.6503E+05 -4.1341E+04  1.4271E+04
0000730   7.8455E+05  7.9519E+03  6.3832E+03
0000731   7.7571E+05 -5.3879E+03  2.7357E+03
0000732   7.7082E+05  1.7430E+04  1.9118E+04
0000733   7.8971E+05  2.6785E+04  2.4426E+04
0000734   8.1495E+05  1.5825E+04 -6.2753E+03
0000735   7.7897E+05  2.4478E+03 -4.1505E+04
0000736   7.9846E+05 -3.4589E+04 -1.0248E+04
0000737   7.8339E+05 -4.1093E+04  4.4650E+04
0000738   7.8322E+05  7.8208E+03  1.1896E+04
0000739   8.0061E+05 -5.7300E+03  3.1610E+03
0000740   7.9414E+05 -1.0331E+04 -1.3432E+04
0000741   7.8998E+05 -2.4532E+04  5.3229E+04
0000742   7.8285E+05  4.2334E+04  5.0848E+04
0000743   7.7539E+05  5.1253E+03 -2.2085E+04
0000744   7.4844E+05 -1.3445E+05 -7.9859E+04
0000745   8.0292E+05 -1.2242E+04 -3.5610E+04
0000746   7.9809E+05  3.8791E+04 -6.0132E+03
0000747   7.7737E+05  1.4377E+04  5.7318E+03
0000748   7.8982E+05  2.1453E+04 -7.7065E+03
0000749   7.8814E+05  9.5223E+03 -1.5661E+04
0000750   7.8729E+05 -4.0096E+04 -2.8262E+04
0000751   8.0455E+05  6.2858E+03 -2.6867E+04
0000752   7.7424E+05  1.8417E+04  3.4432E+04
0000753   8.0657E+05  2.2256E+04  2.4774E+04
0000754   7.9458E+05 -6.8865E+03 -2.4745E+04
0000755   7.9740E+05  1.3085E+04 -7.5669E+03
0000756   7.6063E+05 -2.2464E+04 -2.7894E+04
0000757   7.7560E+05  5.4876E+04 -3.6945E+04
0000758   7.8852E+05 -3.6992E+04 -1.2574E+04
0000759   8.0067E+05 -5.5987E+03  1.1286E+04
0000760   8.0490E+05 -3.0560E+03  5.1628E+03
0000761   7.9931E+05  7.6300E+03  1.8895E+04
0000762   7.9383E+05  1.7063E+04  2.9628E+04
0000763   7.8669E+05  1.5748E+04 -1.7001E+04
0000764   7.6261E+05  1.9890E+04 -5.5043E+03
0000765   7.9728E+05 -8.8176E+03  1.8432E+04
0000766   7.8918E+05 -3.3644E+04 -2.9550E+04
0000767   7.9317E+05  3.6373E+04  1.5110E+04
0000768   7.8406E+05  2.0202E+04 -5.1625E+02
0000769   7.6979E+05 -9.9099E+04  2.6907E+04
0000770   7.7489E+05 -3.4189E+04 -2.0010E+04
0000771   7.7636E+05  1.1533E+04  2.5971E+04
0000772   7.9378E+05 -6.6425E+04 -2.6954E+04
0000773   7.5622E+05 -6.1950E+04 -1.9456E+04
0000774   7.7826E+05 -6.4665E+02 -1.8711E+04
0000775   7.7878E+05 -4.5847E+04 -4.3089E+04
0000776   7.8300E+05  9.8855E+03 -2.1202E+04
0000777   7.7934E+05 -6.4638E+04 -8.0457E+04
0000778   7.9378E+05  1.2696E+04  2.3094E+03
0000779   7.6540E+05 -3.7580E+04  1.0458E+05
0000780   7.7479E+05 -3.6097E+04  2.0547E+04
0000781   7.9286E+05 -9.6065E+03 -4.4803E+04
0000782   8.0836E+05  1.8614E+04  6.4913E+03
0000783   7.9738E+05  2.0870E+04 -2.4359E+04
0000784   8.0305E+05  2.6446E+03  3.4526E+04
0000785   7.7029E+05 -4.7728E+04  4.3366E+02
0000786   7.8759E+05 -2.6818E+04  2.9557E+04
0000787   8.0540E+05 -8.0127E+03  1.1741E+04
0000788   8.1208E+05  6.9415E+02 -3.0149E+04
0000789   7.9057E+05 -4.2582E+04  1.8622E+03
0000790   7.9397E+05 -5.4548E+04  5.0687E+04
0000791   7.9275E+05 -4.8512E+03 -1.6250E+04
0000792   7.9579E+05  1.0337E+04  3.2362E+04
0000793   7.9679E+05  6.8334E+04  4.8724E+04
0000794   7.8572E+05 -2.6904E+04 -2.2936E+04
0000795   8.0479E+05  2.7600E+04 -8.3048E+03
0000796   8.0205E+05  7.8169E+03  2.8921E+04
0000797   7.8557E+05 -2.3625E+04  2.0504E+04
0000798   7.7010E+05 -5.5348E+03 -8.1682E+03
0000799   7.7433E+05  1.8440E+04  1.0770E+04
0000800   7.6777E+05 -3.3389E+04  4.2658E+04
0000801   7.8258E+05  1.1838E+03 -4.7515E+03
0000802   7.9226E+05  1.4555E+04  7.6318E+03
0000803   8.1028E+05 -1.2148E+04  2.1771E+04
0000804   7.9281E+05  7.5470E+04  8.5820E+03
0000805   7.9717E+05  1.5694E+04 -4.7443E+03
0000806   7.8469E+05 -3.4881E+03  3.4194E+04
0000807   7.9350E+05  9.0025E+03  2.5561E+04
0000808   7.9883E+05 -1.3357E+04  2.9902E+04
0000809   7.7669E+05  7.7648E+04  3.8480E+03
0000810   7.8641E+05 -1.7545E+04 -4.5786E+04
0000811   8.1395E+05  1.2942E+04  2.5993E+04
0000812   7.6931E+05 -5.6655E+04 -2.8121E+04
0000813   7.9472E+05 -2.6339E+03  1.7403E+04
0000814   7.8523E+05  9.6293E+03  9.4161E+03
0000815   7.7580E+05  6.6172E+04 -1.8080E+04
0000816   8.0103E+05  6.2470E+03  3.9211E+04
0000817   7.8912E+05 -2.0383E+04  1.6064E+04
0000818   7.8654E+05 -1.5553E+04 -1.6745E+04
0000819   7.9763E+05  1.2665E+04 -5.8854E+03
0000820   7.6418E+05 -1.8893E+04  3.0764E+04
0000821   8.0282E+05 -2.4767E+04  1.0139E+04
0000822   7.8978E+05  5.5617E+03  1.9775E+04
0000823   7.8699E+05  2.1571E+04 -4.1483E+03
0000824   7.8763E+05 -1.3924E+03 -6.2595E+03
0000825   7.6544E+05  1.3721E+04 -1.2086E+04
0000826   7.8563E+05  4.9487E+04  5.0235E+04
0000827   7.8283E+05 -3.4296E+03  3.5966E+03
0000828   7.9163E+05 -3.8874E+04 -3.7280E+04
0000829   7.7273E+05 -2.0877E+04  9.6482E+03
0000830   7.7263E+05 -7.7999E+04  2.1906E+04
0000831   7.5988E+05 -6.8036E+04  4.1422E+04
0000832   7.8427E+05  5.1761E+03  2.5073E+04
0000833   7.8857E+05  8.7467E+02 -1.8345E+04
0000834   7.7901E+05 -1.2116E+04 -3.6207E+04
0000835   7.7147E+05 -1.9690E+03 -3.4026E+04
0000836   7.7169E+05  3.2674E+04 -4.6190E+04
0000837   7.9429E+05  1.7797E+04  7.5709E+03
0000838   7.8358E+05 -4.0535E+03 -1.2555E+04
0000839   7.8655E+05 -3.6148E+04 -1.4849E+03
0000840   8.0478E+05  3.7032E+03 -9.5679E+02
0000841   7.8461E+05  4.0723E+04  4.1587E+04
0000842   7.7719E+05  6.2609E+04  1.3203E+04
0000843   7.7016E+05 -3.0442E+03 -6.1472E+03
0000844   6.3515E+05 -1.8719E+04 -4.4105E+05
0000845   7.9413E+05  1.4048E+04 -1.9641E+03
0000846   7.9589E+05  3.6021E+04 -1.7374E+04
0000847   7.8817E+05  4.3891E+04  1.6546E+04
0000848   7.8653E+05 -1.4504E+04  1.2354E+04
0000849   7.7889E+05  1.5289E+03 -2.6117E+04
0000850   7.6138E+05  1.6238E+04 -5.7782E+04
0000851   7.8948E+05  1.5219E+04 -2.1043E+04
0000852   7.9456E+05  2.5345E+04 -4.0294E+04
0000853   8.0151E+05 -9.3311E+03 -8.4909E+03
0000854   7.9368E+05 -4.5024E+03 -7.3753E+03
0000855   7.8758E+05 -3.7630E+04 -4.8993E+03
0000856   7.9516E+05  3.0261E+04 -1.5892E+03
0000857   8.0142E+05  1.6231E+04 -1.9576E+04
0000858   8.0286E+05 -1.7883E+04  1.1750E+04
0000859   7.6781E+05  1.2268E+04 -1.9022E+04
0000860   7.8840E+05  8.3428E+03 -1.5772E+04
0000861   7.5161E+05  1.6356E+04 -6.7055E+03
0000862   7.8938E+05 -5.8387E+04 -4.6078E+03
0000863   7.9807E+05  2.7999E+04  2.8381E+04
0000864   7.8751E+05 -6.6502E+04  5.6795E+04
0000865   7.7571E+05 -4.8882E+04 -1.0143E+04
0000866   7.9060E+05 -4.8353E+04 -2.9427E+04
0000867   7.8810E+05  2.1011E+04 -1.4657E+04
0000868   7.9736E+05 -6.8737E+03 -8.0376E+03
0000869   7.8236E+05  5.5144E+03 -3.0126E+04
0000870   7.8458E+05  2.6352E+04  3.0821E+04
0000871   8.0752E+05  3.6237E+03  5.6577E+03
0000872   7.7094E+05  1.3246E+04  7.1704E+04
0000873   7.5822E+05  1.6158E+03 -8.0218E+03
0000874   7.9921E+05  1.0977E+04  2.4252E+04
0000875   7.9422E+05 -2.9753E+04  3.3903E+02
0000876   7.9270E+05 -5.7216E+03 -2.9768E+04
0000877   7.8705E+05 -8.0031E+04 -1.2541E+04
0000878   7.6757E+05  4.2325E+04  4.0637E+04
0000879   7.6858E+05 -2.5086E+03  1.1216E+04
0000880   7.7638E+05  2.9312E+04 -1.7925E+04
0000881   7.9343E+05  1.7385E+04 -1.3137E+04
0000882   8.0266E+05 -1.5591E+04 -1.6643E+04
0000883   8.2766E+05 -2.5195E+04  4.2434E+04
0000884   8.2848E+05 -1.8841E+04  3.0540E+04
0000885   8.1764E+05  1.1900E+04  1.7459E+04
0000886   7.8211E+05 -8.6643E+03 -5.1262E+03
0000887   7.7764E+05  6.8063E+04 -1.3219E+03
0000888   7.8548E+05 -7.0908E+04  1.6840E+04
0000889   7.9629E+05  2.0395E+04 -3.4831E+04
0000890   7.6225E+05 -4.1588E+04  4.6607E+03
0000891   8.0767E+05  1.9356E+04  2.2652E+04
0000892   7.8969E+05 -2.5358E+04 -1.3042E+04
0000893   7.7014E+05 -4.3356E+04 -2.7714E+04
0000894   7.8327E+05 -2.4471E+04 -3.8087E+02
0000895   7.8490E+05  8.9862E+03  7.9347E+03
0000896   7.7704E+05  1.0862E+04  2.3355E+04
0000897   7.8424E+05 -1.3759E+04  2.6699E+04
0000898   7.8206E+05  4.3523E+03 -3.0710E+03
0000899   8.0560E+05  2.3456E+04  1.1364E+03
0000900   7.7368E+05 -3.7927E+04 -1.4812E+04
0000901   7.8372E+05 -4.1926E+04  1.0132E+05
0000902   7.7114E+05 -6.9395E+04 -9.8868E+03
0000903   7.9790E+05 -2.6366E+04  2.0016E+04
0000904   7.9766E+05  3.2960E+04 -2.8663E+04
0000905   8.0382E+05 -5.2407E+04 -7.3758E+03
0000906   7.6142E+05 -5.3926E+04  1.1420E+04
0000907   8.0955E+05 -1.7156E+04  3.1056E+04
0000908   7.7147E+05  2.3149E+04  4.0045E+03
0000909   7.9368E+05  4.6791E+04  7.7059E+03
0000910   8.0046E+05  2.6426E+04  3.5569E+04
0000911   7.8638E+05  3.0529E+04 -6.8757E+03
0000912   7.8263E+05 -3.0107E+04 -5.7995E+04
0000913   7.7976E+05 -7.1641E+03  3.1262E+03
0000914   7.8045E+05  2.3909E+04 -5.0312E+04
0000915   7.9316E+05  1.1308E+04  3.1795E+04
0000916   7.8083E+05 -2.2849E+04 -2.0416E+04
0000917   7.9848E+05  2.6778E+04  3.4279E+04
0000918   7.9701E+05 -9.2448E+03 -3.9140E+03
0000919   7.8499E+05  5.8803E+04  9.0089E+03
0000920   7.9750E+05  2.0482E+04 -1.4437E+04
0000921   7.9413E+05 -8.4824E+03 -2.4874E+04
0000922   7.9086E+05  5.9319E+03  3.7510E+04
0000923   7.8349E+05 -1.4234E+04  2.2336E+04
0000924   7.9061E+05 -2.4996E+04 -1.7310E+04
0000925   7.6971E+05  1.4571E+04 -3.3783E+03
0000926   7.7917E+05 -5.2919E+04  5.5832E+04
0000927   8.0902E+05 -4.3017E+03 -2.9933E+04
0000928   7.7708E+05  1.0650E+04  4.4151E+04
0000929   7.9539E+05 -1.6442E+04  5.7525E+04
0000930   7.9338E+05  2.4942E+04  5.4349E+03
0000931   7.7605E+05 -3.6376E+04  1.5598E+04
0000932   7.7805E+05 -3.2701E+04 -2.5704E+04
0000933   8.0196E+05  2.1865E+04 -9.2231E+03
0000934   7.7711E+05  2.9127E+04 -4.8478E+03
0000935   7.9581E+05 -1.5024E+04  5.8338E+03
0000936   8.0654E+05 -4.9186E+03  5.9532E+04
0000937   7.7273E+05 -3.2824E+04 -3.7187E+03
0000938   7.6699E+05 -3.7788E+04 -6.5580E+03
0000939   7.7905E+05 -5.8541E+04  8.0656E+04
0000940   7.9760E+05  8.4573E+03  1.5508E+03
0000941   7.6856E+05  2.6618E+04 -5.1337E+04
0000942   7.8554E+05  4.8446E+04 -1.4508E+04
0000943   7.5903E+05  1.0348E+03 -1.9248E+03
0000944   7.7511E+05 -8.6243E+04  1.1248E+04
0000945   7.7691E+05 -1.9497E+04 -1.7283E+04
0000946   7.6866E+05  4.7193E+04 -3.6712E+04
0000947   7.8874E+05 -3.3789E+03 -1.8423E+04
0000948   8.0250E+05 -1.4389E+04  2.1636E+03
0000949   8.0598E+05  4.0712E+04  2.5227E+04
0000950   7.9276E+05 -2.0953E+04 -5.5912E+03
0000951   7.9320E+05 -1.3283E+04  1.6871E+04
0000952   8.0728E+05 -3.5449E+04  6.1767E+03
0000953   7.9179E+05 -3.6157E+04 -1.7517E+04
0000954   7.7586E+05 -6.9699E+03  1.4142E+04
0000955   7.5777E+05  4.4192E+03 -9.4876E+03
0000956   7.9941E+05 -3.2183E+04 -4.7447E+04
0000957   7.5799E+05  6.2880E+03 -2.2762E+04
0000958   7.8257E+05  1.8929E+04 -7.6741E+03
0000959   7.8325E+05  2.3101E+04  1.2688E+04
0000960   8.0299E+05  4.0526E+04 -3.4582E+04
0000961   7.8252E+05  2.1383E+04 -1.7332E+03
0000962   7.9879E+05 -1.7655E+04 -1.5377E+04
0000963   7.8381E+05  3.8848E+04  1.0471E+04
0000964   7.8930E+05 -3.4745E+04 -1.1631E+03
0000965   7.9891E+05 -5.7800E+04 -3.7637E+04
0000966   7.5867E+05 -3.3953E+04  1.6989E+04
0000967   7.8847E+05  2.0643E+04  6.9183E+03
0000968   7.9046E+05  2.7789E+04 -1.8882E+04
0000969   7.1715E+05 -2.5668E+04 -3.1255E+04
0000970   7.9149E+05 -1.6202E+04  1.5333E+04
0000971   7.8990E+05 -6.3932E+03 -1.1369E+03
0000972   7.7482E+05  4.4216E+03  5.5878E+04
0000973   7.8341E+05 -6.5308E+03  4.6317E+03
0000974   7.8375E+05  7.1777E+04 -6.5720E+04
0000975   7.9726E+05 -1.6019E+03 -1.3370E+03
0000976   8.0144E+05  6.3230E+04  3.2436E+04
0000977   7.6762E+05 -1.5267E+03 -4.9864E+04
0000978   7.9609E+05 -9.7199E+03  3.6364E+04
0000979   8.0053E+05 -5.8465E+04 -1.4105E+04
0000980   7.9184E+05 -6.1161E+04 -3.3144E+04
0000981   7.8868E+05 -3.4531E+03 -1.5805E+04
0000982   7.8041E+05 -5.9186E+03  8.5875E+03
0000983   7.8112E+05  2.3862E+04  2.6188E+04
0000984   8.1759E+05 -9.3541E+03 -4.8566E+04
0000985   8.0414E+05  3.1466E+03 -6.2750E+03
0000986   7.7462E+05 -1.1388E+04 -2.5437E+04
0000987   7.8009E+05  1.2592E+05 -2.2144E+04
0000988   7.6845E+05  2.9138E+04  1.0885E+04
0000989   7.9192E+05  1.4515E+04 -2.3335E+04
0000990   7.7211E+05  4.7484E+03 -4.0664E+03
0000991   8.1646E+05  2.9894E+04  7.4357E+03
0000992   7.9900E+05 -2.3793E+04 -4.0140E+03
0000993   7.8349E+05 -1.3394E+04 -3.9578E+04
0000994   7.9862E+05  1.7297E+04  5.2332E+04
0000995   8.1107E+05 -2.2763E+04 -2.7646E+04
0000996   7.7804E+05  1.0268E+03  2.7122E+04
0000997   7.7981E+05 -3.1932E+04 -1.2832E+04
0000998   7.9893E+05 -9.9293E+03  3.0996E+02
0000999   7.8782E+05 -3.7876E+04  3.3218E+04
0001000   7.6601E+05 -6.6618E+04 -2.0968E+04
