============================== SRIM-2013.00 ==============================
==============================================================================
====== SRIM Outputs\RANGE_3D.txt : File of Final Ion Positions =====

Ion =  H (01)   Ion Mass= 001.0080
Energy  = 5000000.E-04 keV
Ion Angle to Surface = 00.0 degrees
==================== TARGET =======================
  Layer # 1 - Si_Top    
  Layer # 1 - Bottom Depth=300000.E+01 A
  Layer # 1 - Density =0002.3210 g/cm3
  Layer # 1 -  100 % of Si
икикикикикикикикикикикикикикикикикикикикикикикикикикикикикикикикикикикикикикикикикикикикикикикикикикикик
  Layer # 2 - Si_Bottom 
  Layer # 2 - Bottom Depth=600000.E+01 A
  Layer # 2 - Density =0002.3210 g/cm3
  Layer # 2 -  100 % of Si
икикикикикикикикикикикикикикикикикикикикикикикикикикикикикикикикикикикикикикикикикикикикикикикикикикикик
                                            
Ion       Depth  X   Lateral Y   Lateral Z  
Number    (Angstrom) (Angstrom)  (Angstrom) 
-------  ----------- ----------- -----------
0000001   6.1082E+04 -2.4394E+03 -2.4710E+03
0000002   6.0016E+04  4.7433E+03  5.1612E+03
0000003   5.9668E+04  6.2577E+01  4.3290E+03
0000004   5.9977E+04  1.3218E+03  3.0215E+03
0000005   6.1856E+04  2.0652E+03 -1.8856E+03
0000006   6.2402E+04  3.6667E+02  1.3243E+02
0000007   6.2317E+04 -2.5588E+03  7.2671E+03
0000008   5.9920E+04  1.3754E+02 -2.0383E+03
0000009   6.1675E+04 -4.2774E+03  7.3646E+03
0000010   6.1320E+04 -6.2049E+02 -1.3844E+03
0000011   6.0437E+04 -7.9665E+00  5.2287E+03
0000012   6.2980E+04 -3.8370E+03  3.8994E+03
0000013   6.0312E+04 -1.7752E+03  2.5987E+03
0000014   6.2926E+04 -2.2640E+02 -1.9477E+03
0000015   6.4170E+04  2.9455E+03 -6.9907E+02
0000016   5.9221E+04  1.0729E+02  2.7900E+03
0000017   6.1769E+04 -1.5090E+02 -6.6816E+02
0000018   5.8782E+04  5.2600E+02  4.3894E+03
0000019   6.4586E+04  6.2065E+02  1.9945E+02
0000020   6.2560E+04 -3.7945E+03 -3.9069E+03
0000021   5.9413E+04  8.7491E+02 -4.9562E+03
0000022   6.2645E+04 -5.8840E+02  3.5960E+03
0000023   6.0014E+04  2.3160E+03  5.5912E+03
0000024   6.2247E+04  6.8355E+03  1.9818E+03
0000025   6.1604E+04 -1.9787E+02 -5.2243E+03
0000026   6.0727E+04 -3.4680E+03 -1.1170E+03
0000027   6.1559E+04  1.7280E+03 -1.2091E+03
0000028   5.8965E+04  2.5094E+03 -9.2723E+02
0000029   6.1289E+04 -2.0905E+03 -9.4048E+02
0000030   6.2287E+04  3.5144E+03  2.3088E+03
0000031   6.3172E+04  9.4966E+02 -4.3239E+01
0000032   6.3377E+04 -3.4611E+03 -1.6707E+03
0000033   6.3570E+04 -5.8510E+03  1.0401E+03
0000034   6.2181E+04  4.1932E+03  1.7393E+03
0000035   6.2768E+04  3.8740E+03  3.8354E+03
0000036   6.1162E+04 -6.7382E+03 -3.0689E+03
0000037   6.2555E+04  1.6041E+03  4.4773E+01
0000038   6.3394E+04  1.7096E+03 -2.7773E+03
0000039   6.1604E+04  1.2439E+03 -7.0276E+02
0000040   6.1196E+04 -7.3550E+02 -1.8791E+03
0000041   6.0743E+04  4.5415E+03 -4.2085E+03
0000042   6.0816E+04 -2.6004E+03 -2.5335E+03
0000043   6.2355E+04  3.1264E+03 -2.1261E+03
0000044   6.1201E+04 -3.0465E+03  1.1353E+03
0000045   6.1822E+04  1.3255E+03 -1.4075E+03
0000046   6.1851E+04 -4.8347E+03  2.5085E+03
0000047   5.9553E+04  5.0165E+03 -6.9844E+03
0000048   5.9593E+04 -9.0264E+03 -3.6894E+03
0000049   6.0200E+04  1.6624E+03 -1.2283E+04
0000050   6.3392E+04  3.9955E+02 -4.9028E+02
0000051   6.0103E+04 -5.4739E+03  1.0670E+03
0000052   5.9830E+04  1.5134E+03  5.5568E+03
0000053   6.1508E+04 -1.2468E+03 -3.6571E+03
0000054   6.0604E+04 -8.1515E+02 -2.4382E+03
0000055   6.1077E+04  6.1539E+02  4.3241E+03
0000056   6.1250E+04 -6.1632E+03  1.4850E+03
0000057   6.1006E+04 -3.2660E+03  2.1891E+02
0000058   5.7278E+04 -7.2361E+02 -1.6541E+03
0000059   6.0306E+04  1.5075E+03  2.8476E+03
0000060   6.1737E+04 -4.7156E+03 -5.2831E+03
0000061   6.4501E+04  5.3110E+03  3.5045E+03
0000062   6.4266E+04  3.3165E+03  2.1290E+02
0000063   5.8564E+04  2.5592E+03  3.3332E+03
0000064   5.9983E+04  2.9957E+03 -5.9658E+03
0000065   6.1138E+04  3.2956E+03 -5.3592E+03
0000066   6.0585E+04 -8.3844E+02  2.5694E+02
0000067   5.9466E+04  1.5501E+03  6.5457E+03
0000068   5.8052E+04 -4.7400E+03  5.9632E+03
0000069   6.0907E+04 -7.9999E+02  2.0296E+03
0000070   6.4142E+04 -5.7489E+03  4.1924E+03
0000071   6.2046E+04  7.2084E+01 -3.9762E+03
0000072   6.3603E+04  7.2716E+02  7.3817E+03
0000073   6.1381E+04 -4.1197E+03  1.7904E+03
0000074   6.3569E+04 -1.3309E+03  1.8972E+03
0000075   6.1148E+04  3.5860E+03  4.3867E+03
0000076   5.9888E+04  5.4899E+02  1.4769E+03
0000077   6.2908E+04  8.5478E+02 -1.0775E+03
0000078   6.1296E+04  2.4451E+03 -3.5350E+02
0000079   6.1714E+04 -1.8190E+03 -3.8966E+03
0000080   6.2174E+04  8.8267E+02 -7.4328E+03
0000081   6.0867E+04 -6.5795E+01 -9.1787E+02
0000082   6.0667E+04  4.5695E+03 -9.8242E+02
0000083   5.9689E+04  4.8182E+02  2.8174E+03
0000084   6.1335E+04  2.5415E+03  3.8821E+03
0000085   6.3990E+04 -1.0020E+03  3.8094E+02
0000086   6.0716E+04  1.1586E+03 -4.4044E+03
0000087   6.3311E+04  2.7949E+03 -1.2894E+03
0000088   6.1930E+04  5.1072E+03 -1.5760E+03
0000089   6.0392E+04 -7.8654E+02 -9.5826E+03
0000090   6.1802E+04 -3.1742E+03  2.4688E+03
0000091   6.1296E+04  5.6099E+03 -7.9029E+02
0000092   6.1570E+04 -2.4710E+03  2.0691E+03
0000093   6.0589E+04 -2.3553E+03  5.9208E+02
0000094   6.2151E+04 -8.1662E+02 -1.7490E+03
0000095   5.9297E+04  6.1269E+03 -5.5944E+03
0000096   6.2584E+04 -2.4849E+03 -6.2665E+03
0000097   5.8886E+04  1.2804E+03  2.8211E+02
0000098   6.1808E+04  3.4134E+02  3.7748E+03
0000099   5.9734E+04  5.5139E+03  3.1722E+02
0000100   6.1883E+04  5.4671E+03 -1.6314E+03
0000101   6.5355E+04 -7.2236E+02 -1.9907E+03
0000102   5.8732E+04  2.4270E+03  7.7416E+02
0000103   5.7318E+04  2.4896E+03  5.5027E+03
0000104   6.1548E+04 -2.6838E+03 -1.7223E+03
0000105   6.2838E+04 -3.0492E+03  1.1258E+03
0000106   6.4407E+04 -1.2839E+03 -3.3870E+03
0000107   6.1839E+04  1.7943E+03 -1.2725E+03
0000108   6.1488E+04 -2.5112E+03  1.1316E+03
0000109   6.2476E+04 -4.2500E+03 -1.4858E+03
0000110   5.7434E+04  3.7663E+03  6.6391E+03
0000111   5.7317E+04 -1.3236E+04 -3.2292E+03
0000112   6.1003E+04  3.1849E+02  2.4328E+03
0000113   6.1180E+04 -2.3147E+03 -4.9672E+03
0000114   6.1309E+04 -2.5145E+03 -2.7622E+03
0000115   6.4595E+04 -6.9223E+02  5.4773E+03
0000116   6.0795E+04 -2.7886E+03  3.9601E+03
0000117   6.2752E+04 -2.3397E+03  2.2579E+03
0000118   6.0184E+04  4.5004E+03 -4.8959E+03
0000119   6.0340E+04  3.4731E+03  4.2700E+03
0000120   6.1187E+04 -1.2020E+03  6.7274E+02
0000121   6.1389E+04 -7.7125E+02 -2.6377E+03
0000122   6.2047E+04 -1.1589E+03 -5.1567E+03
0000123   6.3859E+04  2.2970E+02 -1.9738E+03
0000124   5.8383E+04  7.2136E+03  9.1418E+03
0000125   6.2182E+04 -3.7333E+03 -6.9182E+02
0000126   6.1846E+04  3.0872E+03 -2.9995E+02
0000127   6.1659E+04 -2.8896E+03  1.4555E+02
0000128   6.4525E+04  1.5766E+03  1.5615E+02
0000129   6.0489E+04  2.9860E+03  5.9759E+02
0000130   6.2382E+04 -1.0587E+03 -7.0174E+03
0000131   6.1989E+04 -3.1992E+03  9.7352E+02
0000132   6.3833E+04  2.2357E+03  6.7957E+03
0000133   6.3330E+04  2.5000E+03 -4.2737E+03
0000134   6.0406E+04 -4.5163E+03  4.5290E+03
0000135   6.4093E+04 -2.0179E+02 -2.4801E+03
0000136   6.2579E+04 -1.2684E+03  6.8865E+03
0000137   6.3780E+04  1.0316E+03 -2.4030E+03
0000138   6.2757E+04 -1.2822E+03 -8.7885E+02
0000139   6.1297E+04  1.1546E+03 -1.2872E+03
0000140   5.9893E+04 -4.7953E+03 -1.9764E+03
0000141   6.2300E+04 -2.6106E+03 -3.0582E+03
0000142   6.2336E+04 -6.5402E+02  2.1060E+03
0000143   6.2337E+04  3.0238E+03  2.7352E+03
0000144   5.9740E+04  8.9173E+02  2.4525E+03
0000145   6.0791E+04 -1.2406E+03 -1.2946E+02
0000146   6.2115E+04 -3.7043E+03  2.1434E+02
0000147   6.3650E+04  9.4165E+02  2.4018E+03
0000148   6.3386E+04  1.0858E+03  1.1997E+03
0000149   6.1454E+04  4.7245E+02 -6.2130E+03
0000150   5.9070E+04  6.6398E+03 -2.1539E+03
0000151   6.3345E+04  2.1585E+03 -1.1500E+03
0000152   6.0224E+04 -1.6563E+03 -1.6377E+03
0000153   6.0285E+04  3.0625E+02 -1.4892E+03
0000154   5.8678E+04 -1.4578E+03 -1.9862E+03
0000155   5.9988E+04  5.2559E+03  2.5752E+03
0000156   6.1389E+04 -2.1490E+03  7.3000E+02
0000157   6.1228E+04  1.5745E+03  6.1770E+03
0000158   6.3141E+04 -4.3760E+03 -2.7008E+03
0000159   6.1980E+04  1.3848E+03 -1.6900E+03
0000160   6.3185E+04 -1.4707E+03  5.4265E+03
0000161   6.1980E+04  4.1877E+03  3.4272E+03
0000162   6.0377E+04  1.3261E+03  1.1926E+03
0000163   5.8823E+04  6.6742E+03  3.7938E+03
0000164   5.9992E+04 -5.2660E+03  2.5141E+03
0000165   5.2603E+04  4.0595E+03  2.8859E+04
0000166   6.0882E+04 -5.4824E+02  2.6365E+03
0000167   6.3990E+04 -1.9082E+03  3.7807E+03
0000168   5.7124E+04 -2.2169E+00 -2.2767E+03
0000169   6.0798E+04  8.0384E+02 -2.8493E+03
0000170   6.0865E+04 -8.6311E+02  9.6338E+02
0000171   6.2849E+04  1.8053E+03  5.5724E+03
0000172   5.7123E+04 -1.7724E+04  5.8388E+02
0000173   6.0459E+04  2.4016E+03  1.7810E+03
0000174   6.0426E+04 -4.1249E+03 -5.0923E+03
0000175   6.0747E+04  1.0897E+03  2.4227E+03
0000176   6.3003E+04  1.2638E+03 -1.3015E+03
0000177   6.1284E+04  4.0799E+03 -1.7374E+03
0000178   6.3422E+04  5.5007E+02  5.1700E+02
0000179   6.1688E+04  1.2643E+03  4.1060E+02
0000180   6.1609E+04  1.6815E+03  4.1116E+02
0000181   6.0525E+04  5.3096E+03  2.5620E+03
0000182   6.2312E+04 -3.1908E+03  2.7236E+03
0000183   5.9024E+04  9.2099E+03  1.2310E+03
0000184   6.4509E+04 -2.8033E+03  1.0050E+03
0000185   6.2065E+04  2.1771E+03 -9.2461E+02
0000186   6.2473E+04 -2.4015E+02  3.5238E+03
0000187   6.2009E+04  7.6526E+03 -2.7375E+03
0000188   6.0996E+04 -4.4651E+03 -3.4816E+03
0000189   6.0169E+04  4.1402E+03  4.6786E+03
0000190   6.2983E+04 -1.3736E+03 -1.0843E+03
0000191   6.0087E+04  3.0000E+03 -3.1675E+03
0000192   6.0765E+04  7.3637E+02 -6.9592E+03
0000193   6.0590E+04 -1.3201E+03  2.2547E+03
0000194   6.4187E+04 -3.1229E+03  2.9648E+03
0000195   6.2976E+04 -1.7286E+02 -3.0375E+02
0000196   6.1797E+04  3.4772E+02  4.3487E+03
0000197   6.2434E+04 -2.2124E+03 -5.5916E+02
0000198   5.8480E+04 -5.3049E+03 -5.4721E+02
0000199   5.9413E+04 -2.3937E+03 -3.1971E+03
0000200   6.0716E+04 -5.5936E+03  3.4902E+03
0000201   6.0369E+04 -3.3281E+03  3.2445E+03
0000202   6.0750E+04  1.0146E+03 -6.5158E+03
0000203   5.8344E+04 -6.6374E+03  1.4609E+03
0000204   6.2470E+04  5.5307E+01 -2.3218E+02
0000205   5.9491E+04  2.9050E+02 -2.1689E+03
0000206   6.0805E+04  3.4523E+03  3.9632E+02
0000207   5.8668E+04 -2.5158E+02  3.2895E+02
0000208   5.9856E+04 -6.4883E+03  3.3071E+03
0000209   6.2953E+04  4.8924E+02 -2.5291E+03
0000210   6.1811E+04  3.3050E+03  1.9929E+02
0000211   6.1664E+04 -3.8763E+03  6.1107E+02
0000212   6.2598E+04  2.4518E+03  1.7895E+03
0000213   5.9224E+04  5.1875E+03 -1.0034E+03
0000214   6.1824E+04  4.6331E+03  4.3783E+02
0000215   6.0019E+04 -3.2029E+03  7.3015E+02
0000216   6.0111E+04 -1.2210E+03  1.8418E+03
0000217   6.3033E+04  2.4059E+03  4.1349E+03
0000218   6.1771E+04 -3.6598E+03 -1.9030E+03
0000219   6.0222E+04 -6.1106E+03  2.4255E+01
0000220   6.1278E+04  1.0478E+03  2.9974E+03
0000221   5.9235E+04 -8.6275E+02  4.9054E+03
0000222   6.3907E+04 -2.3879E+03  1.2544E+03
0000223   6.2177E+04  6.9943E+03  1.0260E+03
0000224   5.9326E+04  2.8654E+03  4.2516E+02
0000225   6.3094E+04  6.4192E+02  4.8835E+03
0000226   6.2139E+04  1.7917E+03 -5.8206E+02
0000227   5.9543E+04  1.0451E+03 -4.1377E+02
0000228   6.0245E+04 -1.8143E+03 -7.0413E+02
0000229   5.9023E+04  2.4610E+03 -2.7199E+03
0000230   6.0950E+04 -3.0579E+03 -1.7117E+02
0000231   6.1418E+04 -2.8047E+03  8.1522E+01
0000232   6.2096E+04 -1.6982E+02 -1.1042E+03
0000233   6.2487E+04  4.6253E+03 -5.7624E+03
0000234   6.2110E+04 -8.8337E+02 -1.9280E+03
0000235   6.0326E+04 -5.9073E+03  3.4330E+02
0000236   6.0939E+04  1.8154E+03  2.5096E+03
0000237   6.0515E+04 -2.5056E+03 -3.0820E+03
0000238   6.2352E+04  1.5698E+03  2.5499E+03
0000239   6.2606E+04  4.3966E+03  1.2937E+03
0000240   6.0389E+04 -5.0185E+03  1.1740E+03
0000241   6.2656E+04  4.7945E+03  8.8760E+02
0000242   6.2306E+04  1.6882E+02  3.9722E+03
0000243   6.4151E+04  9.7964E+02 -3.9158E+03
0000244   6.0517E+04  5.9164E+00  1.2877E+03
0000245   6.2382E+04 -2.0257E+03 -5.9492E+03
0000246   6.2845E+04  3.2708E+02  1.9830E+03
0000247   6.3545E+04  3.1547E+03 -2.4549E+03
0000248   6.1461E+04  2.2524E+03 -1.0776E+03
0000249   5.9101E+04  1.3479E+02  6.9991E+03
0000250   5.8912E+04 -2.5906E+03 -2.5097E+02
0000251   6.0713E+04 -5.6336E+02 -4.2407E+03
0000252   5.6883E+04 -1.7625E+03 -1.9789E+03
0000253   6.1707E+04  6.5067E+03 -1.6540E+03
0000254   5.9883E+04 -5.7979E+02  1.7404E+03
0000255   5.8541E+04  7.9239E+03  1.9157E+03
0000256   6.2160E+04  6.0750E+03  2.2120E+03
0000257   6.0665E+04 -3.0202E+03 -2.1085E+02
0000258   6.0316E+04 -9.0613E+02 -2.3827E+03
0000259   6.1416E+04 -1.4700E+03  4.1992E+03
0000260   6.2115E+04 -2.3781E+03 -1.1062E+03
0000261   5.9793E+04 -6.7827E+03 -3.4811E+03
0000262   6.0747E+04  3.7312E+03 -8.9857E+01
0000263   6.4517E+04  3.9146E+03 -2.7859E+03
0000264   6.0619E+04  3.5613E+03  6.8195E+01
0000265   6.4047E+04 -2.4821E+03  5.5688E+02
0000266   6.3236E+04  1.0376E+03  8.3422E+02
0000267   6.0874E+04  1.9720E+03  2.4319E+03
0000268   6.0268E+04 -2.3347E+03 -2.9774E+03
0000269   6.2773E+04 -1.2581E+03  1.9460E+03
0000270   6.0117E+04 -2.3224E+03 -7.8479E+02
0000271   6.1034E+04  3.7855E+03  2.6045E+03
0000272   6.0020E+04 -2.1044E+03 -1.5718E+03
0000273   6.3128E+04 -1.9835E+03 -1.2894E+03
0000274   6.2043E+04  1.9570E+03 -3.6377E+03
0000275   6.2440E+04  7.8851E+01  1.3089E+03
0000276   6.0810E+04 -2.6089E+03  5.4468E+02
0000277   6.1771E+04 -2.4691E+03 -6.6596E+03
0000278   6.2851E+04 -1.3861E+03  5.7264E+03
0000279   6.4814E+04 -7.4426E+03 -5.6203E+03
0000280   6.5745E+04  1.4355E+03 -2.6043E+03
0000281   6.2705E+04 -1.6738E+03  3.8746E+02
0000282   6.1709E+04  5.2095E+03 -7.1232E+03
0000283   6.1256E+04 -1.3202E+03 -3.8780E+03
0000284   6.3155E+04  1.7174E+02  5.4932E+03
0000285   6.0466E+04 -2.5122E+03 -2.4308E+03
0000286   6.3197E+04 -1.3098E+03 -1.9286E+03
0000287   5.9911E+04  5.1581E+03  2.3156E+03
0000288   5.5582E+04 -1.2108E+04 -7.7426E+03
0000289   5.8516E+04  1.5984E+04 -4.1809E+03
0000290   6.1501E+04  4.3104E+03 -1.2786E+03
0000291   6.1851E+04 -8.0655E+02  2.9905E+03
0000292   6.1528E+04 -9.3526E+02 -4.6624E+02
0000293   6.0518E+04  1.3821E+03 -5.5995E+03
0000294   5.7308E+04  1.9063E+04  4.0367E+03
0000295   6.2685E+04  2.2916E+01  1.7394E+03
0000296   6.1534E+04  1.9424E+03  2.0174E+03
0000297   6.2387E+04 -1.4270E+03  1.8758E+02
0000298   6.3219E+04 -3.2627E+03 -1.7729E+03
0000299   6.2461E+04  1.6079E+02 -3.5350E+01
0000300   6.0146E+04 -7.1525E+03  3.2051E+03
0000301   5.8800E+04  3.5401E+03  3.0931E+02
0000302   6.1711E+04 -1.6168E+03 -2.3502E+03
0000303   6.0126E+04 -2.3299E+02 -1.9272E+03
0000304   6.0783E+04  4.4663E+03 -1.8424E+03
0000305   6.3713E+04 -3.6211E+02  4.5855E+00
0000306   5.9795E+04 -3.3282E+03  1.1979E+03
0000307   6.3049E+04  1.3411E+03  4.0828E+03
0000308   6.1758E+04  3.8374E+03 -2.3516E+03
0000309   6.0750E+04 -3.3896E+03  5.0221E+02
0000310   5.9790E+04 -5.6350E+03 -5.9844E+03
0000311   6.2283E+04 -3.5796E+03 -9.9604E+02
0000312   5.9957E+04  6.0278E+02  1.0083E+03
0000313   6.1402E+04  4.2557E+03 -4.2964E+03
0000314   6.2799E+04  5.4012E+02 -3.0785E+03
0000315   6.3045E+04  4.3918E+03  9.8757E+02
0000316   6.2184E+04  5.8818E+02 -6.1921E+02
0000317   6.1770E+04  3.8229E+01  1.1400E+03
0000318   6.1815E+04 -4.9151E+03  6.2475E+03
0000319   6.0790E+04  1.4881E+03 -6.9258E+02
0000320   6.4056E+04  4.1977E+03 -4.0934E+02
0000321   6.1852E+04 -1.2858E+03  1.5092E+03
0000322   5.8764E+04 -4.1809E+03 -1.2196E+04
0000323   5.9225E+04 -2.0452E+03  1.8450E+03
0000324   5.9818E+04  4.3019E+03  2.3088E+03
0000325   6.1944E+04 -2.2715E+03 -1.2870E+03
0000326   6.0767E+04  7.8956E+02  4.8420E+02
0000327   6.1142E+04  4.2531E+03 -2.6414E+02
0000328   6.0631E+04 -9.3132E+02  1.0611E+02
0000329   6.3173E+04 -9.2590E+02 -8.3192E+02
0000330   6.5638E+04  1.3457E+03 -5.6331E+02
0000331   6.1089E+04 -2.0340E+03  4.2694E+03
0000332   5.9622E+04 -9.4361E+03  6.3117E+03
0000333   6.2160E+04 -1.3108E+03 -3.3622E+03
0000334   6.3030E+04  5.2193E+02 -3.6147E+03
0000335   6.2915E+04  4.3576E+03 -4.9959E+03
0000336   6.2712E+04  4.0270E+03 -7.7281E+02
0000337   6.1444E+04 -1.0873E+03  1.2060E+03
0000338   5.9927E+04 -1.3400E+03  4.3233E+03
0000339   6.2454E+04 -7.7278E+02  2.7699E+01
0000340   6.1205E+04  1.4842E+03  2.2281E+02
0000341   6.2542E+04 -2.9038E+03 -5.8075E+03
0000342   6.0244E+04 -3.9767E+03  5.1418E+02
0000343   6.3347E+04  3.7490E+03  1.7410E+03
0000344   6.4034E+04  6.9336E+02  7.0090E+02
0000345   5.4283E+04  3.0284E+03  1.0045E+03
0000346   6.0220E+04  3.4983E+03 -2.1891E+03
0000347   6.1621E+04  3.5296E+03  4.0133E+03
0000348   6.1063E+04 -1.6035E+03 -5.9977E+03
0000349   6.0128E+04 -1.2102E+03 -4.5055E+02
0000350   6.1403E+04 -1.6853E+02  1.2556E+03
0000351   6.0682E+04 -5.5452E+03 -5.1860E+02
0000352   6.2192E+04  5.6551E+03 -4.7827E+02
0000353   3.2357E+04  4.7552E+03 -4.4328E+04
0000354   6.1168E+04  4.4133E+03  3.9635E+02
0000355   6.1838E+04 -2.6323E+03 -1.7058E+03
0000356   6.2540E+04  2.1707E+03 -2.4945E+03
0000357   6.1971E+04 -4.1026E+03 -2.7468E+03
0000358   6.2787E+04 -3.6338E+03  7.1683E+03
0000359   6.4215E+04  1.3182E+03 -1.9913E+03
0000360   6.0508E+04  9.8084E+02  1.0615E+03
0000361   5.7801E+04 -4.0865E+03  1.5435E+04
0000362   6.4413E+04  1.8922E+03  1.2195E+03
0000363   6.1696E+04 -9.0876E+03  6.3717E+03
0000364   6.2877E+04  4.4681E+03  2.5171E+03
0000365   6.2034E+04  4.8369E+03  1.2768E+03
0000366   6.1774E+04  4.8373E+02 -2.1497E+03
0000367   6.0469E+04 -3.9492E+03  3.2778E+03
0000368   6.4151E+04  4.4016E+03  3.7942E+03
0000369   6.0543E+04 -1.9141E+03  6.5388E+02
0000370   6.2716E+04 -1.4458E+03  6.9867E+02
0000371   6.0177E+04 -9.1873E+03  3.3605E+03
0000372   6.3410E+04 -4.0579E+03 -1.0922E+02
0000373   6.0734E+04  9.4641E+02  5.9043E+02
0000374   6.2398E+04  1.4660E+03 -1.6964E+02
0000375   6.2649E+04 -5.3340E+03 -8.8164E+02
0000376   6.1192E+04 -2.3081E+03 -3.6743E+03
0000377   6.1296E+04  5.1757E+03  1.6707E+03
0000378   6.0502E+04 -1.0491E+03 -4.7356E+03
0000379   6.1713E+04  5.1826E+03  5.6802E+03
0000380   6.0865E+04  1.8841E+03  2.5831E+03
0000381   6.3340E+04  3.2892E+01 -2.2646E+03
0000382   5.8560E+04 -5.1784E+03 -1.8502E+03
0000383   6.2314E+04  1.9104E+03  5.9903E+02
0000384   5.9764E+04 -5.3847E+02  5.0251E+03
0000385   6.1378E+04 -2.2680E+03  5.4417E+02
0000386   6.4139E+04 -2.2940E+03  9.8797E+02
0000387   6.3136E+04  3.2324E+02  1.6880E+03
0000388   6.1928E+04 -3.6647E+02 -5.9073E+03
0000389   6.1572E+04 -1.5544E+03 -6.9167E+02
0000390   5.9361E+04  1.2864E+03  1.6691E+01
0000391   6.3327E+04  7.1939E+03  1.9630E+02
0000392   6.1638E+04  5.2186E+02 -2.7869E+03
0000393   6.0767E+04  2.7250E+02  3.8945E+03
0000394   6.0464E+04 -3.1004E+03 -8.7703E+02
0000395   6.0565E+04 -2.2171E+03 -9.4867E+02
0000396   6.1411E+04  3.1376E+03 -2.2111E+03
0000397   6.4386E+04  1.3778E+03  2.5903E+03
0000398   6.2893E+04 -2.1784E+03  4.3139E+02
0000399   6.3857E+04 -1.0045E+03  6.0408E+02
0000400   5.9648E+04  5.9768E+03  7.9919E+03
0000401   6.0293E+04  1.5459E+03  2.1094E+03
0000402   6.0608E+04  3.1206E+03 -2.7731E+03
0000403   6.1127E+04  1.1621E+03  1.6973E+03
0000404   6.2273E+04  1.3744E+03  3.0332E+03
0000405   6.0018E+04 -2.7664E+03 -3.3464E+03
0000406   6.2891E+04 -9.4637E+01  1.2272E+04
0000407   6.0014E+04 -1.1383E+03 -3.2061E+02
0000408   6.1333E+04 -1.7698E+03  2.9678E+03
0000409   6.2737E+04  8.1801E+02  1.0828E+03
0000410   5.8971E+04  9.2850E+03 -4.5132E+03
0000411   6.0817E+04 -1.7376E+03  4.7341E+03
0000412   5.9885E+04 -3.3036E+02 -3.8421E+03
0000413   5.9563E+04 -3.6481E+03 -3.2384E+03
0000414   6.2337E+04  1.4119E+03  1.3206E+03
0000415   5.5912E+04 -5.1894E+03 -1.2490E+04
0000416   6.0955E+04 -3.5520E+03  1.8694E+03
0000417   6.3053E+04  4.9502E+02 -5.3686E+01
0000418   6.1755E+04 -3.8693E+03 -6.3088E+02
0000419   6.0874E+04 -1.2096E+03 -8.7211E+02
0000420   6.0009E+04 -4.0326E+03  2.5718E+03
0000421   6.0577E+04 -2.9034E+03  2.7775E+03
0000422   6.0566E+04 -4.4884E+03 -1.8263E+03
0000423   5.7309E+04 -4.0327E+03 -2.7846E+03
0000424   6.0957E+04 -2.7385E+03 -1.3961E+03
0000425   5.8909E+04 -1.5959E+03  4.2692E+03
0000426   6.1944E+04 -1.7773E+03  1.9542E+03
0000427   6.1729E+04  1.0647E+03 -1.1590E+02
0000428   6.0007E+04 -2.2956E+03 -4.6757E+02
0000429   6.1540E+04  3.1070E+02  4.2520E+02
0000430   6.2081E+04  1.2629E+03  3.6887E+03
0000431   6.1474E+04  9.7133E+02  5.2876E+02
0000432   3.5874E+04 -2.5963E+04  7.9168E+03
0000433   6.1194E+04  5.2078E+03  5.3187E+03
0000434   6.3109E+04  7.9441E+02 -3.0608E+03
0000435   5.9836E+04  9.2098E+02  1.6078E+03
0000436   6.3673E+04 -3.8181E+02  1.9229E+02
0000437   5.9737E+04  3.1077E+03 -1.8547E+03
0000438   5.8402E+04  6.6777E+03 -2.0834E+03
0000439   6.3165E+04 -1.1127E+02 -2.9771E+03
0000440   6.1687E+04 -6.4752E+02 -5.1423E+02
0000441   5.9533E+04 -7.7994E+02 -3.5022E+03
0000442   6.2560E+04 -6.6388E+03  1.4902E+03
0000443   6.1537E+04 -3.4879E+03  6.2186E+01
0000444   5.8923E+04 -4.0016E+03  5.1290E+02
0000445   6.2120E+04 -4.6711E+02  1.0219E+03
0000446   6.1754E+04  2.2406E+03  1.1847E+03
0000447   6.0612E+04  4.6420E+02 -2.3492E+03
0000448   6.0132E+04  3.9945E+03 -6.0419E+03
0000449   6.1282E+04  3.3522E+03  1.0286E+03
0000450   6.3698E+04  2.8445E+03 -1.5952E+03
0000451   6.0686E+04 -1.5188E+03  3.4042E+03
0000452   6.1720E+04 -2.7748E+03 -4.9961E+02
0000453   6.1973E+04  2.6597E+03  1.8608E+03
0000454   5.9722E+04 -1.7542E+03  2.5508E+03
0000455   6.2975E+04 -3.0005E+03 -5.2224E+03
0000456   6.0539E+04 -2.0263E+03 -7.4774E+03
0000457   6.0524E+04  3.6816E+03  1.6535E+02
0000458   6.4403E+04  3.6438E+03 -5.7060E+03
0000459   5.8198E+04 -6.6827E+02 -2.1806E+03
0000460   6.0054E+04  1.7375E+03  7.0354E+03
0000461   6.2207E+04 -1.9040E+03 -8.1897E+02
0000462   6.2169E+04  1.8476E+03 -3.2996E+03
0000463   5.9770E+04 -4.6607E+03 -5.3553E+03
0000464   6.1285E+04  1.3264E+03  1.7727E+03
0000465   6.3959E+04  2.2129E+03  2.5131E+03
0000466   6.1027E+04 -7.0370E+03 -1.6683E+03
0000467   6.1296E+04 -9.4062E+02 -6.4158E+03
0000468   6.2040E+04 -2.0838E+03 -1.0720E+03
0000469   6.0383E+04 -5.2261E+03 -4.0764E+03
0000470   6.0307E+04  9.5037E+02 -1.1438E+02
0000471   6.1709E+04 -1.5718E+02 -1.6625E+03
0000472   6.1505E+04 -3.2807E+03 -4.5634E+02
0000473   6.2548E+04  3.5940E+02  2.5362E+03
0000474   6.1069E+04  4.0912E+03 -4.1758E+03
0000475   6.0900E+04  1.3001E+03  9.2278E+01
0000476   6.3796E+04  6.1414E+03 -1.2999E+03
0000477   6.1679E+04 -2.2473E+03  1.8538E+03
0000478   5.9622E+04 -1.1769E+03 -3.9110E+03
0000479   6.0774E+04 -4.5345E+03 -5.6551E+03
0000480   6.3047E+04  7.2427E+03 -1.7856E+03
0000481   6.3616E+04 -3.3191E+03  2.5266E+02
0000482   5.8543E+04 -2.7957E+03 -2.8225E+03
0000483   6.1293E+04 -2.7771E+03 -5.8382E+03
0000484   6.2547E+04  5.9057E+02  4.1442E+02
0000485   6.3013E+04  3.3019E+03 -2.6074E+03
0000486   6.0168E+04 -1.0046E+03  4.3847E+03
0000487   5.8933E+04 -3.4764E+02 -2.8957E+03
0000488   6.1855E+04 -1.0585E+03 -7.7980E+02
0000489   6.0126E+04  2.0349E+03 -2.3283E+03
0000490   6.2292E+04 -1.9301E+03 -3.1004E+03
0000491   6.1134E+04  9.3143E+02 -1.1071E+03
0000492   6.1963E+04 -2.6022E+03  6.2420E+03
0000493   6.0374E+04 -5.4373E+03 -1.1161E+02
0000494   6.3514E+04  9.2289E+03  2.2382E+03
0000495   5.8398E+04 -1.4188E+04  1.0887E+04
0000496   6.1205E+04  5.3795E+02  3.0463E+03
0000497   6.1843E+04 -1.9064E+03  4.2217E+03
0000498   5.9719E+04 -2.9070E+03  8.5685E+03
0000499   6.0983E+04 -8.1214E+03  5.5207E+02
0000500   6.0321E+04  2.1975E+03  8.7608E+02
0000501   6.2632E+04  1.6768E+03 -3.0473E+03
0000502   6.2311E+04  4.4936E+03 -8.8847E+03
0000503   6.2316E+04  6.0753E+03  4.1537E+03
0000504   5.8718E+04  1.1886E+03 -1.3574E+03
0000505   5.8470E+04  2.8124E+03 -4.8038E+03
0000506   6.0485E+04  5.3291E+03  4.1111E+03
0000507   6.0273E+04 -1.0788E+03  5.5170E+03
0000508   6.0138E+04 -5.0506E+03  5.1432E+03
0000509   6.4194E+04  1.4190E+02 -6.1384E+03
0000510   5.8149E+04  3.7336E+03  2.1282E+03
0000511   6.2679E+04  1.9206E+02 -4.2219E+03
0000512   6.1178E+04  2.7768E+03 -2.7601E+03
0000513   5.9458E+04 -1.5299E+04  1.7842E+03
0000514   6.1611E+04 -5.2611E+03 -5.4364E+02
0000515   5.6227E+04  2.1277E+03 -3.4053E+03
0000516   6.1653E+04 -1.2151E+03  2.4929E+03
0000517   5.9821E+04 -6.0840E+03 -1.1427E+03
0000518   6.3319E+04  4.3835E+03 -1.2724E+03
0000519   6.0654E+04  2.6084E+03 -6.9560E+02
0000520   6.2236E+04 -1.5022E+02 -3.8294E+03
0000521   6.2082E+04 -6.1459E+02 -5.7701E+02
0000522   6.1944E+04 -2.3523E+02 -6.9794E+03
0000523   6.1119E+04 -3.0302E+02 -1.2101E+03
0000524   6.2287E+04 -2.3559E+03 -1.5697E+03
0000525   5.8236E+04 -4.2232E+02 -3.8361E+03
0000526   6.3271E+04  8.4601E+03 -3.3076E+03
0000527   6.2843E+04 -5.8619E+03 -2.3939E+03
0000528   5.9412E+04 -9.5774E+02  4.2921E+03
0000529   5.9049E+04 -2.2000E+03 -1.9366E+03
0000530   6.5715E+04  1.1019E+03  1.2349E+03
0000531   6.0342E+04 -1.9412E+03  1.7636E+03
0000532   6.3890E+04  2.2700E+02  3.3102E+02
0000533   6.3999E+04 -1.5350E+03 -4.6846E+03
0000534   6.0018E+04 -2.9286E+03  4.1213E+03
0000535   6.1722E+04  1.7305E+03 -2.5978E+03
0000536   6.0815E+04  7.7769E+02 -4.3557E+03
0000537   5.8314E+04  3.9222E+03 -1.8764E+03
0000538   6.4502E+04 -1.0899E+03 -3.7777E+03
0000539   6.0713E+04  4.4959E+03 -1.9956E+02
0000540   6.1740E+04  1.7152E+03 -4.5057E+03
0000541   5.9616E+04 -2.9789E+03 -2.6441E+03
0000542   6.3672E+04  1.2639E+03 -1.1302E+03
0000543   4.9987E+04 -1.5880E+04  2.0570E+04
0000544   6.0817E+04 -2.3119E+03  5.2195E+03
0000545   6.2801E+04  2.2859E+03 -1.5712E+03
0000546   6.2757E+04  2.7914E+03  4.8229E+03
0000547   6.2726E+04 -2.4133E+02  1.0399E+03
0000548   6.2259E+04  5.0887E+01 -1.1516E+03
0000549   5.9694E+04  6.8297E+03 -1.1134E+01
0000550   5.9580E+04 -1.3720E+03  1.3816E+03
0000551   5.9776E+04 -5.0823E+03 -2.3226E+03
0000552   6.2729E+04  1.3416E+03 -3.6339E+03
0000553   6.0225E+04  3.0940E+03 -5.2390E+03
0000554   5.6602E+04 -1.6696E+04 -3.6326E+03
0000555   6.0485E+04  5.3094E+02 -2.7400E+03
0000556   6.2691E+04 -5.5819E+02 -4.3834E+03
0000557   6.3122E+04  1.0220E+03 -3.7656E+03
0000558   6.2750E+04 -9.7622E+01 -3.8165E+03
0000559   6.4620E+04 -9.3459E+02  6.4190E+02
0000560   6.0439E+04  6.7363E+03  4.6720E+03
0000561   5.8487E+04 -2.3432E+03  5.5170E+02
0000562   6.1399E+04  2.8063E+03  2.1305E+03
0000563   6.1390E+04 -8.8598E+02 -5.0224E+03
0000564   6.1641E+04  3.3420E+03  4.5213E+03
0000565   5.8499E+04  8.3508E+03  2.2572E+03
0000566   5.8858E+04 -3.9913E+03  2.1144E+03
0000567   5.7075E+04 -1.5786E+03 -2.4436E+03
0000568   6.1473E+04  3.2911E+02 -1.6729E+03
0000569   6.2286E+04 -1.8702E+03  1.9017E+02
0000570   6.1980E+04  1.2240E+03 -2.3548E+03
0000571   5.9425E+04 -2.0964E+03 -3.9785E+02
0000572   6.0103E+04 -1.7992E+02  1.7571E+03
0000573   6.1793E+04 -8.1992E+02 -2.2579E+03
0000574   6.3991E+04 -2.9079E+03  3.0780E+02
0000575   6.1110E+04  1.9220E+02  6.9993E+01
0000576   6.0727E+04 -2.4340E+03 -4.2387E+02
0000577   6.1815E+04  6.1920E+02 -2.6327E+03
0000578   6.1198E+04  9.7192E+02 -4.8502E+02
0000579   6.1027E+04  3.1920E+03 -6.1399E+03
0000580   5.6656E+04  1.1165E+04 -8.3469E+03
0000581   6.1146E+04 -3.5731E+03 -4.5230E+03
0000582   5.8746E+04 -3.9140E+02 -3.6032E+03
0000583   6.2077E+04 -1.5489E+03  1.9910E+03
0000584   5.8970E+04 -5.8574E+02  1.2213E+03
0000585   5.9185E+04  1.6583E+03  1.4908E+03
0000586   6.1455E+04 -4.4942E+03  4.9314E+02
0000587   6.0818E+04 -2.1855E+03  2.1847E+03
0000588   6.2863E+04  7.3121E+03  4.6381E+03
0000589   6.2552E+04 -1.7760E+03  3.6224E+03
0000590   5.8943E+04  3.0052E+03  4.7079E+02
0000591   6.2992E+04 -7.5407E+02 -2.7957E+03
0000592   5.9424E+04 -2.0958E+03 -2.1332E+03
0000593   5.9822E+04 -6.4318E+03  2.9334E+03
0000594   6.4835E+04 -2.2438E+03  7.1830E+02
0000595   6.1237E+04  2.8662E+03  3.7485E+03
0000596   6.2591E+04  1.4232E+02 -2.8013E+03
0000597   6.0637E+04 -4.1231E+02  5.7314E+03
0000598   6.3902E+04  1.9336E+03  5.6397E+02
0000599   6.2262E+04  6.0055E+02  3.3604E+03
0000600   6.0241E+04 -2.2690E+02  4.4764E+03
0000601   6.0576E+04 -6.6151E+03 -5.1844E+03
0000602   6.3225E+04  2.3674E+03  4.9067E+03
0000603   6.1133E+04 -2.9523E+03  4.2345E+03
0000604   6.1713E+04  2.6825E+01 -5.1582E+03
0000605   5.9358E+04 -1.8676E+03 -1.4440E+03
0000606   6.0264E+04  3.8265E+03 -4.9107E+03
0000607   6.3427E+04  7.1069E+02  5.0430E+02
0000608   6.1308E+04 -1.3660E+03  4.8081E+03
0000609   6.2478E+04  9.7303E+02  5.6594E+03
0000610   6.0361E+04  1.0944E+03  2.3546E+03
0000611   6.1845E+04  6.2282E+02 -5.5520E+03
0000612   6.1047E+04  1.6995E+03 -1.7289E+03
0000613   6.2952E+04  2.9709E+02  3.8940E+03
0000614   5.8674E+04  1.8228E+03 -1.7451E+03
0000615   6.1055E+04 -1.9969E+03  1.3397E+03
0000616   6.2194E+04 -4.5480E+03  4.6613E+03
0000617   5.9065E+04 -3.4954E+03  1.3589E+03
0000618   6.1276E+04 -4.7150E+03  3.1176E+03
0000619   6.1734E+04 -5.6881E-01  5.2401E+02
0000620   6.1081E+04 -3.0380E+03 -4.3264E+03
0000621   6.1870E+04  8.4363E+02 -2.6377E+03
0000622   6.1560E+04  5.2643E+03 -2.7133E+03
0000623   5.9499E+04  3.2141E+03 -5.6938E+02
0000624   6.1400E+04  2.9735E+03  2.3882E+03
0000625   6.2010E+04 -1.5142E+03 -7.1854E+02
0000626   6.0811E+04  4.2480E+03  6.7095E+02
0000627   5.9714E+04 -3.1446E+03  3.0390E+03
0000628   6.2441E+04  6.9469E+01 -3.3250E+03
0000629   6.2526E+04 -2.0911E+03 -2.2117E+03
0000630   6.2963E+04  2.7237E+03  1.3152E+03
0000631   6.0715E+04  4.8044E+03  1.3736E+02
0000632   5.2126E+04 -1.8325E+04 -6.2292E+03
0000633   6.1673E+04 -3.9035E+03  6.5036E+03
0000634   5.9744E+04 -2.9670E+03  1.1616E+03
0000635   6.2354E+04  2.1779E+03 -1.6820E+03
0000636   6.5874E+04 -1.2229E+03 -3.4626E+03
0000637   6.0731E+04 -3.0613E+02 -4.0644E+02
0000638   6.4185E+04 -1.2393E+03  1.0846E+03
0000639   6.1695E+04 -5.6883E+02  3.0253E+03
0000640   6.2332E+04 -8.0117E+02 -2.5776E+03
0000641   6.2259E+04  3.2082E+03  1.0911E+03
0000642   6.0391E+04  2.8864E+02  8.6292E+02
0000643   6.3373E+04 -3.9293E+03  2.3028E+03
0000644   6.1270E+04 -2.3681E+03 -5.4818E+03
0000645   6.2432E+04  2.4298E+03 -8.6474E+02
0000646   6.4513E+04  2.4371E+03  1.9757E+03
0000647   6.0498E+04  3.3357E+02 -2.7124E+02
0000648   6.2387E+04  2.2176E+03 -3.0154E+03
0000649   6.0902E+04  2.2799E+03 -2.1721E+03
0000650   6.0206E+04 -6.2293E+02  3.9370E+03
0000651   6.0167E+04 -1.0946E+03 -2.7290E+03
0000652   6.2021E+04 -3.3233E+03  3.4445E+03
0000653   6.2470E+04  1.5846E+03 -2.6301E+03
0000654   5.7752E+04  1.8633E+03 -8.3550E+02
0000655   6.3500E+04  3.2863E+03 -7.7928E+02
0000656   6.0351E+04 -9.6686E+02 -6.7600E+02
0000657   6.2100E+04  4.9928E+03  6.1526E+02
0000658   5.8832E+04  3.9795E+03 -1.2656E+03
0000659   6.1270E+04 -1.4821E+03 -9.6793E+02
0000660   6.2930E+04 -2.9304E+03 -1.6321E+03
0000661   5.8485E+04 -1.9958E+03  1.2912E+04
0000662   6.0975E+04 -1.0359E+03  3.9172E+03
0000663   6.5307E+04  2.9293E+03 -5.3510E+03
0000664   6.1423E+04 -2.3796E+03  1.6260E+03
0000665   6.1223E+04 -5.9516E+03 -5.8147E+02
0000666   5.9968E+04 -3.0366E+03 -2.7909E+00
0000667   5.9690E+04  2.8480E+02  1.1529E+04
0000668   6.4163E+04 -1.1498E+03  1.0846E+03
0000669   6.3942E+04  5.1441E+03  1.1904E+03
0000670   6.6638E+04  4.9052E+01 -2.9012E+03
0000671   6.4106E+04  6.5237E+02  3.9738E+03
0000672   6.2347E+04 -1.7007E+03 -3.7262E+03
0000673   6.1728E+04  5.1333E+02 -7.4596E+02
0000674   6.4590E+04 -3.0158E+03 -7.3118E+02
0000675   6.0760E+04 -3.9703E+03 -1.7757E+03
0000676   5.9489E+04 -6.3034E+03  1.3977E+03
0000677   6.1034E+04  2.0525E+02  2.8255E+03
0000678   6.0286E+04  6.7036E+02  1.4650E+03
0000679   6.1397E+04 -6.3173E+02 -8.0507E+01
0000680   5.4950E+04 -7.8171E+03 -1.9090E+02
0000681   5.8936E+04 -2.3915E+03  3.3615E+02
0000682   6.5264E+04 -2.9991E+03 -4.8799E+03
0000683   6.0203E+04  4.3675E+03  1.5827E+03
0000684   6.2551E+04 -3.8927E+03 -2.8586E+03
0000685   6.1688E+04  3.2911E+03 -6.4760E+03
0000686   5.9197E+04 -1.4265E+03  5.3392E+03
0000687   6.2965E+04 -6.2395E+02  8.8185E+02
0000688   6.3485E+04 -3.0104E+03  1.9892E+03
0000689   6.1974E+04 -1.1377E+03 -1.5422E+03
0000690   5.7765E+04  1.0005E+04  1.2621E+04
0000691   6.4055E+04 -3.2424E+03 -3.8881E+03
0000692   6.0919E+04  6.0722E+03  2.3126E+03
0000693   6.1184E+04  1.0652E+03  7.9429E+02
0000694   6.4211E+04 -1.6366E+03  9.4665E+01
0000695   6.1970E+04  3.6825E+02 -2.9065E+03
0000696   5.9583E+04 -7.0668E+03 -4.9796E+03
0000697   5.9996E+04 -2.8528E+03 -4.9383E+03
0000698   5.8438E+04  2.5040E+03  1.8369E+01
0000699   6.2571E+04 -8.1447E+02 -1.5525E+03
0000700   6.0846E+04 -2.5789E+03  9.6652E+02
0000701   6.1024E+04 -3.9688E+03  1.0831E+03
0000702   6.2664E+04 -6.4533E+03 -3.7395E+03
0000703   6.4087E+04  3.9427E+03 -2.9611E+01
0000704   5.9561E+04 -2.2804E+03 -2.9535E+02
0000705   5.8487E+04  6.8707E+03  9.4937E+03
0000706   6.3065E+04  8.8797E+02  3.4206E+03
0000707   6.1985E+04 -1.4456E+03 -1.6997E+02
0000708   6.0887E+04 -4.1792E+03 -2.1134E+02
0000709   6.3859E+04 -2.8709E+02  2.0122E+03
0000710   6.4057E+04 -1.9257E+03 -1.9242E+03
0000711   6.0614E+04 -2.4792E+03 -6.7697E+03
0000712   6.0330E+04 -1.7374E+03 -1.2393E+03
0000713   6.3328E+04 -3.9471E+03  1.5767E+03
0000714   6.0570E+04 -3.2482E+03  1.0521E+03
0000715   6.4502E+04 -4.0744E+03 -3.9461E+03
0000716   6.1770E+04  4.6868E+02  8.5579E+02
0000717   5.9590E+04 -2.8472E+03 -3.3381E+03
0000718   6.1619E+04  1.5339E+03 -4.6223E+02
0000719   5.7892E+04 -1.2178E+04 -3.4754E+02
0000720   5.9528E+04 -2.6883E+03 -4.2843E+03
0000721   6.3305E+04  3.4620E+03  5.2841E+03
0000722   6.5030E+04  3.7203E+01 -1.3596E+03
0000723   6.0802E+04 -2.5703E+03  5.8523E+02
0000724   5.8909E+04  1.7634E+03  2.9760E+03
0000725   6.1269E+04 -1.5352E+03 -7.6553E+03
0000726   5.9786E+04  2.5540E+03  4.0818E+03
0000727   6.3002E+04  1.5299E+03 -2.1935E+03
0000728   5.9877E+04  1.3864E+03 -4.8955E+03
0000729   6.0016E+04  1.2631E+03 -4.1222E+03
0000730   6.0036E+04  1.3327E+03 -1.2660E+02
0000731   5.8290E+04 -4.6169E+03 -3.2279E+02
0000732   6.0076E+04 -1.9618E+03 -2.8338E+01
0000733   6.2576E+04  1.9560E+03 -1.5566E+01
0000734   6.3022E+04 -1.9516E+03 -2.6466E+03
0000735   6.0390E+04 -1.5756E+03  2.2521E+02
0000736   6.1660E+04 -1.5840E+03  1.6995E+03
0000737   4.9295E+04 -8.8874E+03  1.6214E+03
0000738   6.2458E+04  1.2409E+03 -1.3358E+03
0000739   6.0344E+04 -3.4045E+03 -5.8373E+02
0000740   5.7389E+04 -4.8235E+02  1.0664E+03
0000741   5.9306E+04 -6.2990E+03  2.8231E+03
0000742   6.0895E+04 -8.9157E+02  6.8355E+03
0000743   6.3391E+04  6.4905E+03  8.3071E+02
0000744   6.0854E+04  1.0429E+03  1.9720E+03
0000745   6.2235E+04  1.4285E+03 -1.3587E+03
0000746   6.0623E+04  2.8254E+03  2.9576E+03
0000747   6.1214E+04 -2.7261E+03  1.3145E+03
0000748   6.0636E+04 -1.8047E+03 -1.5702E+03
0000749   5.8336E+04 -7.7920E+02 -7.7120E+03
0000750   5.9409E+04 -4.0716E+03 -1.1504E+04
0000751   6.1782E+04  6.9922E+03  1.7101E+03
0000752   6.3547E+04  3.4937E+03 -3.6086E+02
0000753   6.2268E+04 -5.6612E+01 -3.0929E+02
0000754   6.4236E+04  9.2355E+02 -3.4573E+03
0000755   6.0361E+04  3.6804E+03  6.3751E+00
0000756   6.0629E+04  3.6822E+03  5.8331E+03
0000757   6.2886E+04 -2.3297E+02 -5.9642E+02
0000758   6.2747E+04 -2.8247E+02  4.9073E+03
0000759   5.7537E+04  1.1568E+04  4.1671E+03
0000760   6.1777E+04  3.2173E+03 -5.3657E+02
0000761   6.3009E+04 -3.4107E+03 -3.5888E+03
0000762   6.2518E+04  1.0677E+03 -4.1265E+00
0000763   6.2064E+04  1.7077E+02 -5.6644E+03
0000764   6.3263E+04  2.6613E+02 -3.3963E+03
0000765   5.8182E+04  2.1491E+03 -3.9574E+03
0000766   6.0075E+04 -2.1076E+03 -3.0376E+03
0000767   6.0408E+04  4.1322E+03  2.4788E+01
0000768   6.1529E+04 -3.4851E+03 -4.0990E+02
0000769   5.8947E+04 -2.7299E+03 -6.2975E+02
0000770   6.1442E+04 -2.0826E+03 -1.3954E+03
0000771   6.1508E+04  3.1061E+03 -7.2653E+02
0000772   6.1832E+04  3.2230E+03  3.0028E+03
0000773   5.9529E+04 -2.6589E+03 -4.2969E+03
0000774   5.6999E+04  8.7048E+03  7.1178E+03
0000775   6.1084E+04 -5.7539E+02 -1.1412E+03
0000776   6.3954E+04  3.2522E+03 -7.6288E+02
0000777   6.3058E+04 -3.4743E+03  5.5686E+03
0000778   6.2974E+04 -1.1823E+03 -3.7667E+03
0000779   6.2991E+04 -2.1681E+03 -2.3850E+03
0000780   6.3784E+04 -1.9122E+03  2.9539E+03
0000781   6.3046E+04  1.2233E+03  2.0605E+03
0000782   5.9532E+04 -2.8064E+03  2.3218E+03
0000783   6.2990E+04 -1.3195E+03  1.6221E+03
0000784   6.2835E+04 -4.0242E+02 -1.8021E+03
0000785   6.2064E+04 -2.0782E+03  1.5542E+03
0000786   6.1413E+04 -1.5141E+03  1.6169E+03
0000787   6.2073E+04 -3.2661E+02  3.1142E+02
0000788   6.2093E+04 -2.5616E+02 -5.0647E+03
0000789   6.1716E+04 -2.3686E+03  2.2790E+02
0000790   6.1529E+04  6.6359E+02  5.5554E+03
0000791   6.1765E+04 -5.0201E+03 -1.6439E+02
0000792   6.0226E+04  2.3776E+03  9.3638E+02
0000793   6.1458E+04  3.1364E+03 -9.2142E+02
0000794   6.0639E+04  7.5221E+02  8.1714E+02
0000795   6.0290E+04 -4.5132E+03 -4.4417E+03
0000796   6.3657E+04 -1.8382E+03  2.0969E+03
0000797   6.2073E+04 -2.5154E+02 -2.2868E+03
0000798   6.5136E+04 -2.9665E+03  5.1403E+02
0000799   5.9586E+04  4.2034E+03 -2.9360E+03
0000800   6.0169E+04  2.8043E+01 -3.4286E+03
0000801   6.0695E+04  1.7288E+03  3.5318E+03
0000802   5.9879E+04 -1.1170E+04 -1.2009E+04
0000803   6.4350E+04 -4.2403E+02  3.2246E+03
0000804   5.7090E+04 -2.0346E+04  2.5111E+03
0000805   6.2485E+04 -1.1369E+03  2.5171E+03
0000806   6.1754E+04 -1.6242E+03 -6.0584E+03
0000807   6.4239E+04  1.2475E+03  1.8736E+03
0000808   6.2789E+04  2.0549E+03 -5.9183E+03
0000809   5.7094E+04  3.0388E+03  7.2706E+03
0000810   6.1984E+04  2.5926E+03  9.7547E+02
0000811   6.0914E+04 -2.1351E+03  2.3501E+03
0000812   6.0782E+04 -1.8748E+03  2.1090E+03
0000813   6.1777E+04 -7.6628E+02  7.1115E+02
0000814   6.3078E+04  4.7863E+03 -3.0122E+03
0000815   6.2290E+04  5.1699E+02 -6.0827E+00
0000816   6.1880E+04 -2.0884E+02 -1.1608E+03
0000817   5.9728E+04  5.3450E+03 -6.4053E+03
0000818   6.0022E+04  1.4214E+03  1.6288E+03
0000819   6.2079E+04  3.3367E+03 -1.0602E+03
0000820   6.3825E+04 -1.6041E+03 -6.6354E+02
0000821   6.2843E+04  3.6459E+02 -4.7479E+02
0000822   6.2906E+04 -1.7723E+03 -3.8647E+02
0000823   6.0789E+04  3.4211E+03 -4.9717E+03
0000824   6.3276E+04 -3.3702E+03  9.6339E+03
0000825   6.2352E+04 -1.9155E+03 -6.2108E+03
0000826   6.0480E+04 -4.2443E+02 -2.0407E+03
0000827   6.2414E+04  2.5365E+03  2.2636E+03
0000828   6.0937E+04 -2.1017E+03 -1.9273E+03
0000829   6.0055E+04  4.7592E+03 -7.5050E+03
0000830   6.0515E+04 -3.2897E+02  1.6913E+03
0000831   6.2212E+04 -1.3165E+03 -3.7444E+03
0000832   6.1799E+04  5.1348E+03  7.5169E+03
0000833   6.0560E+04 -9.7035E+03 -2.1182E+03
0000834   5.9333E+04  2.0399E+02 -4.7616E+02
0000835   5.8792E+04 -5.8226E+03  1.6494E+03
0000836   6.0204E+04  4.8102E+03  2.5698E+03
0000837   6.2313E+04 -1.8805E+03  5.3418E+03
0000838   6.2731E+04 -8.3832E+02 -4.5713E+02
0000839   6.1648E+04 -9.4509E+02 -5.2781E+03
0000840   6.0019E+04 -5.8378E+02 -3.4107E+03
0000841   5.9939E+04  1.1248E+03  1.6394E+03
0000842   6.2547E+04 -3.1449E+03  5.1155E+02
0000843   6.2021E+04 -3.0150E+03  1.8247E+03
0000844   6.2245E+04  2.1197E+03 -4.0102E+03
0000845   6.1231E+04 -3.9274E+03  3.4784E+03
0000846   6.0329E+04  1.3614E+03  7.6347E+02
0000847   5.9283E+04 -3.7230E+02 -8.3175E+02
0000848   6.0440E+04 -5.6603E+03 -2.0039E+03
0000849   6.2345E+04  4.4006E+02 -4.2906E+03
0000850   6.2364E+04  2.2287E+02 -4.6247E+03
0000851   6.1529E+04 -5.4769E+02  2.2363E+03
0000852   5.8909E+04  3.1384E+03  2.6953E+03
0000853   6.2944E+04  1.1156E+04  3.4999E+02
0000854   6.2154E+04  8.5464E+01  8.8982E+02
0000855   6.2061E+04  2.6514E+03  5.1409E+03
0000856   6.1117E+04  6.7474E+03  2.3624E+03
0000857   5.8667E+04 -2.5880E+03 -3.9526E+03
0000858   6.1245E+04 -2.9286E+03  1.5812E+03
0000859   5.9274E+04 -6.7105E+03 -2.3606E+03
0000860   5.7680E+04 -1.1694E+04 -6.2431E+03
0000861   6.2770E+04  3.1591E+03 -1.9936E+03
0000862   6.1075E+04 -2.2857E+02  7.0960E+03
0000863   6.2370E+04  5.1138E+03  4.9969E+03
0000864   6.1924E+04  4.6415E+03 -8.0729E+03
0000865   6.1560E+04  5.1012E+03 -2.9564E+02
0000866   6.3715E+04 -1.4538E+03 -2.8025E+03
0000867   6.2863E+04 -4.7107E+03 -1.8944E+03
0000868   5.8472E+04  1.8722E+03 -4.0672E+03
0000869   6.0417E+04 -1.6114E+03  4.7245E+03
0000870   5.9380E+04 -3.4517E+03  4.0620E+02
0000871   6.3385E+04  8.0302E+02 -1.5406E+03
0000872   6.1815E+04 -3.2779E+03  2.9518E+02
0000873   6.2578E+04 -1.2235E+03 -1.0140E+03
0000874   6.1100E+04  1.2507E+03  1.0546E+03
0000875   6.0740E+04 -1.6579E+03 -2.7711E+03
0000876   6.2666E+04 -4.0457E+03  8.2699E+03
0000877   6.0886E+04 -7.2149E+03 -5.6059E+03
0000878   6.1306E+04 -2.8322E+03  2.7288E+03
0000879   5.6832E+04 -6.2044E+03  8.3883E+02
0000880   6.2095E+04  6.8428E+03 -2.0135E+03
0000881   6.3089E+04 -3.5614E+03  5.9810E+03
0000882   6.1358E+04 -2.9281E+03  1.2716E+03
0000883   6.3306E+04  1.9452E+03  3.4031E+02
0000884   5.7705E+04  1.2853E+04  1.4630E+04
0000885   6.1243E+04  4.5898E+03  6.0031E+03
0000886   6.1352E+04  2.8088E+03  1.7785E+03
0000887   6.2313E+04  1.8415E+03  4.5770E+03
0000888   6.1825E+04 -5.2847E+03 -4.7852E+03
0000889   6.1851E+04  3.6000E+03  5.5199E+03
0000890   6.1529E+04 -3.7827E+03 -4.6702E+01
0000891   6.3228E+04  1.4523E+03  3.2772E+03
0000892   6.1033E+04  5.2227E+03  2.3650E+03
0000893   6.3238E+04 -1.5254E+03 -1.9767E+03
0000894   6.3832E+04  1.8386E+03 -3.2494E+03
0000895   5.6772E+04  3.8837E+03  8.9741E+03
0000896   6.2480E+04 -2.7383E+03 -1.1941E+03
0000897   6.0756E+04 -2.1530E+03 -3.8824E+03
0000898   6.1263E+04 -2.7237E+03  4.4814E+02
0000899   6.3279E+04  2.4458E+03  3.1223E+03
0000900   6.4335E+04 -3.0693E+03 -2.3586E+03
0000901   6.2318E+04 -8.7489E+03 -1.2520E+03
0000902   6.5107E+04 -2.2552E+03  3.7314E+03
0000903   6.1314E+04  2.3305E+03  2.6048E+03
0000904   6.0514E+04  1.9548E+03 -6.2558E+02
0000905   6.3786E+04 -1.0007E+03  7.9565E+02
0000906   6.1885E+04  1.4179E+03 -2.7881E+03
0000907   6.4872E+04 -3.0376E+03 -5.9815E+03
0000908   6.1530E+04  2.6197E+03 -9.7418E+02
0000909   6.1114E+04 -1.6084E+03  1.3726E+03
0000910   5.8502E+04  1.7330E+02  1.8330E+03
0000911   6.2136E+04  1.3897E+02  4.8812E+02
0000912   6.0160E+04 -4.3777E+03  6.2154E+02
0000913   6.4513E+04  1.2497E+03  3.4249E+02
0000914   5.9939E+04  8.6619E+03 -1.9704E+03
0000915   6.2959E+04  2.0886E+03  1.7441E+03
0000916   6.3981E+04  1.3367E+03 -2.3969E+03
0000917   6.4725E+04 -3.3283E+03 -1.3819E+03
0000918   6.0069E+04  1.0227E+03  7.0536E+03
0000919   5.9895E+04  3.5589E+02  2.7409E+03
0000920   6.3158E+04  2.1928E+03  2.6046E+03
0000921   6.0880E+04  3.4444E+02 -4.8483E+03
0000922   5.9645E+04  8.3997E+03  3.2250E+03
0000923   6.3639E+04  6.7803E+01  1.7742E+03
0000924   6.4078E+04  2.5212E+03  3.5672E+03
0000925   5.9753E+04 -4.2530E+03  2.4667E+03
0000926   5.9889E+04 -9.4230E+02 -4.4635E+03
0000927   5.8385E+04 -2.7426E+03 -5.9493E+03
0000928   6.1597E+04 -3.0572E+03 -6.2045E+02
0000929   6.2053E+04 -2.6385E+03 -3.4514E+02
0000930   6.4085E+04 -5.3019E+03  5.9268E+02
0000931   3.7437E+04  1.4025E+04 -8.0277E+02
0000932   6.3883E+04 -7.1472E+01  1.3770E+03
0000933   6.2847E+04 -1.9437E+03 -5.0404E+03
0000934   6.0914E+04  3.9614E+03  7.7759E+02
0000935   6.0743E+04 -2.3657E+03 -2.2360E+02
0000936   6.0592E+04 -7.5464E+02 -1.2683E+02
0000937   6.1357E+04 -3.1162E+02 -1.3014E+03
0000938   6.1840E+04 -7.9191E+03 -1.5556E+01
0000939   6.2068E+04 -4.3255E+03  3.3353E+03
0000940   6.1753E+04 -4.8759E+03  2.6509E+03
0000941   6.2580E+04  1.1976E+03  1.0618E+03
0000942   6.1634E+04  4.4695E+03 -8.2970E+02
0000943   6.1372E+04  1.3324E+03  2.5168E+03
0000944   6.2130E+04 -2.5919E+03 -3.1763E+03
0000945   6.2541E+04 -2.7109E+03  1.7382E+03
0000946   6.1034E+04  3.5096E+03  9.0406E+02
0000947   5.7537E+04 -3.0735E+03  1.4291E+04
0000948   5.9720E+04  2.2487E+03  4.7738E+03
0000949   6.0684E+04  9.1280E+02  3.3934E+02
0000950   6.0833E+04  2.7164E+02 -1.0127E+03
0000951   6.1558E+04 -8.8167E+03 -8.1103E+03
0000952   6.3290E+04  2.6240E+03 -2.6995E+02
0000953   6.0199E+04 -8.0455E+02  2.1683E+03
0000954   5.9057E+04  2.2717E+03 -8.4863E+02
0000955   6.0116E+04  2.3629E+03 -2.3243E+03
0000956   6.3000E+04 -3.0596E+03 -6.2393E+01
0000957   6.3073E+04  2.8787E+02  3.1052E+02
0000958   6.1491E+04  2.7914E+03 -1.1405E+03
0000959   6.3384E+04 -7.4723E+02 -1.0606E+03
0000960   6.0887E+04  1.2301E+03 -5.8215E+03
0000961   6.0709E+04 -4.1345E+03  1.2057E+03
0000962   6.4698E+04  1.0212E+03 -9.1984E+02
0000963   6.1082E+04 -6.1219E+03 -3.7897E+03
0000964   6.1611E+04  1.1722E+03 -7.4657E+02
0000965   5.6061E+04  1.0407E+04 -1.3510E+02
0000966   5.9967E+04 -3.3592E+03 -1.2517E+03
0000967   6.4206E+04 -1.4643E+02  4.3477E+02
0000968   6.0379E+04 -2.3162E+03 -4.8749E+03
0000969   4.3362E+04  2.3192E+04 -8.3928E+03
0000970   6.1905E+04  7.3099E+03 -1.1321E+04
0000971   6.1334E+04  1.9552E+03  2.5943E+03
0000972   5.9786E+04  6.4184E+03 -3.8541E+03
0000973   6.3107E+04 -3.8452E+03 -8.5857E+03
0000974   6.0657E+04 -7.8756E+02 -3.6246E+03
0000975   6.1627E+04  5.3946E+03  6.0883E+02
0000976   6.2258E+04  6.2434E+03 -2.6380E+03
0000977   6.3917E+04 -2.2236E+03  4.4262E+03
0000978   6.1052E+04  1.8841E+03  1.6710E+03
0000979   6.1733E+04 -3.6716E+03 -8.1293E+01
0000980   5.9241E+04 -5.9947E+02  4.5016E+02
0000981   6.0372E+04 -2.8406E+03  8.3352E+02
0000982   6.0943E+04 -3.8955E+02 -7.5137E+02
0000983   5.9628E+04 -2.0799E+03 -3.0308E+03
0000984   5.9467E+04 -2.8175E+03 -1.2952E+03
0000985   5.8842E+04 -1.1431E+04 -3.3826E+03
0000986   6.2450E+04 -3.0427E+03 -5.4581E+02
0000987   6.0885E+04  1.3293E+03  3.9425E+02
0000988   5.9885E+04  7.1344E+03 -6.0547E+03
0000989   6.1475E+04 -3.9451E+03 -9.2746E+03
0000990   6.1563E+04  3.9717E+03 -2.0397E+02
0000991   5.9711E+04 -1.1643E+03  3.2905E+03
0000992   6.1017E+04 -2.7536E+03  1.3850E+03
0000993   6.1217E+04  6.5948E+03  2.3686E+03
0000994   5.7081E+04  4.1157E+03  1.8599E+03
0000995   6.1517E+04  7.7089E+02 -2.8617E+03
0000996   6.1563E+04  5.4477E+03  4.9015E+03
0000997   6.2109E+04 -1.3400E+03 -1.9845E+03
0000998   6.2134E+04  3.4272E+02  2.2122E+03
0000999   5.2644E+04  2.4542E+04  6.4626E+03
0001000   5.9962E+04 -8.3120E+02  4.9005E+03
