============================== SRIM-2013.00 ==============================
==============================================================================
====== SRIM Outputs\RANGE_3D.txt : File of Final Ion Positions =====

Ion =  H (01)   Ion Mass= 001.0080
Energy  = 1500000.E-03 keV
Ion Angle to Surface = 00.0 degrees
==================== TARGET =======================
  Layer # 1 - Si_Top    
  Layer # 1 - Bottom Depth=300000.E+01 A
  Layer # 1 - Density =0002.3210 g/cm3
  Layer # 1 -  100 % of Si
икикикикикикикикикикикикикикикикикикикикикикикикикикикикикикикикикикикикикикикикикикикикикикикикикикикик
  Layer # 2 - Si_Bottom 
  Layer # 2 - Bottom Depth=600000.E+01 A
  Layer # 2 - Density =0002.3210 g/cm3
  Layer # 2 -  100 % of Si
икикикикикикикикикикикикикикикикикикикикикикикикикикикикикикикикикикикикикикикикикикикикикикикикикикикик
                                            
Ion       Depth  X   Lateral Y   Lateral Z  
Number    (Angstrom) (Angstrom)  (Angstrom) 
-------  ----------- ----------- -----------
0000001   3.0837E+05 -1.1399E+04 -1.0125E+04
0000002   3.1526E+05 -9.4609E+02 -1.0770E+04
0000003   3.1119E+05 -7.8675E+03 -1.6973E+04
0000004   3.1368E+05  8.8295E+03 -5.3144E+03
0000005   3.1095E+05  2.3168E+04 -1.2186E+04
0000006   3.0468E+05 -2.1217E+03  1.6354E+03
0000007   3.1326E+05  7.5564E+03 -2.1484E+04
0000008   3.0224E+05 -1.9841E+03  1.6441E+04
0000009   3.0469E+05  3.6289E+03  1.3287E+04
0000010   3.1205E+05  5.4415E+03 -7.2217E+03
0000011   3.1046E+05  1.0239E+04 -1.7461E+04
0000012   3.1839E+05  1.8543E+03 -6.0081E+03
0000013   3.1142E+05 -2.2880E+02 -1.2071E+04
0000014   3.0726E+05  2.1637E+03  1.2736E+04
0000015   3.0387E+05  1.6597E+04  1.6485E+03
0000016   3.1106E+05  1.9188E+04  1.4829E+04
0000017   3.1582E+05  5.3147E+03 -1.3685E+04
0000018   3.0969E+05 -7.7755E+03  1.1385E+04
0000019   3.0800E+05  6.1347E+03 -2.6233E+03
0000020   3.0507E+05  1.6332E+04  4.0525E+03
0000021   3.1348E+05  1.6385E+04  1.7691E+04
0000022   3.1193E+05 -3.2141E+02  6.3827E+03
0000023   3.0685E+05  3.5990E+03  1.5341E+04
0000024   3.0808E+05 -1.9804E+04  4.7387E+03
0000025   3.0372E+05  5.7557E+03 -4.2927E+03
0000026   3.1244E+05  2.8598E+03  2.9826E+02
0000027   3.0111E+05  4.9049E+03  3.2656E+03
0000028   3.1003E+05  1.2526E+04 -6.8886E+03
0000029   3.0571E+05  1.7325E+04 -1.1332E+04
0000030   2.8870E+05  4.8578E+04  3.6620E+03
0000031   3.0579E+05  2.0069E+03  1.2204E+04
0000032   3.2338E+05  8.9419E+03  3.1470E+03
0000033   3.1050E+05  1.0036E+03  4.7365E+03
0000034   3.1016E+05  2.1735E+04  1.2968E+04
0000035   3.1300E+05 -7.9633E+03 -1.9863E+04
0000036   3.0719E+05 -8.4515E+03 -7.9786E+03
0000037   3.0729E+05 -4.5905E+04 -9.2285E+03
0000038   3.1173E+05 -4.5224E+03  1.8465E+03
0000039   3.0277E+05  7.1457E+03  5.1182E+03
0000040   3.0603E+05  1.1979E+04  1.0159E+04
0000041   2.8903E+05  5.2076E+04  3.6367E+03
0000042   3.0799E+05  8.4981E+03 -2.2243E+04
0000043   3.2070E+05 -1.1243E+04 -3.6524E+03
0000044   3.1394E+05  5.2835E+03 -1.9842E+04
0000045   3.0769E+05  9.6103E+02 -1.8823E+04
0000046   3.0258E+05 -2.1537E+04  2.1905E+04
0000047   3.0745E+05  1.0374E+03 -5.2431E+03
0000048   3.0136E+05 -1.2753E+04 -1.5413E+04
0000049   3.0913E+05  2.9204E+03  1.3401E+04
0000050   2.6673E+05  1.0163E+05  1.0206E+05
0000051   3.0133E+05  7.0621E+03 -3.2322E+04
0000052   3.2233E+05 -1.1857E+02  3.9553E+03
0000053   3.1552E+05 -1.4640E+04 -1.1901E+02
0000054   3.1154E+05  3.7195E+03  1.7638E+02
0000055   3.1061E+05  1.1344E+04 -7.8748E+03
0000056   3.1470E+05  1.4746E+04  1.9657E+04
0000057   3.0181E+05 -3.7121E+03  2.0078E+03
0000058   2.9809E+05  1.1410E+04 -5.3510E+02
0000059   3.1208E+05  2.4996E+04  9.9858E+03
0000060   3.0895E+05 -9.7794E+03 -1.1140E+04
0000061   3.1066E+05  1.4220E+04  1.0554E+04
0000062   3.0644E+05 -4.2807E+04 -1.2895E+04
0000063   3.1235E+05  1.5114E+04  6.5374E+02
0000064   3.1275E+05 -2.1142E+03 -1.1063E+04
0000065   3.1314E+05 -9.6891E+03 -2.3835E+03
0000066   3.1295E+05 -9.0964E+03  1.5906E+04
0000067   3.1361E+05 -2.0305E+04 -4.7459E+03
0000068   2.9857E+05 -1.1442E+04 -1.7039E+04
0000069   3.0523E+05  2.2244E+04 -8.9939E+03
0000070   3.0862E+05 -1.1522E+04  9.5514E+03
0000071   3.0328E+05  2.6763E+03  4.8105E+03
0000072   2.9946E+05  2.0047E+03  2.8217E+04
0000073   3.0790E+05  9.9387E+03  2.8576E+03
0000074   3.1967E+05 -6.3140E+03  1.3570E+04
0000075   3.1350E+05 -3.6452E+02 -4.6278E+03
0000076   3.1254E+05  1.5643E+04  4.9410E+03
0000077   2.9858E+05 -8.4064E+03 -2.0011E+04
0000078   3.1064E+05  4.4563E+03  9.1703E+03
0000079   3.1151E+05  1.4396E+04  5.9677E+03
0000080   3.2148E+05 -4.6669E+03  1.9229E+04
0000081   3.1281E+05 -1.1195E+04  1.5262E+04
0000082   3.0509E+05  2.6239E+04 -4.9131E+03
0000083   3.1101E+05  1.3640E+04 -1.3290E+04
0000084   3.0959E+05  6.9269E+03  9.2634E+03
0000085   3.1313E+05 -4.8159E+03 -4.2917E+03
0000086   3.0566E+05 -1.7349E+04 -1.6014E+03
0000087   3.0441E+05  2.2396E+04 -6.2306E+03
0000088   3.1061E+05 -8.1306E+03  2.1163E+03
0000089   3.2116E+05  3.8797E+03  2.9252E+03
0000090   3.2338E+05 -1.8433E+04  9.9768E+03
0000091   3.0710E+05 -1.7338E+03 -1.8315E+04
0000092   3.1459E+05 -7.5008E+03 -2.3704E+03
0000093   2.9465E+05 -1.5818E+04 -2.8020E+02
0000094   3.1188E+05  4.8247E+03 -1.4206E+04
0000095   3.0951E+05  1.1268E+03  7.3665E+02
0000096   3.1068E+05 -1.4896E+03 -2.7905E+03
0000097   3.1114E+05 -2.5194E+04 -6.5091E+03
0000098   3.0960E+05  1.6978E+04 -2.0420E+04
0000099   3.0459E+05  1.4946E+04 -2.6863E+03
0000100   3.1333E+05 -1.3547E+03 -4.3062E+03
0000101   3.1763E+05 -4.1314E+03 -3.0263E+01
0000102   3.1101E+05 -3.3658E+04 -2.1821E+03
0000103   3.1529E+05 -2.2387E+04  5.1071E+03
0000104   3.0310E+05 -1.3804E+04  7.3561E+03
0000105   3.1139E+05  1.3304E+04 -9.6793E+02
0000106   3.1196E+05 -1.7160E+04  2.5243E+04
0000107   3.0890E+05  6.4776E+03 -2.2308E+01
0000108   3.0077E+05 -1.7330E+04  9.4641E+02
0000109   3.1418E+05  1.0071E+03 -1.2117E+04
0000110   3.1026E+05  6.0526E+03 -2.4781E+04
0000111   3.0568E+05  2.4976E+04 -1.8812E+04
0000112   3.1415E+05  9.5133E+03 -2.9332E+04
0000113   3.0335E+05 -1.2831E+04 -3.4439E+03
0000114   2.9674E+05  1.4940E+02 -1.4012E+04
0000115   3.0703E+05 -3.5170E+03  1.0685E+04
0000116   3.1164E+05 -8.5437E+03 -5.3210E+03
0000117   2.9749E+05 -5.3284E+02 -1.7160E+04
0000118   3.1146E+05 -5.7585E+03  8.2984E+03
0000119   3.1862E+05  7.2786E+03  1.6460E+04
0000120   3.1191E+05 -6.0099E+03  4.6305E+03
0000121   3.2367E+05  1.1478E+04 -1.1490E+04
0000122   3.0469E+05  4.0817E+03  9.3171E+02
0000123   3.1070E+05  7.0494E+03 -2.9813E+02
0000124   3.1020E+05  4.4052E+02  2.1615E+04
0000125   2.9955E+05 -3.5442E+03  9.4898E+03
0000126   3.0164E+05  3.0133E+04  1.2220E+04
0000127   3.1197E+05 -1.6498E+04  7.7964E+03
0000128   3.1160E+05  8.4903E+03  2.9180E+03
0000129   3.0944E+05  8.3862E+03  2.7867E+03
0000130   3.1629E+05 -4.4489E+03  7.9111E+03
0000131   3.1343E+05 -6.4960E+03 -4.7751E+03
0000132   3.0529E+05  9.9037E+03  1.3793E+04
0000133   3.0831E+05 -3.0748E+03 -6.5675E+03
0000134   3.0884E+05  9.8616E+03  1.3722E+04
0000135   3.1782E+05 -6.2624E+02  1.3328E+04
0000136   3.0713E+05 -5.3460E+03 -1.5120E+04
0000137   3.0522E+05  5.3356E+03 -2.3002E+04
0000138   3.0369E+05  1.0963E+04 -1.2482E+04
0000139   3.1198E+05 -1.0439E+04  1.6113E+04
0000140   3.0966E+05 -2.2462E+04 -2.0745E+04
0000141   3.0303E+05 -2.3397E+04  6.3816E+03
0000142   3.0837E+05 -1.2161E+04 -4.8460E+03
0000143   3.0473E+05 -6.2051E+03  2.1172E+03
0000144   3.1294E+05 -6.4363E+03 -1.1349E+04
0000145   3.0436E+05  1.3373E+04  1.6409E+04
0000146   3.0664E+05 -1.7767E+03 -4.1046E+03
0000147   3.0821E+05  1.1854E+04  1.1523E+04
0000148   3.1853E+05 -1.2339E+04 -4.6584E+03
0000149   3.2098E+05 -4.0731E+03 -6.7040E+03
0000150   3.0368E+05 -1.8588E+03  6.1139E+02
0000151   3.0853E+05 -1.9805E+04  7.2669E+03
0000152   2.9273E+05  3.7554E+04  4.3194E+04
0000153   3.0908E+05  4.5277E+04  2.6686E+04
0000154   3.0712E+05  1.6846E+03 -1.8902E+04
0000155   3.0785E+05 -7.8005E+03 -4.6964E+04
0000156   3.1114E+05  1.1587E+04 -3.9793E+03
0000157   3.0943E+05 -2.9861E+03  3.7679E+03
0000158   3.1677E+05 -1.2755E+04  3.5144E+02
0000159   3.1816E+05  9.0332E+03  7.8603E+02
0000160   3.0073E+05 -1.2692E+04  3.1090E+03
0000161   3.0579E+05 -2.2594E+03 -1.6076E+04
0000162   3.0796E+05  2.7002E+03 -1.5967E+04
0000163   3.1791E+05  1.4861E+04 -1.5962E+04
0000164   3.0508E+05 -4.9176E+03 -9.8807E+03
0000165   3.1212E+05 -1.4258E+04  2.1856E+04
0000166   3.1988E+05 -7.4192E+03  1.7111E+03
0000167   3.0929E+05 -1.1778E+04 -1.4225E+04
0000168   2.9861E+05 -4.6272E+03 -1.5519E+04
0000169   3.1256E+05 -9.1307E+03  1.0402E+04
0000170   3.2103E+05 -2.9692E+03  1.4966E+04
0000171   3.0054E+05 -1.3772E+03 -1.0772E+04
0000172   3.1310E+05  9.0766E+02 -3.8826E+03
0000173   3.1842E+05 -5.4099E+03 -8.3334E+03
0000174   3.0401E+05 -3.0783E+03 -1.3977E+04
0000175   2.9757E+05  7.7989E+03 -2.5489E+03
0000176   3.1737E+05  2.8348E+03 -1.0989E+04
0000177   3.1135E+05  5.1459E+03  5.2404E+03
0000178   3.0110E+05  2.0617E+03 -1.3528E+04
0000179   3.1708E+05 -1.2864E+04 -1.1605E+04
0000180   3.0806E+05  9.1088E+03 -7.1762E+03
0000181   2.9869E+05  1.4219E+04  2.2421E+02
0000182   3.0443E+05 -6.7052E+03 -1.5810E+03
0000183   3.1529E+05 -7.1978E+02  1.1869E+04
0000184   3.0684E+05  2.3475E+04  7.4091E+03
0000185   3.2320E+05 -5.9577E+03 -1.5175E+04
0000186   3.1447E+05 -2.3894E+03 -3.0604E+03
0000187   3.0773E+05 -2.2523E+04  3.5495E+03
0000188   3.1147E+05  7.7888E+03 -8.5502E+03
0000189   3.0761E+05  7.4649E+03 -5.6687E+03
0000190   3.1041E+05 -1.0018E+04 -3.2339E+03
0000191   3.1898E+05 -7.6249E+03  1.2953E+03
0000192   3.1026E+05  2.3347E+04 -3.9204E+03
0000193   3.1344E+05 -1.6071E+03  5.8666E+03
0000194   3.0065E+05  1.8918E+04  1.3148E+04
0000195   3.1447E+05  2.9345E+04  4.8844E+04
0000196   3.1844E+05 -7.1275E+03 -5.3253E+03
0000197   3.1442E+05 -6.9216E+02 -6.9800E+03
0000198   3.0983E+05  2.1709E+03  8.7734E+03
0000199   3.0154E+05 -2.5282E+03 -2.6153E+03
0000200   3.0425E+05 -1.6933E+04  1.5401E+04
0000201   3.0916E+05  1.3592E+04 -5.3226E+03
0000202   3.1596E+05 -2.3907E+03 -1.6568E+04
0000203   3.1892E+05  6.0050E+03  2.3159E+04
0000204   3.0946E+05  5.3029E+04 -1.1961E+04
0000205   3.1530E+05  3.6429E+03  6.8354E+03
0000206   3.1459E+05 -1.2376E+04 -6.7740E+03
0000207   3.1316E+05 -4.2988E+03 -5.0874E+03
0000208   3.0819E+05  1.6929E+04 -1.6242E+04
0000209   3.1102E+05 -1.8288E+04 -7.5475E+03
0000210   3.0121E+05 -2.3958E+04 -1.0351E+04
0000211   3.1156E+05  2.4707E+03 -3.4514E+03
0000212   3.1076E+05 -4.8698E+03 -4.6247E+03
0000213   3.0207E+05  2.9095E+03 -3.3700E+03
0000214   3.0925E+05  1.4390E+01 -5.7983E+03
0000215   3.1374E+05  1.0222E+04  5.9823E+03
0000216   3.0584E+05  1.0927E+04  1.0695E+04
0000217   3.1058E+05  4.9236E+03  5.1403E+03
0000218   3.2090E+05  2.6770E+04 -8.6381E+03
0000219   3.0902E+05  7.7807E+02 -7.9089E+03
0000220   3.1308E+05 -2.9609E+03 -1.3304E+03
0000221   3.1372E+05 -1.3361E+04 -1.8285E+03
0000222   3.0440E+05 -5.6160E+03 -3.4802E+03
0000223   3.1499E+05  2.6165E+03 -1.1688E+04
0000224   3.1009E+05  1.5370E+04 -8.0097E+02
0000225   3.0884E+05 -1.4189E+04  5.5415E+02
0000226   3.1209E+05  1.1232E+04  3.2653E+03
0000227   3.2054E+05 -2.1075E+02  5.2801E+03
0000228   3.0598E+05  1.6481E+04  1.9645E+02
0000229   3.1765E+05  1.1007E+04  1.8205E+02
0000230   3.0516E+05 -1.4946E+03 -2.1039E+04
0000231   3.1042E+05 -1.2747E+04  5.4923E+03
0000232   3.0388E+05  2.7395E+04 -8.3739E+03
0000233   3.1733E+05 -2.0140E+03  2.0614E+04
0000234   3.1055E+05  1.0199E+04  1.0570E+04
0000235   3.0894E+05 -1.4768E+04 -7.9918E+02
0000236   3.0073E+05  4.7777E+03 -1.5536E+04
0000237   3.1515E+05 -1.4011E+04 -4.4563E+03
0000238   3.1030E+05 -8.8384E+03  1.2627E+04
0000239   3.1363E+05  4.0036E+04 -1.0891E+04
0000240   2.9849E+05  6.3135E+04 -2.6636E+03
0000241   3.1800E+05  8.6186E+03 -1.0671E+04
0000242   3.1532E+05 -2.1095E+04  1.0956E+04
0000243   3.1091E+05 -1.4010E+04 -3.7794E+03
0000244   3.0309E+05  3.1429E+04  1.6479E+04
0000245   2.9850E+05 -1.2190E+04  7.2867E+03
0000246   3.0404E+05 -2.9794E+03 -1.7562E+04
0000247   3.0748E+05 -7.5116E+03 -1.9495E+03
0000248   2.9936E+05  9.6627E+03  2.3517E+04
0000249   3.1648E+05 -1.5279E+03 -6.0495E+03
0000250   3.1546E+05 -1.5178E+04 -3.4075E+03
0000251   3.1033E+05 -7.9761E+03 -4.1763E+03
0000252   3.0029E+05 -4.6481E+04  2.2725E+04
0000253   3.1057E+05  3.3322E+03 -2.2302E+03
0000254   3.1787E+05 -2.2992E+03 -4.7950E+03
0000255   3.1089E+05  1.8358E+04  1.1432E+04
0000256   2.9460E+05  3.7401E+03 -1.7893E+04
0000257   3.0605E+05 -5.4355E+03  9.6459E+03
0000258   3.1584E+05 -1.6368E+04  4.4023E+03
0000259   3.1066E+05  1.2144E+04 -6.3450E+03
0000260   3.1841E+05 -3.2499E+03 -1.7790E+04
0000261   3.1210E+05  1.0737E+04  2.0283E+03
0000262   2.9866E+05 -7.0280E+03 -5.0495E+03
0000263   3.1717E+05  2.4147E+04 -9.5147E+03
0000264   3.1061E+05 -3.6192E+02  1.9799E+03
0000265   3.0414E+05  5.9319E+03  6.1255E+03
0000266   3.0239E+05  5.1579E+02  1.9856E+03
0000267   2.9974E+05 -4.9750E+04 -2.4498E+04
0000268   3.1310E+05 -1.1340E+04 -7.3383E+02
0000269   3.0804E+05 -8.1283E+03 -6.7341E+03
0000270   3.1986E+05 -1.2434E+04  2.5471E+03
0000271   3.1924E+05 -4.7316E+03  8.8178E+03
0000272   3.0592E+05  9.4696E+03 -2.6202E+02
0000273   3.1061E+05  1.1051E+04  1.6847E+04
0000274   3.1261E+05 -4.5275E+03  5.2565E+03
0000275   3.1146E+05  1.3504E+03  1.4040E+04
0000276   3.0686E+05 -1.5852E+03  1.3369E+03
0000277   3.1023E+05  5.1516E+02 -7.9725E+03
0000278   3.0654E+05  5.6020E+03 -1.9331E+02
0000279   3.0523E+05 -2.8634E+03  7.2780E+03
0000280   3.0383E+05 -1.2427E+04  1.3804E+04
0000281   3.0211E+05  1.2652E+04 -1.0989E+04
0000282   3.0782E+05  4.9226E+03 -8.8285E+03
0000283   3.1006E+05  1.2791E+04 -8.5995E+03
0000284   3.0475E+05 -1.0351E+03 -4.9078E+02
0000285   3.1100E+05 -1.0768E+03  2.0284E+04
0000286   3.0525E+05  8.6872E+03  6.9035E+03
0000287   3.0988E+05 -6.4103E+03  8.9218E+03
0000288   3.0660E+05  9.4817E+03  3.4957E+03
0000289   3.0868E+05 -9.3875E+03 -1.8007E+03
0000290   3.1799E+05 -4.8903E+03 -3.4062E+03
0000291   3.1268E+05  4.2109E+04  3.6689E+03
0000292   3.0761E+05  1.2292E+04  9.1021E+03
0000293   3.0291E+05  1.6462E+04  4.5106E+03
0000294   3.0651E+05  5.2853E+03 -1.2813E+04
0000295   2.9629E+05 -1.8281E+04 -5.5269E+02
0000296   2.9280E+05 -5.4635E+04  6.4204E+04
0000297   3.1256E+05  2.3797E+03  5.9482E+03
0000298   3.1886E+05  2.0103E+03  5.8588E+03
0000299   3.1418E+05  1.9637E+03  8.9422E+03
0000300   3.1033E+05  2.4633E+04  1.4864E+04
0000301   3.1458E+05  6.0734E+03  8.3646E+03
0000302   3.2041E+05  2.3075E+04  6.6098E+03
0000303   3.0623E+05 -1.0036E+04  4.0234E+03
0000304   3.0345E+05 -5.1588E+03  2.1450E+03
0000305   3.2030E+05 -1.0764E+04 -1.0754E+04
0000306   3.0197E+05  1.9707E+04 -3.5486E+03
0000307   3.1414E+05  1.0083E+04  1.8934E+04
0000308   3.0983E+05  1.1136E+03 -3.6134E+04
0000309   3.1021E+05 -4.0563E+03 -1.0499E+03
0000310   3.1206E+05  1.4971E+04 -9.3780E+02
0000311   3.0518E+05 -8.0800E+03  1.5033E+04
0000312   3.1083E+05  1.0600E+04 -3.7500E+02
0000313   3.0722E+05  9.8418E+03 -4.1508E+03
0000314   2.9749E+05  2.4715E+04 -1.4482E+04
0000315   3.0673E+05  7.6139E+03  5.7167E+02
0000316   3.1114E+05 -2.9769E+03 -5.3983E+03
0000317   3.1222E+05  1.3786E+04 -4.5905E+03
0000318   3.2435E+05  1.6031E+04 -1.9128E+04
0000319   2.9888E+05 -1.2544E+04 -1.9932E+04
0000320   3.0710E+05 -1.7522E+04 -1.8304E+03
0000321   3.1273E+05  4.0514E+03  2.5561E+03
0000322   3.1734E+05  7.4668E+03 -2.9913E+03
0000323   3.1721E+05 -8.8653E+03 -2.9927E+03
0000324   3.0446E+05 -1.2313E+04 -2.0274E+04
0000325   3.0627E+05  6.4160E+03 -4.3500E+03
0000326   3.1022E+05 -4.9960E+04  5.6102E+02
0000327   3.1905E+05 -6.1511E+03 -9.8773E+03
0000328   3.0510E+05  6.2057E+03  6.3842E+03
0000329   3.0885E+05 -3.5769E+03  7.3283E+03
0000330   3.0833E+05  2.3541E+03 -5.7449E+03
0000331   3.1224E+05  9.1318E+03 -3.1929E+03
0000332   3.0339E+05  7.8340E+03 -1.0596E+04
0000333   3.0484E+05 -1.3539E+03  3.9128E+03
0000334   3.0813E+05  1.6031E+04 -1.6924E+04
0000335   3.0565E+05 -1.1805E+04 -9.9339E+03
0000336   3.1645E+05 -3.4525E+03 -6.8260E+02
0000337   3.0975E+05 -1.9187E+03  1.8428E+03
0000338   3.1519E+05 -5.0852E+03  8.8627E+03
0000339   3.0915E+05  2.0604E+03  1.0613E+04
0000340   3.1267E+05  1.7849E+03 -1.6921E+04
0000341   3.0933E+05  2.0172E+03  3.3729E+03
0000342   3.0297E+05 -1.3688E+04  2.4170E+04
0000343   2.9102E+05  9.8906E+04 -6.4659E+04
0000344   3.1059E+05  3.6330E+04  3.3178E+04
0000345   3.0604E+05  1.5922E+04  8.3927E+03
0000346   3.1237E+05 -2.8198E+04  9.8825E+03
0000347   3.1573E+05  1.5290E+04 -7.3328E+03
0000348   3.0686E+05  5.8708E+03  9.8409E+03
0000349   3.1398E+05 -2.1501E+04 -2.8094E+04
0000350   3.0348E+05 -3.1684E+03 -6.4910E+03
0000351   2.9672E+05 -3.8219E+03  1.1351E+03
0000352   3.1430E+05 -9.0982E+03 -2.6738E+03
0000353   3.1348E+05  2.1605E+04 -2.5176E+03
0000354   3.0722E+05  5.7917E+02 -1.8705E+04
0000355   3.0626E+05 -8.2396E+03 -9.7537E+03
0000356   3.0458E+05 -1.1216E+04  6.2546E+03
0000357   3.0769E+05 -3.0089E+03  1.4073E+04
0000358   2.7935E+05  4.9654E+04  7.4090E+04
0000359   3.0441E+05  1.1162E+03  8.1504E+03
0000360   3.2665E+05  6.7015E+02  1.2436E+04
0000361   3.0706E+05  4.1235E+03  7.6653E+03
0000362   3.1485E+05  7.9083E+02 -1.3762E+04
0000363   3.1101E+05  2.8536E+03 -2.1531E+04
0000364   3.1373E+05 -2.6614E+02  1.9092E+04
0000365   2.9900E+05  1.7915E+04 -1.2655E+04
0000366   3.1682E+05  1.7156E+03  1.1660E+04
0000367   3.0109E+05 -5.0075E+03 -1.0752E+04
0000368   3.1473E+05 -2.5720E+04 -1.3537E+03
0000369   3.1335E+05  2.3690E+03  2.5002E+04
0000370   3.0984E+05  1.1789E+04 -1.2724E+04
0000371   3.0890E+05  7.8686E+03 -1.5833E+04
0000372   3.1492E+05 -7.7634E+03  6.3294E+03
0000373   2.9523E+05  7.2759E+03 -3.8805E+03
0000374   3.2060E+05 -1.3778E+04 -2.2719E+03
0000375   3.1120E+05 -1.8481E+04 -3.3289E+03
0000376   3.0135E+05  3.1548E+03 -1.5118E+04
0000377   3.0719E+05  8.4322E+03 -1.4542E+04
0000378   3.0138E+05  4.0264E+03 -1.2599E+04
0000379   3.1018E+05 -4.9592E+03  1.5910E+04
0000380   3.1226E+05  2.5606E+03  2.6218E+03
0000381   3.0527E+05  2.6318E+03  4.4415E+03
0000382   3.0349E+05 -3.6353E+03  3.0791E+03
0000383   2.9062E+05  1.7856E+04  9.0739E+03
0000384   3.0615E+05 -1.5555E+04 -1.9299E+04
0000385   3.0693E+05  3.1795E+02  1.2794E+04
0000386   3.1141E+05  5.8286E+03  1.8398E+04
0000387   3.1353E+05 -1.2300E+04 -6.6142E+03
0000388   3.1132E+05 -9.5943E+01  5.3434E+03
0000389   2.9752E+05 -1.8859E+03  6.1639E+03
0000390   3.0849E+05 -2.1945E+04 -2.1452E+04
0000391   3.0615E+05  2.4047E+04 -6.5133E+03
0000392   3.0230E+05  2.1659E+04 -3.6273E+04
0000393   3.0305E+05  2.1166E+04  6.8521E+03
0000394   3.1000E+05  3.4336E+02 -6.4047E+03
0000395   3.0841E+05 -3.3514E+02 -7.6851E+03
0000396   3.1040E+05 -3.1270E+02  6.8428E+03
0000397   3.0508E+05 -5.8277E+03  1.0067E+04
0000398   3.1051E+05  1.2998E+04  1.5721E+04
0000399   3.1064E+05  6.0655E+02 -1.2409E+04
0000400   2.9576E+05  2.0803E+03 -2.2990E+04
0000401   3.0158E+05  5.9416E+03 -1.1129E+03
0000402   3.0076E+05  3.2618E+03 -1.8393E+04
0000403   3.1201E+05 -3.1537E+03 -6.7286E+03
0000404   3.0334E+05  1.6607E+04  1.8410E+04
0000405   3.0220E+05  6.9870E+03 -1.4249E+04
0000406   3.0912E+05  1.5275E+03  2.2011E+04
0000407   3.0902E+05  5.9255E+03 -1.4998E+04
0000408   3.1131E+05  1.5003E+04  3.3466E+02
0000409   3.1011E+05  5.0490E+03  1.1126E+04
0000410   3.0666E+05 -3.2694E+03  6.9660E+03
0000411   3.0567E+05 -1.4768E+04  7.0358E+03
0000412   3.0990E+05  1.0082E+04 -5.8694E+03
0000413   3.1229E+05 -2.0352E+04 -5.9261E+03
0000414   3.0799E+05 -3.5063E+03  1.6810E+04
0000415   3.1611E+05  1.6707E+02 -6.7815E+02
0000416   3.1371E+05  1.1666E+03 -1.1560E+02
0000417   3.0692E+05  3.2208E+03 -5.9745E+03
0000418   3.1010E+05  1.3703E+03 -4.5082E+03
0000419   3.0420E+05 -1.5355E+04  1.0011E+03
0000420   3.0540E+05  1.5230E+04 -4.4998E+03
0000421   3.1610E+05 -2.8730E+03 -6.9300E+03
0000422   3.0439E+05 -3.0113E+03  1.7554E+04
0000423   3.0215E+05  2.7962E+03  7.3898E+03
0000424   3.1285E+05 -8.6493E+03 -1.8867E+04
0000425   3.0836E+05 -1.2417E+04 -3.1132E+03
0000426   2.9735E+05  3.1336E+03  8.3433E+02
0000427   3.0619E+05 -3.0345E+03  1.0208E+04
0000428   3.0008E+05 -1.7218E+04  1.3443E+03
0000429   3.0456E+05  7.5517E+03  3.1569E+04
0000430   3.1097E+05  4.0054E+03  1.3938E+04
0000431   3.0893E+05 -3.0297E+03 -5.0430E+03
0000432   3.1014E+05 -1.3028E+03  1.4310E+04
0000433   3.1711E+05 -8.8697E+03 -1.2555E+04
0000434   3.1270E+05 -1.7267E+04  1.6685E+03
0000435   3.0347E+05 -6.9338E+03 -6.1891E+02
0000436   3.0478E+05  8.1094E+03 -1.8372E+04
0000437   3.1850E+05  4.9768E+02  1.3656E+04
0000438   3.0379E+05  2.2848E+03  2.4585E+04
0000439   3.1258E+05 -6.0368E+03  1.7382E+04
0000440   3.1511E+05 -1.3398E+04 -3.1138E+04
0000441   3.1288E+05  9.6151E+02  5.2119E+03
0000442   3.1644E+05  4.3502E+03 -9.9993E+03
0000443   3.0994E+05  8.1867E+03 -2.1906E+04
0000444   3.1057E+05  3.8562E+03  3.8016E+03
0000445   3.0602E+05 -9.3706E+03 -1.0464E+04
0000446   3.0263E+05 -8.4529E+03 -1.4645E+04
0000447   3.1383E+05 -1.0700E+04  1.5500E+04
0000448   3.0792E+05  6.3975E+03 -4.5581E+03
0000449   3.0743E+05  5.2571E+03  7.2282E+03
0000450   2.9639E+05 -2.1399E+04  3.7572E+03
0000451   3.0484E+05  3.9845E+03 -1.1610E+04
0000452   3.1426E+05  4.8351E+03  1.5838E+04
0000453   2.9490E+05  1.3742E+04 -1.4589E+04
0000454   3.0846E+05  4.8351E+03 -2.5304E+03
0000455   3.0664E+05  1.6979E+04 -8.5036E+03
0000456   2.9776E+05 -2.8354E+04  1.0237E+04
0000457   3.1179E+05  1.3485E+03  4.9002E+03
0000458   3.0147E+05 -4.5760E+04  5.8238E+03
0000459   3.2231E+05 -1.3521E+04 -2.7302E+03
0000460   3.0540E+05 -2.0730E+03 -9.1825E+03
0000461   3.1793E+05  9.5284E+03 -1.1732E+04
0000462   3.0506E+05 -3.1944E+04  2.8410E+03
0000463   3.1130E+05 -6.3240E+03 -8.9705E+02
0000464   3.1353E+05  2.2394E+03  3.8202E+03
0000465   3.1867E+05 -1.3011E+04 -1.2273E+04
0000466   3.0349E+05  2.7912E+04 -1.2395E+04
0000467   3.2002E+05 -1.0848E+04  1.8741E+03
0000468   3.0793E+05 -4.3215E+03 -2.0028E+03
0000469   3.1730E+05  3.6739E+03  4.1789E+03
0000470   3.1315E+05  4.4440E+03  2.2508E+03
0000471   3.0319E+05 -5.4038E+03 -1.4315E+04
0000472   2.9815E+05 -1.7335E+03  1.8255E+04
0000473   3.0384E+05  3.5007E+03  1.7386E+04
0000474   3.1222E+05  1.1598E+04  5.3257E+03
0000475   3.0644E+05 -9.0104E+03 -1.2953E+04
0000476   3.1328E+05  1.6782E+03  8.1859E+03
0000477   3.0724E+05 -3.0020E+03  1.2829E+03
0000478   3.0078E+05  3.6883E+04 -4.9920E+04
0000479   3.0082E+05  1.2495E+04  1.5254E+03
0000480   3.1365E+05 -1.3025E+04  7.1617E+03
0000481   3.1647E+05 -1.9179E+04 -1.1608E+04
0000482   3.0236E+05 -1.7059E+04 -2.4418E+03
0000483   3.0898E+05  1.3133E+04  2.4030E+04
0000484   3.1215E+05 -1.6280E+03 -4.3923E+03
0000485   3.0615E+05  4.4418E+03  1.2678E+04
0000486   3.1332E+05 -1.8270E+04 -1.0342E+04
0000487   2.3833E+05  5.3221E+03 -6.3061E+04
0000488   3.0175E+05 -1.3360E+03  1.1746E+03
0000489   3.1247E+05 -2.3605E+03  1.3909E+04
0000490   3.1070E+05 -3.8111E+03  7.6416E+03
0000491   3.0598E+05 -5.6331E+03  1.7160E+03
0000492   3.1308E+05 -1.7772E+04 -1.6571E+03
0000493   3.0505E+05 -2.3120E+04  1.3172E+04
0000494   3.1320E+05 -9.9749E+03  4.0399E+03
0000495   3.1381E+05 -1.2301E+04 -7.9643E+03
0000496   3.1737E+05  8.0107E+03  2.6649E+04
0000497   3.1164E+05 -9.3381E+03  8.2816E+03
0000498   3.0534E+05  2.9679E+03  2.4374E+04
0000499   3.1126E+05 -7.5435E+03 -6.3080E+03
0000500   3.1671E+05  8.4348E+02 -1.0684E+04
0000501   3.0549E+05 -1.3831E+04 -6.8246E+03
0000502   3.0669E+05  1.6347E+04 -1.2805E+04
0000503   3.0495E+05 -5.2968E+03 -8.7380E+03
0000504   3.0693E+05  2.3775E+03  3.8943E+03
0000505   2.9849E+05  1.1109E+04  3.9145E+03
0000506   3.0513E+05  3.0325E+04  1.8885E+03
0000507   3.0993E+05  7.6731E+03 -8.7342E+03
0000508   3.1591E+05 -9.5426E+03  3.4169E+03
0000509   3.0539E+05 -9.4971E+03 -9.6843E+03
0000510   2.8078E+05  9.9991E+04  2.1550E+03
0000511   3.0741E+05 -1.0685E+03  5.3853E+03
0000512   2.9422E+05  6.5569E+03  7.9055E+03
0000513   3.0859E+05 -3.2663E+04 -1.4823E+04
0000514   3.1821E+05  1.5888E+04  1.4460E+04
0000515   3.0372E+05  1.5013E+04 -7.6591E+03
0000516   3.0891E+05  1.6186E+04 -1.4717E+03
0000517   3.0928E+05 -3.1938E+03 -1.8950E+03
0000518   3.0212E+05 -6.2727E+03  1.3058E+04
0000519   3.0396E+05 -2.1142E+04 -3.6171E+04
0000520   3.2021E+05 -1.4823E+03  4.8596E+02
0000521   3.0943E+05  3.8371E+03  1.1648E+03
0000522   3.0140E+05  1.6072E+04  7.0736E+03
0000523   3.1192E+05 -2.6129E+03  1.7709E+04
0000524   3.1161E+05 -1.4675E+04  8.6543E+03
0000525   3.0121E+05  2.0013E+04  4.8924E+04
0000526   3.0479E+05 -1.2533E+04 -2.1611E+04
0000527   3.0627E+05 -2.3493E+03 -2.7159E+03
0000528   3.1318E+05  6.8044E+03  2.7264E+03
0000529   3.0202E+05 -8.2510E+03 -1.8406E+04
0000530   2.9629E+05  4.6944E+04 -4.5932E+03
0000531   3.0750E+05  6.5700E+03  5.1412E+03
0000532   3.0743E+05 -5.6703E+03  5.5867E+03
0000533   3.0925E+05 -1.1547E+04  6.6828E+03
0000534   3.0575E+05  2.0539E+02 -1.7976E+04
0000535   3.0701E+05  4.0542E+04  3.6504E+04
0000536   3.0981E+05 -1.3236E+04 -6.0517E+03
0000537   3.0906E+05 -1.1449E+04  8.3573E+03
0000538   3.0587E+05 -9.8068E+03 -1.2051E+04
0000539   3.1298E+05 -3.7579E+04 -7.2411E+03
0000540   3.0966E+05 -1.6311E+04 -5.9295E+02
0000541   3.1801E+05 -1.6086E+03 -3.7974E+03
0000542   3.1352E+05 -1.0321E+04 -1.3216E+04
0000543   3.1115E+05 -1.1260E+04  1.0539E+04
0000544   3.0750E+05  3.7311E+03 -1.4073E+02
0000545   3.0547E+05 -1.4075E+04 -1.5044E+04
0000546   2.9936E+05 -2.3088E+03  9.3675E+03
0000547   3.0641E+05  1.1464E+04  3.5199E+02
0000548   3.0496E+05  4.6988E+03 -1.0074E+04
0000549   3.0778E+05 -1.4397E+04 -1.7461E+04
0000550   3.0349E+05  7.2494E+03  4.5641E+03
0000551   3.1117E+05 -1.0776E+04  1.6375E+04
0000552   3.0581E+05 -1.6156E+03  9.6799E+03
0000553   3.0520E+05  1.6734E+04  1.6234E+03
0000554   3.0465E+05 -1.5523E+04 -5.4942E+03
0000555   3.0722E+05  2.5920E+04 -1.0887E+04
0000556   3.1618E+05 -6.7284E+03 -1.1321E+04
0000557   3.0627E+05 -7.8437E+03  1.9569E+04
0000558   3.1273E+05  1.4243E+04 -6.3959E+03
0000559   3.0035E+05  3.5340E+03  1.7497E+03
0000560   3.1276E+05 -1.6945E+03 -1.0546E+04
0000561   3.0446E+05 -3.2806E+03 -6.8117E+03
0000562   3.1225E+05 -1.7922E+03 -1.2176E+04
0000563   3.0817E+05  6.6625E+03  5.9676E+03
0000564   3.1067E+05 -1.4666E+04 -3.9266E+03
0000565   3.0927E+05 -3.6304E+04 -2.3511E+04
0000566   3.0734E+05 -1.7919E+02  7.0148E+03
0000567   3.1578E+05 -1.2482E+04 -1.4911E+04
0000568   3.1768E+05  1.7560E+04 -1.4538E+04
0000569   3.1087E+05  3.3186E+02 -1.2598E+04
0000570   3.0594E+05  1.7660E+04  6.4767E+03
0000571   3.0947E+05  4.1317E+01  5.1385E+03
0000572   3.0994E+05  1.2588E+03 -6.6568E+03
0000573   3.0238E+05 -8.0375E+03  7.1184E+03
0000574   3.1374E+05 -4.8107E+03  5.6748E+02
0000575   3.0729E+05 -1.0424E+03  1.2725E+04
0000576   3.0963E+05  9.6065E+03 -1.0107E+03
0000577   3.0571E+05  3.5775E+03 -1.0264E+04
0000578   3.0809E+05  2.0248E+03 -1.5592E+04
0000579   3.0633E+05 -3.0551E+04  1.3565E+04
0000580   3.0271E+05  6.3354E+03 -2.5599E+04
0000581   3.1409E+05 -2.6499E+04 -2.7214E+04
0000582   3.0831E+05 -1.0090E+04 -7.9132E+03
0000583   3.1843E+05 -9.7649E+03 -8.7609E+03
0000584   3.0631E+05 -5.8722E+03  5.4995E+03
0000585   3.1013E+05 -1.1058E+04 -2.7291E+04
0000586   3.1886E+05  5.3832E+03 -7.7285E+01
0000587   3.0791E+05 -1.0126E+04  1.5306E+04
0000588   3.0936E+05  1.0082E+04  9.2142E+03
0000589   3.0144E+05 -1.3455E+04  1.8476E+04
0000590   3.0153E+05 -2.5435E+03 -1.0669E+04
0000591   3.0795E+05  2.9563E+03  1.0770E+04
0000592   2.9565E+05  2.1780E+03 -3.1717E+04
0000593   3.0243E+05  4.3511E+04 -2.1835E+04
0000594   2.9967E+05 -5.4125E+03  1.9667E+03
0000595   3.0594E+05 -6.1032E+03  1.6763E+04
0000596   3.1387E+05  5.3650E+02  2.2745E+04
0000597   3.1216E+05 -8.6886E+03  9.9008E+03
0000598   3.2081E+05 -1.2107E+03 -3.2907E+03
0000599   3.0569E+05 -3.8155E+03 -3.2830E+03
0000600   3.0729E+05 -9.8520E+03  1.8705E+04
0000601   3.0946E+05  1.6887E+04  4.2617E+03
0000602   3.0565E+05 -1.3259E+03  1.3433E+04
0000603   3.0539E+05 -7.1361E+03  3.5807E+03
0000604   3.0144E+05  8.0897E+03 -8.0035E+03
0000605   3.0688E+05  4.0454E+03 -5.3182E+03
0000606   3.0477E+05  1.6136E+03  2.1168E+04
0000607   3.0645E+05 -1.8049E+03 -1.6873E+04
0000608   3.0752E+05  3.1474E+03  5.9520E+03
0000609   3.1823E+05 -6.4319E+03  1.7297E+04
0000610   2.9830E+05  4.0350E+04 -3.1651E+04
0000611   3.0192E+05 -3.8525E+03  2.3062E+04
0000612   3.1351E+05  8.5409E+03  1.4402E+04
0000613   3.0628E+05 -5.5066E+03  4.2102E+03
0000614   3.1095E+05 -9.1453E+02 -5.5629E+03
0000615   3.0571E+05 -6.3048E+03 -7.0853E+03
0000616   3.0880E+05  4.0284E+03 -1.1693E+03
0000617   3.0428E+05  2.9803E+03  1.5897E+04
0000618   3.1561E+05 -5.7577E+03  3.3209E+03
0000619   3.0957E+05 -1.6604E+04  5.4594E+03
0000620   3.0782E+05  7.3083E+03  7.4545E+03
0000621   3.1990E+05  1.7798E+04 -1.4039E+03
0000622   3.1138E+05 -5.2286E+03  1.5508E+03
0000623   3.1244E+05  2.5156E+04  1.4465E+04
0000624   3.1544E+05  9.5605E+03 -1.0457E+04
0000625   3.0651E+05 -2.9137E+03 -1.8312E+03
0000626   3.1204E+05 -1.7019E+04 -1.8114E+04
0000627   3.0827E+05 -6.0818E+03 -1.4971E+03
0000628   3.0261E+05 -2.3539E+04 -1.1380E+04
0000629   3.0594E+05  1.1416E+04 -4.3446E+03
0000630   3.0686E+05 -1.6690E+04 -2.6322E+03
0000631   3.0779E+05 -5.3950E+03  1.3509E+04
0000632   2.9663E+05  9.0558E+02  3.0385E+04
0000633   3.0147E+05  2.4411E+04 -3.3804E+03
0000634   3.1233E+05 -7.7915E+03  2.0775E+04
0000635   3.0375E+05  1.8345E+03 -1.1704E+04
0000636   3.0811E+05  1.5461E+04  1.0672E+03
0000637   3.2508E+05 -1.4264E+04  1.4550E+03
0000638   3.0277E+05 -8.4773E+02  1.2316E+04
0000639   3.0600E+05  4.7274E+03 -1.0017E+02
0000640   3.1199E+05 -1.5053E+03  4.3994E+03
0000641   3.0653E+05  5.2741E+02 -1.1642E+03
0000642   2.2808E+05  2.2888E+04  1.1404E+05
0000643   3.0623E+05 -8.1441E+03 -1.4434E+04
0000644   3.0555E+05 -6.3291E+03  1.0084E+04
0000645   3.0552E+05 -5.4676E+02 -2.0800E+04
0000646   3.0337E+05 -5.2027E+03 -6.0145E+03
0000647   3.0355E+05  8.0786E+03  1.6578E+04
0000648   3.0656E+05 -8.7214E+03 -1.2004E+04
0000649   3.0592E+05 -2.0262E+04  4.4923E+03
0000650   3.1639E+05  9.0947E+02  9.5633E+03
0000651   3.0885E+05 -1.7041E+03 -1.9989E+03
0000652   3.0440E+05 -9.5631E+03  1.5916E+04
0000653   3.1032E+05  1.7833E+02 -1.0292E+04
0000654   2.9887E+05  3.9518E+03  5.7472E+03
0000655   3.0610E+05  1.0761E+04  3.8018E+04
0000656   3.0801E+05  3.9410E+01  6.7492E+02
0000657   3.0556E+05  1.6320E+04  2.0917E+04
0000658   3.2229E+05  1.5308E+04 -1.9577E+04
0000659   3.1027E+05 -1.0706E+04  2.2902E+02
0000660   3.0447E+05  2.1034E+04  4.6881E+02
0000661   3.0836E+05 -1.6523E+03 -3.3133E+03
0000662   3.0489E+05  1.2750E+04  2.1643E+03
0000663   3.0762E+05 -4.0233E+03 -2.1189E+04
0000664   3.1349E+05  2.2861E+03 -4.2947E+02
0000665   3.1232E+05  2.6093E+03  7.4516E+03
0000666   3.1930E+05  1.2746E+04  9.4756E+02
0000667   3.1027E+05 -1.8138E+03  1.3445E+04
0000668   3.0830E+05 -3.3178E+03 -1.2098E+04
0000669   3.0658E+05  1.0487E+04 -7.2071E+02
0000670   2.9968E+05  1.4946E+04  1.0919E+04
0000671   3.0331E+05 -3.5112E+03  6.5259E+03
0000672   3.0144E+05  4.9574E+03  5.8823E+03
0000673   3.1346E+05  1.2985E+04 -9.6685E+03
0000674   3.1500E+05 -2.1468E+03 -1.3402E+04
0000675   2.9996E+05 -2.3713E+03 -7.2979E+03
0000676   3.1592E+05 -5.7023E+03  1.3688E+03
0000677   3.0294E+05  3.4566E+03  2.9017E+03
0000678   3.0186E+05  1.3143E+04 -6.7117E+03
0000679   3.0741E+05  1.3200E+04  2.9873E+03
0000680   3.0325E+05 -1.3075E+04 -4.8644E+03
0000681   3.1418E+05  5.1167E+02  5.0489E+03
0000682   3.1460E+05  1.0510E+04 -2.9160E+04
0000683   3.0536E+05 -5.4930E+03 -2.8338E+03
0000684   3.0678E+05 -2.6340E+04 -5.3774E+03
0000685   2.9758E+05  1.5165E+04  1.3684E+04
0000686   3.0337E+05 -4.6474E+03  8.6312E+03
0000687   3.0458E+05 -1.9037E+03  3.1580E+03
0000688   3.0364E+05 -1.3396E+04 -1.3952E+04
0000689   3.0715E+05 -1.2749E+04 -1.1994E+04
0000690   3.0545E+05 -4.3348E+03  8.0826E+03
0000691   3.0842E+05  7.1872E+03  2.2824E+04
0000692   3.0111E+05 -6.6629E+03 -4.3733E+03
0000693   3.0500E+05  6.9496E+03  1.1676E+04
0000694   3.2390E+05 -1.2174E+04  1.6828E+04
0000695   3.1043E+05  1.0027E+04  3.6742E+03
0000696   3.1889E+05 -1.1545E+04 -4.0607E+03
0000697   3.0612E+05 -8.4538E+03  1.1122E+04
0000698   3.0600E+05  1.9762E+03  3.1741E+04
0000699   3.0560E+05 -8.7433E+03  8.0420E+02
0000700   3.1384E+05 -1.1195E+04 -1.4088E+04
0000701   3.0420E+05  6.9520E+03 -6.5266E+03
0000702   3.0972E+05 -2.9794E+04  2.3247E+04
0000703   3.1226E+05  9.9104E+03 -3.2862E+04
0000704   3.1016E+05  3.0379E+02  6.5072E+03
0000705   3.1489E+05 -4.2518E+03  6.1869E+03
0000706   2.9720E+05 -3.3753E+02 -2.5377E+04
0000707   2.7581E+05 -1.1069E+05 -3.9860E+04
0000708   3.1823E+05  5.8321E+03 -4.9676E+03
0000709   3.0791E+05 -6.5456E+03  5.0933E+03
0000710   3.1723E+05 -1.4377E+04  7.0687E+03
0000711   3.1478E+05  6.4593E+03 -2.4326E+03
0000712   3.1402E+05 -1.2280E+04 -8.9423E+03
0000713   3.0663E+05  4.0171E+03 -6.5351E+03
0000714   3.1078E+05 -1.2791E+04 -2.8744E+03
0000715   3.1088E+05 -5.3304E+03  2.1092E+03
0000716   3.0291E+05  4.8913E+03  5.4654E+03
0000717   3.1825E+05 -2.3323E+03 -8.1259E+03
0000718   3.1693E+05 -1.8180E+04  1.2386E+04
0000719   3.2191E+05 -8.5971E+03 -3.3887E+03
0000720   3.1498E+05 -4.0768E+02  6.0052E+03
0000721   3.0388E+05  4.6735E+03 -1.0756E+03
0000722   3.0108E+05  2.6268E+03 -2.5236E+03
0000723   3.0584E+05  9.7606E+03 -4.7675E+03
0000724   3.0388E+05  1.1713E+04  1.1644E+04
0000725   3.0917E+05  2.2009E+03 -1.2158E+04
0000726   3.1074E+05  6.0449E+02 -8.3076E+02
0000727   3.1067E+05 -5.4327E+03 -5.5173E+03
0000728   3.0886E+05 -1.9573E+04 -1.2380E+04
0000729   3.0128E+05  3.1274E+04  1.0359E+04
0000730   2.9986E+05  1.3605E+04  3.0232E+04
0000731   3.1744E+05 -1.4977E+04 -2.1544E+04
0000732   3.0616E+05  6.6804E+03  1.9660E+02
0000733   3.0972E+05 -4.4103E+03  2.5557E+04
0000734   3.0941E+05  6.2257E+03  8.9853E+03
0000735   3.1631E+05  1.7142E+04  4.6247E+03
0000736   3.1627E+05 -1.8776E+04 -1.3012E+04
0000737   2.9880E+05  1.1982E+04  1.2856E+04
0000738   3.0901E+05  1.7862E+04 -4.0173E+03
0000739   3.1206E+05  5.1684E+03  2.0183E+03
0000740   3.0398E+05  2.6563E+04  8.9862E+01
0000741   3.0133E+05  2.0792E+04  1.5730E+04
0000742   3.0387E+05 -3.2406E+03  1.5295E+04
0000743   2.9408E+05  3.2598E+04  4.2428E+04
0000744   3.0918E+05 -1.1264E+04 -6.3668E+03
0000745   3.0064E+05 -4.5196E+04 -4.7074E+04
0000746   3.0787E+05  1.2931E+04 -4.7208E+03
0000747   3.1641E+05  1.5868E+03 -1.5713E+04
0000748   3.0646E+05  2.3522E+03 -5.7700E+03
0000749   3.0865E+05 -1.1255E+04 -1.2542E+04
0000750   2.9257E+05 -1.2376E+04 -1.6849E+04
0000751   3.1059E+05 -5.0989E+03  3.6855E+03
0000752   3.1402E+05 -6.9181E+03 -2.0515E+03
0000753   3.0669E+05 -1.7757E+03 -6.9060E+03
0000754   3.1473E+05 -1.0603E+04  2.8524E+03
0000755   3.0356E+05 -5.6997E+03 -3.8659E+03
0000756   3.1467E+05  5.5701E+03  1.3458E+04
0000757   3.1787E+05  1.5049E+03 -2.9867E+03
0000758   3.1925E+05 -2.7488E+03 -1.0510E+04
0000759   3.1396E+05  9.7300E+03 -4.9517E+03
0000760   3.0022E+05 -1.8438E+04  2.3980E+04
0000761   3.0962E+05  1.2081E+04  5.7658E+03
0000762   3.0774E+05  1.0636E+04  1.0243E+04
0000763   3.0481E+05 -5.0897E+03 -7.0904E+03
0000764   3.1531E+05  2.2762E+04  2.2452E+03
0000765   3.1505E+05 -3.4724E+03  6.3768E+03
0000766   2.9561E+05  2.8697E+04 -6.5288E+03
0000767   3.1809E+05  1.3039E+04 -2.0879E+04
0000768   3.0901E+05  2.6460E+03  5.5982E+03
0000769   3.1522E+05 -2.3123E+04  2.4079E+02
0000770   3.0872E+05  4.7342E+02  9.3642E+03
0000771   3.1553E+05  7.6550E+03 -2.2138E+04
0000772   3.0653E+05 -2.8256E+03  2.1712E+04
0000773   3.0717E+05  2.8867E+04 -5.4434E+03
0000774   3.0378E+05  2.9479E+03  8.5813E+03
0000775   3.0323E+05 -9.9957E+03  2.6522E+04
0000776   3.0179E+05 -2.9719E+04 -9.3839E+03
0000777   3.0595E+05  7.7150E+03 -1.5540E+03
0000778   3.0143E+05  1.5683E+04  1.0300E+04
0000779   3.0786E+05 -1.0402E+03 -1.5919E+04
0000780   2.9757E+05  2.2832E+03 -3.7063E+04
0000781   3.0801E+05  1.4496E+04 -2.1208E+04
0000782   3.1373E+05  2.7723E+04 -5.2709E+03
0000783   3.1261E+05  7.1542E+03 -6.3083E+03
0000784   3.0947E+05  2.6512E+04 -7.4361E+03
0000785   3.0228E+05  4.7007E+03 -6.1821E+02
0000786   3.1100E+05 -6.7822E+03  1.5480E+04
0000787   2.9460E+05  1.8118E+04  9.0984E+03
0000788   2.9814E+05  1.5161E+03  5.0932E+02
0000789   3.0966E+05 -8.6242E+03  1.4539E+04
0000790   3.1471E+05  9.6807E+01  4.0843E+03
0000791   3.1274E+05 -6.0039E+03 -1.2448E+04
0000792   3.1207E+05 -1.2906E+04 -1.6341E+04
0000793   3.2461E+05 -2.1960E+04  1.1236E+03
0000794   3.1627E+05 -4.5872E+03  2.3729E+03
0000795   3.0956E+05  1.1524E+04 -1.3104E+04
0000796   3.0788E+05 -2.2199E+03 -6.5969E+03
0000797   3.0820E+05 -1.5390E+03 -2.0450E+04
0000798   3.0585E+05 -1.4178E+04 -4.6305E+03
0000799   3.1474E+05 -1.6767E+03  6.2476E+03
0000800   3.1414E+05 -1.0307E+04  2.9677E+04
0000801   3.0570E+05  1.1756E+04 -5.5656E+03
0000802   3.1068E+05 -7.6288E+03 -1.9108E+04
0000803   3.1655E+05 -2.4561E+03  7.7687E+02
0000804   3.0394E+05 -1.3200E+03  3.9155E+03
0000805   3.0570E+05 -7.8878E+03  3.0121E+02
0000806   3.0602E+05 -2.7127E+02 -1.0601E+04
0000807   3.1157E+05 -1.6416E+04 -9.3851E+03
0000808   3.0490E+05 -7.4426E+03 -4.6237E+03
0000809   3.0210E+05 -2.2139E+04  3.7760E+04
0000810   3.0882E+05 -1.5548E+03 -1.9643E+04
0000811   3.1852E+05  3.8378E+03  2.0487E+03
0000812   3.0326E+05 -1.0429E+04 -9.2001E+03
0000813   3.1380E+05  2.0422E+04  5.1156E+03
0000814   3.0578E+05 -1.1923E+04 -2.8402E+03
0000815   3.0747E+05 -1.9675E+03 -1.7073E+03
0000816   3.1294E+05 -1.4173E+04 -5.3752E+03
0000817   3.1937E+05  4.1804E+03 -2.3693E+04
0000818   3.0517E+05  2.3066E+04 -1.1631E+04
0000819   3.1403E+05  1.8424E+03  1.3649E+04
0000820   3.0388E+05 -9.1620E+03  7.5938E+03
0000821   3.1366E+05  2.7001E+03  5.2865E+03
0000822   3.1105E+05  1.6735E+04 -5.7074E+03
0000823   3.1137E+05 -5.0685E+03 -4.3960E+03
0000824   3.0976E+05 -1.3155E+03  9.0657E+03
0000825   3.1303E+05 -2.0543E+04 -3.1244E+03
0000826   3.0953E+05  7.7636E+03  4.6081E+03
0000827   3.1354E+05 -7.9855E+03 -1.7168E+04
0000828   3.0355E+05 -5.2326E+03 -3.7389E+03
0000829   3.1076E+05 -6.8590E+02 -7.1535E+03
0000830   3.0382E+05 -1.3185E+04  1.5175E+03
0000831   3.0378E+05  3.0877E+03 -1.3462E+04
0000832   3.0990E+05  1.1190E+04  6.7115E+03
0000833   3.0890E+05  1.8014E+03  7.8789E+03
0000834   3.1488E+05 -6.9942E+02  6.8140E+03
0000835   3.0733E+05 -4.6819E+03  5.3838E+03
0000836   3.1439E+05 -7.0239E+03  2.3647E+04
0000837   2.9606E+05  2.3914E+03  9.3625E+03
0000838   3.0479E+05 -3.2733E+03  1.3388E+04
0000839   3.0502E+05 -5.0851E+03 -3.0827E+02
0000840   3.0843E+05  9.0734E+03 -1.2167E+04
0000841   3.0315E+05 -1.2195E+02  1.5050E+04
0000842   3.0886E+05 -8.0117E+03 -7.7066E+03
0000843   3.1245E+05  1.3488E+04 -5.5666E+03
0000844   3.0811E+05 -1.3642E+04  9.3280E+02
0000845   3.2097E+05 -2.8934E+03  3.7534E+03
0000846   3.0877E+05  4.7991E+03  1.7367E+04
0000847   3.0878E+05 -1.7874E+04  1.9288E+03
0000848   3.0976E+05 -2.6039E+03  5.0538E+02
0000849   3.0919E+05 -1.1870E+03  2.9564E+03
0000850   3.0577E+05 -9.2896E+03 -5.8198E+03
0000851   2.9936E+05 -2.3745E+03  2.8199E+04
0000852   2.9946E+05 -5.1586E+04  6.6547E+03
0000853   3.1500E+05 -1.9866E+04 -4.0337E+03
0000854   3.0509E+05 -3.0886E+04  1.3536E+03
0000855   3.0397E+05  1.6402E+04 -1.2871E+04
0000856   2.9843E+05 -7.3184E+03  7.7039E+03
0000857   3.0651E+05 -2.1458E+03 -7.5355E+03
0000858   3.0768E+05  5.3989E+03  2.2603E+03
0000859   3.1169E+05 -6.3978E+03 -2.0688E+04
0000860   3.0689E+05  9.7196E+03  5.8150E+03
0000861   3.0156E+05 -2.1358E+04  2.3009E+04
0000862   3.0810E+05  1.9925E+04 -2.3706E+04
0000863   3.1291E+05 -1.0768E+04  6.3217E+03
0000864   3.1753E+05  2.7060E+03  7.0711E+03
0000865   3.0975E+05  3.3689E+03  6.3549E+03
0000866   3.1738E+05  1.0683E+03 -6.9779E+02
0000867   3.0540E+05  2.6844E+04 -9.9716E+03
0000868   3.1182E+05 -1.0975E+04  2.1329E+04
0000869   3.0573E+05  1.1751E+04 -3.2803E+02
0000870   3.0612E+05  2.8367E+02 -2.5087E+02
0000871   3.1433E+05 -1.2986E+04  6.5143E+03
0000872   3.0960E+05 -7.0504E+02 -2.6326E+04
0000873   2.9518E+05 -1.1482E+03  8.8565E+03
0000874   3.1540E+05 -1.3805E+04  6.6204E+03
0000875   3.0129E+05 -1.7897E+04  1.1149E+04
0000876   3.0939E+05 -3.5874E+03 -6.1304E+03
0000877   3.0594E+05  1.8114E+04  1.7014E+03
0000878   3.0843E+05 -7.7495E+03 -1.0033E+03
0000879   3.0262E+05  8.8458E+03  1.1360E+04
0000880   3.1002E+05  2.9995E+04  7.7648E+03
0000881   3.0671E+05  2.3944E+04  5.4060E+03
0000882   3.1153E+05 -3.7122E+03  2.2864E+03
0000883   3.1775E+05 -1.2159E+04 -1.6751E+04
0000884   3.2177E+05 -6.5389E+03  5.2268E+03
0000885   3.2311E+05  1.9590E+03  1.5407E+04
0000886   3.1400E+05 -1.4003E+04  3.4387E+03
0000887   3.0830E+05  1.4917E+04 -8.2298E+03
0000888   3.1441E+05  1.0567E+04  1.6691E+03
0000889   3.0583E+05 -1.0992E+04 -1.5376E+04
0000890   3.1506E+05  1.7962E+04  7.2349E+03
0000891   3.0709E+05 -2.8401E+03  1.1447E+04
0000892   3.0059E+05  1.4632E+04 -9.6826E+03
0000893   3.0005E+05 -1.1902E+03 -1.6778E+04
0000894   3.0372E+05 -1.7874E+04 -1.3979E+04
0000895   3.0100E+05  4.4985E+03 -4.7390E+03
0000896   3.0960E+05  2.4638E+04 -2.7857E+04
0000897   3.0909E+05  9.2844E+03  7.7729E+03
0000898   3.1376E+05 -3.0183E+03  6.5384E+03
0000899   3.1454E+05  1.1377E+04  4.2738E+03
0000900   3.1511E+05  1.8215E+04 -1.1982E+04
0000901   2.9978E+05 -9.5835E+03 -3.1225E+03
0000902   3.1079E+05  2.9689E+03  1.5595E+03
0000903   3.0828E+05  4.2007E+03  9.4083E+03
0000904   3.1429E+05 -1.0846E+04 -8.4177E+03
0000905   3.0728E+05 -1.6488E+04 -3.5599E+03
0000906   3.0700E+05 -1.3404E+04  1.2568E+04
0000907   3.1955E+05  8.2522E+03 -3.9919E+03
0000908   3.0652E+05 -5.0281E+03  4.3185E+02
0000909   3.1466E+05 -3.4110E+03 -2.5360E+03
0000910   3.0963E+05 -7.5308E+03 -4.5089E+03
0000911   3.0167E+05 -8.0571E+03 -1.7217E+04
0000912   3.1577E+05  8.7786E+03  6.6983E+03
0000913   3.1095E+05 -3.2390E+02  6.4714E+03
0000914   3.0919E+05 -5.3711E+03 -8.7382E+03
0000915   3.0964E+05 -9.9307E+03 -6.2554E+02
0000916   3.0652E+05  9.7696E+03 -5.0650E+02
0000917   3.0456E+05  2.5485E+04 -1.0275E+04
0000918   3.1283E+05  1.3197E+04 -9.1834E+02
0000919   3.1345E+05  2.9097E+04 -2.4172E+03
0000920   3.0991E+05 -4.8004E+03 -2.2185E+03
0000921   3.2012E+05 -2.1728E+04  9.1471E+03
0000922   3.0345E+05  6.4918E+02  3.5973E+04
0000923   3.1679E+05 -8.3237E+03 -8.6405E+03
0000924   3.0153E+05  3.2059E+03 -1.2161E+04
0000925   3.1110E+05 -7.6081E+03  8.2365E+03
0000926   3.0477E+05  7.2274E+03  1.0264E+04
0000927   3.0589E+05  1.1631E+03  9.0680E+03
0000928   3.1620E+05  4.8755E+04  1.9984E+04
0000929   3.1321E+05  7.1652E+03 -2.0524E+03
0000930   3.0613E+05  1.5221E+04  9.8772E+03
0000931   3.0941E+05 -1.1019E+04 -3.3608E+04
0000932   3.0526E+05  1.1536E+04  1.4015E+04
0000933   3.0500E+05 -4.4993E+03  8.2693E+03
0000934   3.0868E+05 -6.5104E+03  1.2081E+04
0000935   3.1021E+05 -3.5118E+04 -2.1505E+02
0000936   3.1796E+05  6.0484E+03  7.6893E+03
0000937   3.0568E+05  4.7321E+03  1.2740E+04
0000938   3.0189E+05 -3.0088E+03 -1.2994E+04
0000939   3.0358E+05 -9.3604E+03  9.7814E+03
0000940   3.0359E+05  2.1164E+04 -3.4944E+03
0000941   3.0692E+05  6.5611E+03  9.5309E+02
0000942   3.0573E+05 -1.7069E+04  3.7624E+03
0000943   3.0706E+05 -1.0084E+03  8.3611E+03
0000944   3.0385E+05  9.2155E+03  5.3620E+03
0000945   3.0918E+05 -1.0049E+04 -5.5310E+03
0000946   3.0973E+05  1.6532E+04  2.2993E+03
0000947   3.0826E+05  5.0491E+02  6.2514E+03
0000948   3.0172E+05  1.8038E+04 -3.8523E+03
0000949   3.1558E+05  1.5748E+04 -1.9403E+04
0000950   3.1047E+05  2.0612E+04 -3.0192E+04
0000951   3.1634E+05 -2.5361E+04 -7.9972E+03
0000952   2.8258E+05 -8.2818E+03 -5.1631E+03
0000953   3.1279E+05  5.9177E+03  1.0174E+04
0000954   3.0146E+05  8.0870E+03  3.1508E+03
0000955   3.1482E+05  1.4275E+04  2.2774E+03
0000956   3.0880E+05 -1.5641E+04  7.0377E+03
0000957   3.0258E+05  4.3652E+03  6.8522E+03
0000958   3.0331E+05 -3.8864E+04  7.4693E+03
0000959   3.1270E+05 -2.0661E+03 -3.8319E+03
0000960   3.1270E+05 -7.2888E+03  6.9615E+03
0000961   3.0344E+05  6.8013E+03 -4.3245E+03
0000962   3.0390E+05  1.5392E+04 -9.1780E+03
0000963   3.0594E+05 -1.1465E+02 -3.0008E+03
0000964   3.1793E+05  2.1480E+04 -1.4882E+03
0000965   2.9690E+05  3.1642E+03 -9.0801E+02
0000966   3.0000E+05  1.1298E+04 -1.1931E+04
0000967   3.0925E+05  4.7689E+03 -2.7873E+03
0000968   3.0548E+05  3.4930E+01  2.8459E+03
0000969   3.0969E+05 -1.0085E+03 -5.2844E+03
0000970   3.0854E+05  8.3179E+03  1.9636E+03
0000971   3.1609E+05  2.4481E+03 -1.5726E+04
0000972   3.0376E+05  5.2075E+03 -2.8819E+03
0000973   3.0967E+05  8.1955E+03  5.0683E+03
0000974   3.1052E+05  1.9694E+03 -1.6378E+04
0000975   3.1926E+05  1.1231E+04 -6.1551E+03
0000976   3.0952E+05 -1.3758E+04  3.3256E+03
0000977   3.1702E+05  5.4979E+03  6.0028E+03
0000978   3.1267E+05 -5.4047E+02 -1.1951E+04
0000979   3.1397E+05  1.0328E+04  2.5851E+03
0000980   3.1295E+05 -1.1602E+03 -4.3665E+03
0000981   3.1199E+05  1.5373E+04  2.2312E+03
0000982   3.0666E+05  5.1790E+03  6.5370E+03
0000983   3.1243E+05  1.2818E+04 -1.6541E+04
0000984   3.0739E+05  1.5430E+04 -1.2495E+04
0000985   3.1628E+05 -1.0653E+04 -1.0403E+02
0000986   3.1387E+05  1.3494E+04 -4.5164E+03
0000987   3.1130E+05 -3.6705E+03  8.4989E+03
0000988   3.1540E+05  1.3942E+04  4.6646E+03
0000989   3.0820E+05 -2.1969E+04 -4.3288E+03
0000990   3.0749E+05 -4.9666E+03 -7.7776E+03
0000991   3.0952E+05  4.3192E+03 -3.5743E+03
0000992   3.1260E+05 -7.7141E+03 -2.7833E+02
0000993   2.9964E+05 -1.4889E+04 -8.2563E+03
0000994   3.1834E+05  9.1633E+02  9.2201E+03
0000995   3.1095E+05 -3.3414E+03 -8.6543E+03
0000996   3.0675E+05 -1.4547E+04  8.9464E+03
0000997   3.1342E+05 -1.8448E+04 -7.3587E+03
0000998   3.1224E+05 -2.3262E+02  1.1440E+04
0000999   3.0833E+05  4.9822E+03  7.2227E+03
0001000   3.0916E+05  1.5590E+03 -2.2921E+03
