============================== SRIM-2013.00 ==============================
==============================================================================
====== SRIM Outputs\RANGE_3D.txt : File of Final Ion Positions =====

Ion =  H (01)   Ion Mass= 001.0080
Energy  = 1400000.E-03 keV
Ion Angle to Surface = 00.0 degrees
==================== TARGET =======================
  Layer # 1 - Si_Top    
  Layer # 1 - Bottom Depth=300000.E+01 A
  Layer # 1 - Density =0002.3210 g/cm3
  Layer # 1 -  100 % of Si
икикикикикикикикикикикикикикикикикикикикикикикикикикикикикикикикикикикикикикикикикикикикикикикикикикикик
  Layer # 2 - Si_Bottom 
  Layer # 2 - Bottom Depth=600000.E+01 A
  Layer # 2 - Density =0002.3210 g/cm3
  Layer # 2 -  100 % of Si
икикикикикикикикикикикикикикикикикикикикикикикикикикикикикикикикикикикикикикикикикикикикикикикикикикикик
                                            
Ion       Depth  X   Lateral Y   Lateral Z  
Number    (Angstrom) (Angstrom)  (Angstrom) 
-------  ----------- ----------- -----------
0000001   2.7743E+05 -1.0234E+04 -8.9060E+03
0000002   2.8347E+05 -5.1285E+03 -3.1745E+03
0000003   2.7974E+05 -2.1681E+03 -1.4497E+04
0000004   2.7948E+05 -6.1856E+03  1.0860E+04
0000005   2.7279E+05 -1.3211E+04  1.5632E+04
0000006   2.7117E+05 -2.5566E+03 -2.9895E+03
0000007   2.8066E+05 -2.2043E+04  8.4419E+03
0000008   2.7025E+05 -1.8741E+04 -9.3514E+03
0000009   2.7794E+05 -2.0621E+03  1.0804E+04
0000010   2.7856E+05 -2.1395E+03 -1.1241E+04
0000011   2.7619E+05 -6.0237E+03  1.2698E+04
0000012   2.7767E+05 -2.8090E+03  5.6768E+03
0000013   2.7678E+05  2.8008E+03 -1.1630E+03
0000014   2.7920E+05 -1.5557E+04 -1.0123E+04
0000015   2.7024E+05 -2.4707E+03  6.4320E+03
0000016   2.7663E+05 -5.5818E+03  1.6897E+04
0000017   2.7710E+05 -1.8265E+03 -1.6290E+04
0000018   2.8377E+05 -8.7106E+03 -3.4026E+03
0000019   2.7717E+05 -1.2357E+04  8.8851E+03
0000020   2.6839E+05  3.1924E+03  4.4006E+03
0000021   2.7525E+05 -3.5606E+04 -1.2113E+03
0000022   2.7838E+05  2.3730E+03 -1.1061E+04
0000023   2.7285E+05 -7.3157E+03 -6.7010E+03
0000024   2.7206E+05  8.7548E+03  4.9916E+03
0000025   2.8710E+05 -7.9188E+03  1.2778E+04
0000026   2.7281E+05 -9.6268E+03  1.9531E+04
0000027   2.7596E+05  2.4713E+03 -7.7070E+03
0000028   2.7921E+05 -6.1916E+03 -1.1358E+04
0000029   2.7752E+05  1.4468E+04 -1.6856E+03
0000030   2.6936E+05  2.4933E+03 -9.0756E+03
0000031   2.7562E+05  1.8302E+03 -7.8609E+03
0000032   2.7441E+05 -5.1818E+03  4.6395E+03
0000033   2.8107E+05  1.6776E+04  1.3055E+04
0000034   2.8118E+05 -1.6199E+03 -1.1032E+04
0000035   2.6914E+05 -1.2068E+04  2.0250E+04
0000036   2.7983E+05 -1.8642E+03 -1.5720E+04
0000037   2.6464E+05  2.2894E+04  1.5023E+04
0000038   2.7758E+05  8.2826E+03 -2.9828E+03
0000039   2.7610E+05 -3.0340E+03  4.2504E+03
0000040   2.8272E+05 -1.6879E+04 -1.1431E+02
0000041   2.7436E+05 -1.1180E+04  2.5550E+03
0000042   2.6020E+05  1.5295E+04 -8.7758E+04
0000043   2.7481E+05 -1.6469E+03 -2.5618E+04
0000044   2.8980E+05  2.2622E+04  6.8501E+03
0000045   2.7165E+05 -1.2521E+04  2.5311E+03
0000046   2.7718E+05  1.8383E+04  1.0535E+04
0000047   2.7307E+05 -1.6118E+04 -1.5120E+04
0000048   2.7295E+05 -1.4319E+04  1.6726E+04
0000049   2.8017E+05  1.3861E+04 -1.4744E+04
0000050   2.7027E+05  8.8338E+03 -2.3842E+04
0000051   2.7437E+05  8.9261E+03 -6.1258E+03
0000052   2.6748E+05 -8.2998E+03  1.8809E+04
0000053   2.7644E+05 -8.2386E+03  1.2247E+03
0000054   2.7627E+05  8.5819E+03 -8.0768E+03
0000055   2.7914E+05 -6.7927E+03 -7.0887E+03
0000056   2.7563E+05  1.7528E+04 -6.0346E+03
0000057   2.8157E+05  2.0155E+04 -5.6293E+03
0000058   2.7190E+05 -8.2230E+02 -4.2527E+03
0000059   2.7283E+05  1.6913E+01  1.0635E+04
0000060   2.7368E+05  7.4253E+03  1.1638E+04
0000061   2.7727E+05 -1.8279E+03  1.0595E+03
0000062   2.8004E+05 -2.9568E+03  8.6779E+03
0000063   2.7590E+05 -2.2485E+04 -2.8956E+04
0000064   2.7849E+05 -7.9787E+03 -1.5329E+03
0000065   2.8149E+05 -3.4464E+03  9.3034E+03
0000066   2.8125E+05 -3.1039E+03  5.3191E+03
0000067   2.7949E+05 -6.4599E+03 -6.3076E+03
0000068   2.7112E+05 -1.6895E+04  2.4604E+04
0000069   2.8032E+05 -2.2766E+03  2.0903E+03
0000070   2.7257E+05  3.2826E+03 -6.3025E+03
0000071   2.7543E+05 -2.3536E+04 -7.3075E+03
0000072   2.7814E+05  6.6028E+03  3.0258E+03
0000073   2.7090E+05 -8.4450E+03  2.8174E+02
0000074   2.7303E+05 -2.9957E+04  1.3437E+04
0000075   2.7528E+05 -1.1457E+04  1.8704E+03
0000076   2.8766E+05 -5.4977E+03  1.2481E+04
0000077   2.7812E+05 -3.0573E+02 -5.0361E+03
0000078   2.8137E+05  1.2133E+04 -6.5120E+03
0000079   2.7084E+05 -3.1378E+03 -1.0564E+04
0000080   2.7597E+05  4.2666E+03  2.2762E+03
0000081   2.8054E+05  8.9659E+03  1.4718E+04
0000082   2.8460E+05 -2.2941E+03  2.1721E+04
0000083   2.7594E+05 -6.8473E+03  1.5796E+04
0000084   2.7953E+05 -5.2638E+03  1.0314E+04
0000085   2.7706E+05  1.6143E+03 -1.7296E+04
0000086   2.7554E+05 -1.6261E+04 -8.5945E+03
0000087   2.7779E+05  7.3773E+03 -2.2728E+04
0000088   2.8742E+05 -2.6685E+03 -7.6539E+03
0000089   2.8224E+05  1.1991E+04 -8.4131E+03
0000090   2.7661E+05  1.5773E+04  4.3887E+03
0000091   2.7881E+05 -8.3490E+03  1.6962E+03
0000092   2.8121E+05 -6.1215E+03 -2.8771E+03
0000093   2.7990E+05  2.2172E+04  1.3920E+04
0000094   2.4237E+05 -1.9502E+04 -2.6408E+04
0000095   2.7856E+05 -7.7933E+03  5.3585E+03
0000096   2.7591E+05 -1.8153E+04  2.1385E+04
0000097   2.7732E+05  5.6769E+03  2.3715E+04
0000098   2.8400E+05 -3.9526E+03  3.2641E+03
0000099   2.7880E+05 -4.2198E+03 -2.3303E+03
0000100   2.7956E+05 -2.2627E+04 -5.7720E+03
0000101   2.7635E+05 -3.2912E+02  2.3577E+04
0000102   2.7952E+05  6.7466E+03 -1.6465E+04
0000103   2.7736E+05 -2.2575E+03 -2.3281E+04
0000104   2.7711E+05 -7.8086E+02 -5.2781E+02
0000105   2.7859E+05 -1.0088E+04  1.6567E+04
0000106   2.7227E+05  1.6448E+04  1.7480E+02
0000107   2.7404E+05 -3.0348E+03  1.2138E+04
0000108   2.8460E+05  3.9702E+03  4.4185E+03
0000109   2.7639E+05 -3.0135E+03 -1.8911E+04
0000110   2.7534E+05  6.6850E+03  1.2836E+03
0000111   2.8258E+05 -1.4561E+04 -3.3460E+03
0000112   2.7147E+05 -1.1660E+03 -1.2655E+03
0000113   2.7206E+05 -5.1638E+03 -2.1542E+04
0000114   2.8387E+05  1.0804E+04  5.3506E+03
0000115   2.7537E+05  3.5067E+04 -2.1084E+04
0000116   2.7108E+05  3.7900E+03  5.6493E+03
0000117   2.7167E+05  2.1683E+04  1.2078E+04
0000118   2.8128E+05 -5.8001E+03  4.9729E+03
0000119   2.7488E+05 -4.3036E+03 -1.8025E+04
0000120   2.8054E+05 -1.1616E+03  5.4315E+03
0000121   2.7710E+05 -1.6441E+04  1.7249E+04
0000122   2.8620E+05  3.5432E+03 -7.1267E+02
0000123   2.8686E+05  7.4727E+03 -9.1134E+03
0000124   2.8438E+05  1.8774E+02 -8.7150E+03
0000125   2.9294E+05  1.1999E+04  5.2938E+03
0000126   2.7495E+05  3.5228E+03  1.3626E+03
0000127   2.7883E+05  5.1890E+03  5.2324E+02
0000128   2.7829E+05  9.8941E+02  1.9040E+04
0000129   2.7091E+05 -7.9455E+03 -1.7065E+03
0000130   2.7337E+05 -2.2074E+03 -2.6827E+04
0000131   2.8055E+05 -8.5022E+03 -1.5470E+04
0000132   2.8317E+05  5.6752E+03 -2.2873E+03
0000133   2.7976E+05  4.6954E+03 -6.3000E+02
0000134   2.8038E+05  1.5078E+03 -3.6344E+02
0000135   2.7983E+05 -1.7653E+03 -9.9904E+02
0000136   2.7708E+05 -3.6667E+03 -1.2660E+04
0000137   2.8408E+05  6.2606E+02  1.4869E+03
0000138   2.7948E+05  9.1216E+03 -1.0836E+03
0000139   2.7370E+05 -7.3889E+02  5.0734E+03
0000140   2.7870E+05 -6.3787E+03  1.1118E+04
0000141   2.7382E+05  1.6344E+04 -5.4142E+03
0000142   2.7357E+05 -1.5765E+04 -2.0461E+03
0000143   2.7252E+05 -3.5659E+03  1.2822E+04
0000144   2.7993E+05 -1.4196E+04  1.0072E+04
0000145   2.8615E+05 -2.4876E+03  5.2500E+03
0000146   2.7325E+05 -1.1121E+04  2.0695E+04
0000147   2.7722E+05  1.9458E+03  5.2932E+03
0000148   2.7448E+05 -7.9794E+03 -1.7060E+04
0000149   2.6677E+05 -1.9700E+03 -6.4212E+02
0000150   2.8566E+05  4.0434E+03 -5.4155E+03
0000151   2.8305E+05  2.0684E+04 -6.7207E+03
0000152   2.8078E+05 -1.5164E+04 -9.7206E+03
0000153   2.8057E+05 -3.2184E+04  1.6642E+04
0000154   2.8250E+05 -1.7368E+04  5.6396E+03
0000155   2.7962E+05  5.2162E+03  2.6155E+04
0000156   2.8912E+05 -3.8149E+03  2.0547E+03
0000157   2.7353E+05 -1.4900E+04  4.8985E+03
0000158   2.9392E+05  2.2944E+03  1.3151E+04
0000159   2.7550E+05  1.1230E+04  1.0644E+04
0000160   2.8373E+05 -2.9244E+03  3.2926E+03
0000161   2.7381E+05  4.3795E+03  5.3779E+03
0000162   2.7701E+05  4.6875E+02 -1.1296E+04
0000163   2.7970E+05  4.7656E+03  4.1322E+03
0000164   2.7686E+05 -3.3145E+03 -1.3853E+04
0000165   2.7277E+05  4.6270E+03 -1.7773E+04
0000166   2.8173E+05  6.2877E+02 -1.7424E+04
0000167   2.7884E+05 -3.6412E+03  9.7220E+03
0000168   2.8127E+05 -1.9346E+03  2.1855E+03
0000169   2.7296E+05 -1.4556E+04  5.2844E+03
0000170   2.7515E+05 -1.0523E+04 -7.4389E+03
0000171   2.7796E+05  1.1043E+04 -2.7476E+02
0000172   2.6809E+05 -5.0643E+03 -1.1089E+04
0000173   2.8204E+05  1.0944E+04  1.3490E+04
0000174   2.7641E+05 -1.2025E+04  3.0981E+03
0000175   2.6876E+05 -3.0767E+03 -1.3470E+04
0000176   2.7128E+05  4.4085E+03  1.3685E+04
0000177   2.8478E+05 -9.4357E+03 -1.6769E+04
0000178   2.7160E+05  1.1869E+04  1.1891E+04
0000179   2.7593E+05 -2.9630E+03 -5.1167E+03
0000180   2.8014E+05  4.8860E+03  2.6912E+03
0000181   2.7876E+05 -4.3070E+03 -4.7492E+03
0000182   2.7201E+05 -7.8852E+03 -3.5939E+03
0000183   2.7501E+05  5.3336E+02 -1.8887E+04
0000184   2.7436E+05 -6.4801E+03 -3.6115E+03
0000185   2.8494E+05  2.9773E+03 -7.0980E+03
0000186   2.8159E+05  1.4216E+02  8.4510E+01
0000187   2.7699E+05 -2.2074E+04 -1.1775E+04
0000188   2.8174E+05  1.1270E+03  6.0122E+03
0000189   2.7595E+05  1.1815E+04  4.5987E+03
0000190   2.7764E+05  2.3852E+03  1.8739E+03
0000191   2.7690E+05 -9.1310E+03  8.6164E+03
0000192   2.7095E+05 -9.2962E+03  1.6679E+04
0000193   2.6974E+05  5.8049E+03  3.6887E+03
0000194   2.7572E+05  2.0894E+04  3.1265E+04
0000195   2.7766E+05  1.0474E+04  1.3396E+04
0000196   2.8169E+05 -1.4433E+04 -4.1463E+02
0000197   2.7472E+05  5.3070E+03  1.0553E+04
0000198   2.7394E+05  3.3610E+02  2.4991E+04
0000199   2.8035E+05 -1.1270E+04  1.2137E+04
0000200   2.7719E+05  6.3274E+03 -4.5633E+03
0000201   2.7562E+05 -2.0537E+04 -5.8226E+03
0000202   2.7619E+05  8.1823E+03 -1.5389E+02
0000203   2.6291E+05 -9.7334E+02 -5.1004E+03
0000204   2.8308E+05  6.5576E+03 -1.3890E+04
0000205   2.6431E+05 -1.9427E+04 -8.9220E+03
0000206   2.8112E+05  3.0348E+03 -8.2656E+03
0000207   2.7861E+05  3.1775E+03 -7.5918E+03
0000208   2.7401E+05  2.5119E+03 -6.2705E+03
0000209   2.6461E+05 -9.8965E+03  1.5282E+03
0000210   2.8610E+05 -2.1940E+03 -3.1345E+03
0000211   2.7237E+05  8.3105E+03 -1.3950E+04
0000212   2.8268E+05  3.2399E+03 -1.8239E+04
0000213   2.8154E+05 -4.7437E+03  6.2149E+03
0000214   2.7645E+05  1.1021E+04 -2.0647E+04
0000215   2.7575E+05  2.9074E+04 -6.9245E+03
0000216   2.8158E+05  4.7596E+03  4.8165E+03
0000217   2.8581E+05  2.3769E+03  7.5694E+03
0000218   2.6858E+05 -1.3733E+03 -5.8102E+03
0000219   2.7804E+05 -2.6768E+03  4.2431E+03
0000220   2.8215E+05  9.4814E+03  5.3251E+03
0000221   2.7166E+05 -1.0623E+04  1.0177E+04
0000222   2.8253E+05 -5.4910E+03 -1.0627E+03
0000223   2.8545E+05 -2.1340E+04  7.9199E+03
0000224   2.7445E+05 -4.3465E+03  1.7098E+04
0000225   2.7956E+05 -6.8403E+02 -2.2184E+03
0000226   2.7613E+05  9.5324E+03  2.4733E+03
0000227   2.7783E+05  2.6592E+03 -9.6922E+02
0000228   2.8835E+05  4.7444E+03 -4.5999E+03
0000229   2.7313E+05  2.3126E+04 -3.5313E+03
0000230   2.7361E+05  6.0387E+03  9.9222E+03
0000231   2.7461E+05 -6.6941E+03 -8.4326E+03
0000232   2.8097E+05 -5.1643E+03  4.8998E+03
0000233   2.7553E+05 -3.6369E+03 -7.5887E+03
0000234   2.9015E+05 -1.1752E+04 -1.6919E+03
0000235   2.9385E+05  1.3263E+03 -2.5821E+03
0000236   2.7487E+05  5.3342E+03  6.6720E+03
0000237   2.8152E+05 -4.1345E+03 -4.4703E+03
0000238   2.7547E+05  5.9058E+03  2.6464E+04
0000239   2.8991E+05 -1.4872E+04  8.7819E+03
0000240   2.7386E+05 -5.0905E+03  3.6289E+02
0000241   2.8288E+05  9.5753E+03 -4.9871E+03
0000242   2.6916E+05 -9.6231E+03  5.3961E+03
0000243   2.7666E+05 -1.0857E+04 -1.0877E+04
0000244   2.7922E+05  8.8276E+03 -1.4240E+04
0000245   2.7931E+05 -1.9862E+04  3.2935E+04
0000246   2.6743E+05  5.7873E+04 -2.4752E+03
0000247   2.8277E+05 -7.6028E+03 -1.7540E+04
0000248   2.8192E+05  1.6795E+04 -1.5204E+04
0000249   2.7608E+05  3.8300E+02 -1.8560E+04
0000250   2.7549E+05 -2.9158E+02 -1.8703E+04
0000251   2.8006E+05  1.7503E+04 -2.6730E+03
0000252   2.7735E+05 -5.3953E+03 -2.8078E+03
0000253   2.7747E+05 -8.8218E+02  1.5479E+03
0000254   2.6583E+05 -1.4508E+04  1.2716E+04
0000255   2.8381E+05  4.7264E+03  1.8870E+04
0000256   2.8239E+05  5.8103E+03 -5.6790E+03
0000257   2.7844E+05 -4.8709E+03  7.1177E+03
0000258   2.8523E+05 -8.5420E+03 -7.7695E+03
0000259   2.8121E+05  5.5616E+03  2.1875E+02
0000260   2.7872E+05  4.7786E+03 -5.1073E+03
0000261   2.7327E+05 -1.8984E+01 -1.3066E+04
0000262   2.8134E+05 -3.1626E+03  9.0807E+03
0000263   2.6952E+05  7.0582E+03 -1.8446E+04
0000264   2.6831E+05  4.8327E+03  7.4089E+03
0000265   2.8133E+05 -1.9831E+04  1.1535E+03
0000266   2.7834E+05 -1.2954E+04  4.0761E+02
0000267   2.8451E+05  8.2457E+03 -1.2487E+04
0000268   2.7954E+05 -9.3305E+03  4.0871E+03
0000269   2.6854E+05 -6.2655E+03 -4.5666E+03
0000270   2.7957E+05 -9.4748E+03  2.0192E+04
0000271   2.7759E+05 -7.1418E+02 -4.8051E+03
0000272   2.7100E+05  4.2925E+04  3.8906E+04
0000273   2.7958E+05  3.5807E+03 -5.4418E+01
0000274   2.8565E+05  1.6651E+04  1.2299E+04
0000275   2.8238E+05  1.9249E+03 -1.8287E+03
0000276   2.8392E+05 -9.7454E+02  8.7809E+03
0000277   2.7917E+05 -1.6179E+04  1.5498E+03
0000278   2.7073E+05 -1.1567E+04  3.7942E+03
0000279   2.8578E+05  3.6757E+03  9.8579E+02
0000280   2.8089E+05  3.8821E+03  3.9426E+01
0000281   2.7761E+05 -8.9635E+03 -1.1953E+03
0000282   2.8491E+05  2.9693E+02 -1.7818E+04
0000283   2.8480E+05 -1.5076E+04  1.8303E+03
0000284   2.7933E+05  4.0948E+03  3.9098E+03
0000285   2.7089E+05 -7.9749E+03  8.7261E+03
0000286   2.7278E+05 -4.1870E+03 -3.5924E+03
0000287   2.7652E+05 -1.3893E+04  7.2582E+02
0000288   2.7135E+05  1.0380E+04  8.5488E+03
0000289   2.7124E+05  1.1866E+04 -1.0410E+04
0000290   2.7850E+05 -7.2074E+03  3.3928E+03
0000291   2.7803E+05  1.0855E+04  1.4025E+03
0000292   2.7197E+05 -6.0278E+03 -2.1375E+03
0000293   2.7530E+05  9.9971E+03  1.0363E+04
0000294   2.7576E+05 -4.4134E+03 -1.2364E+04
0000295   2.8261E+05 -2.5619E+03 -6.2671E+03
0000296   2.6739E+05 -2.3480E+04 -4.6546E+04
0000297   2.7841E+05 -2.6157E+03  1.5754E+04
0000298   2.7014E+05  1.2552E+04  4.4356E+04
0000299   2.8038E+05  4.4484E+03  6.2992E+03
0000300   2.7046E+05 -2.5475E+04  1.0564E+04
0000301   2.7546E+05  3.8854E+03  1.3062E+04
0000302   2.8385E+05  9.0224E+03  3.3371E+03
0000303   2.6810E+05 -2.8052E+04 -6.7021E+03
0000304   2.7374E+05  1.2471E+04  3.9715E+03
0000305   2.7472E+05  2.7690E+03  4.5611E+03
0000306   2.7349E+05 -6.6783E+03 -6.0499E+03
0000307   2.8236E+05  8.0299E+02 -4.7630E+03
0000308   2.3642E+05 -5.0160E+04 -3.7374E+04
0000309   2.6869E+05  2.0297E+04 -1.1210E+04
0000310   2.6723E+05  5.5888E+03 -6.4681E+03
0000311   2.8086E+05  6.4524E+01 -8.3737E+03
0000312   2.7222E+05 -3.0922E+04 -2.0900E+04
0000313   2.8563E+05  6.7208E+02  1.0874E+04
0000314   2.7471E+05 -8.8805E+03  2.1393E+03
0000315   2.7641E+05 -2.2097E+04  1.0696E+04
0000316   2.7605E+05 -7.9301E+03  1.1069E+02
0000317   2.8236E+05 -1.7655E+04  1.0076E+04
0000318   2.8012E+05  4.0070E+03 -1.1038E+03
0000319   2.7521E+05 -7.0467E+03  3.1726E+03
0000320   2.8356E+05 -1.3596E+03 -9.6090E+02
0000321   2.8239E+05 -2.1224E+03  1.5633E+03
0000322   2.7825E+05  9.9979E+03 -7.6792E+03
0000323   2.7052E+05  2.8368E+04 -5.4779E+03
0000324   2.7639E+05  6.5742E+03 -1.4847E+03
0000325   2.8127E+05  8.4762E+03 -2.2835E+01
0000326   2.8108E+05  1.6404E+04 -2.5170E+02
0000327   2.8752E+05  1.0030E+04  2.9418E+04
0000328   2.7449E+05 -1.7754E+03 -1.6693E+04
0000329   2.7552E+05  9.3726E+03  1.2675E+04
0000330   2.8806E+05  3.7896E+03  1.1675E+04
0000331   2.8459E+05  2.1123E+03 -5.1025E+03
0000332   2.8520E+05 -4.6102E+03  1.2588E+04
0000333   2.8009E+05 -1.7550E+04  1.2749E+04
0000334   2.7697E+05 -1.2492E+04  6.4769E+03
0000335   2.7897E+05  3.1241E+04 -2.6227E+04
0000336   2.8212E+05 -9.4452E+03 -2.6451E+04
0000337   2.7248E+05  2.0209E+03 -5.9625E+03
0000338   2.8190E+05  3.3785E+02  5.3396E+03
0000339   2.7282E+05 -1.2716E+04 -9.2024E+03
0000340   2.8181E+05 -1.4157E+04  6.4832E+01
0000341   2.7858E+05 -6.7324E+03  1.1092E+04
0000342   2.7516E+05 -3.8285E+03  8.8384E+02
0000343   2.7786E+05 -1.1612E+04 -1.6822E+04
0000344   2.6863E+05  9.4380E+03  1.7350E+04
0000345   2.7545E+05  9.3973E+03  1.9800E+04
0000346   2.8127E+05  1.0183E+04 -1.3607E+04
0000347   2.7895E+05 -8.9678E+03  1.0397E-02
0000348   2.7371E+05  2.9321E+02  1.2433E+04
0000349   2.7723E+05  1.0203E+04 -9.4963E+03
0000350   2.8568E+05 -6.7558E+03 -8.3470E+03
0000351   2.8020E+05 -1.3900E+03  8.7031E+03
0000352   2.7820E+05  1.9828E+04 -6.2226E+03
0000353   2.9031E+05  1.3943E+04  5.6733E+03
0000354   2.8804E+05 -8.3967E+03  1.2293E+04
0000355   2.8069E+05  5.1078E+03 -9.9867E+03
0000356   2.7269E+05  3.0045E+04 -1.9570E+04
0000357   2.8483E+05 -1.5958E+04  7.4643E+03
0000358   2.8288E+05  5.8688E+03 -1.2327E+04
0000359   2.7350E+05  1.2628E+04  7.6815E+03
0000360   2.6598E+05  5.0720E+03 -9.6457E+03
0000361   2.6552E+05 -6.4057E+04  2.0391E+03
0000362   2.7176E+05 -1.2998E+04  7.0234E+03
0000363   2.7891E+05  7.2923E+03  1.7751E+04
0000364   2.6638E+05  1.1731E+04 -4.6950E+03
0000365   2.6682E+05  4.3786E+03  8.1342E+03
0000366   2.7609E+05 -1.2262E+04  9.1038E+03
0000367   2.7756E+05 -1.2157E+04 -2.9505E+03
0000368   2.7880E+05  6.2162E+03 -4.3743E+04
0000369   2.7653E+05 -1.9051E+03  8.3700E+03
0000370   2.8883E+05  1.0376E+04  2.2566E+03
0000371   2.7849E+05  1.0287E+02  7.7128E+03
0000372   2.7995E+05 -3.2179E+03 -4.9929E+03
0000373   2.7798E+05  1.6131E+03  1.1517E+04
0000374   2.8362E+05 -6.8193E+03 -5.8246E+03
0000375   2.6903E+05 -1.1296E+02  1.5392E+03
0000376   2.7926E+05  1.6987E+04 -8.1738E+03
0000377   2.7246E+05  3.3448E+03 -1.3918E+04
0000378   2.8530E+05  5.1967E+03 -1.6032E+04
0000379   2.7587E+05  1.6071E+04 -2.4255E+04
0000380   2.7556E+05  1.0581E+04  2.2229E+04
0000381   2.7237E+05  7.7717E+03 -1.6056E+04
0000382   2.8287E+05 -5.7802E+03  5.4558E+03
0000383   2.7168E+05  1.0384E+04 -9.0342E+03
0000384   2.8368E+05  1.2887E+04  2.9890E+03
0000385   2.8117E+05 -1.1261E+04 -9.7457E+03
0000386   2.7124E+05 -6.0463E+03  1.0043E+04
0000387   2.7542E+05  7.7216E+03 -7.7087E+03
0000388   2.7427E+05  1.6533E+03 -2.1956E+04
0000389   2.8342E+05  2.4165E+03  1.6241E+04
0000390   2.8458E+05 -1.1407E+04  1.2831E+04
0000391   2.8379E+05  1.2908E+03 -5.4267E+02
0000392   2.7743E+05  9.6639E+03  1.2681E+03
0000393   2.6287E+05 -1.2725E+04 -9.6502E+03
0000394   2.7770E+05  1.5021E+04  1.1266E+03
0000395   2.6289E+05  9.2695E+03  4.3949E+04
0000396   2.7021E+05  1.6566E+04  5.9975E+03
0000397   2.7927E+05  3.5534E+03 -7.9682E+03
0000398   2.8865E+05  4.5962E+03  7.1093E+03
0000399   2.7755E+05 -5.8931E+03  1.0472E+04
0000400   2.7238E+05  1.2743E+04  1.5861E+04
0000401   2.7984E+05 -5.1340E+03  1.7445E+04
0000402   2.7755E+05  2.1282E+04  1.1866E+04
0000403   2.7336E+05 -9.7333E+03 -3.6166E+03
0000404   2.6882E+05 -4.9976E+03 -2.0230E+04
0000405   2.8778E+05 -3.5516E+03 -8.4644E+03
0000406   2.7489E+05 -5.8761E+03  9.2032E+03
0000407   2.7211E+05 -8.7978E+03  1.2825E+04
0000408   2.7353E+05  9.4380E+03 -1.2998E+04
0000409   2.8301E+05  1.2049E+03  8.5433E+03
0000410   2.8250E+05 -1.3515E+04 -1.8717E+03
0000411   2.7441E+05  3.5507E+03  2.2835E+03
0000412   2.8114E+05  6.2944E+03  2.1408E+03
0000413   2.7134E+05 -1.6973E+03 -9.2473E+03
0000414   2.7568E+05 -1.3577E+04 -5.2350E+03
0000415   2.7155E+05  3.4009E+04 -1.2060E+04
0000416   2.7441E+05  6.6550E+03 -1.6233E+03
0000417   2.8087E+05  5.9363E+03 -2.4937E+04
0000418   2.7762E+05  1.1903E+04  2.5851E+03
0000419   2.8017E+05  4.5197E+03 -1.1579E+04
0000420   1.7348E+05 -5.8813E+04 -1.7112E+05
0000421   2.7111E+05  1.4485E+04 -1.7054E+04
0000422   2.6985E+05 -4.4924E+03 -1.3594E+04
0000423   2.7500E+05  2.0718E+04  8.9717E+03
0000424   2.7875E+05  8.0652E+03 -1.4420E+04
0000425   2.8236E+05  6.9207E+03  6.0831E+03
0000426   2.8748E+05 -7.1240E+03 -5.5702E+03
0000427   2.8133E+05  5.9319E+03  3.2111E+03
0000428   2.6875E+05 -1.5706E+03  8.3602E+03
0000429   2.7581E+05  3.2157E+03  8.4525E+03
0000430   2.7673E+05  6.1963E+03 -7.6204E+03
0000431   2.7052E+05 -1.6478E+04  4.9029E+03
0000432   2.7997E+05  1.8347E+04 -1.0645E+04
0000433   2.7475E+05 -5.7496E+03  2.2882E+04
0000434   2.7244E+05 -2.8763E+03  1.6657E+04
0000435   2.7623E+05 -8.2593E+03  4.7287E+03
0000436   2.7605E+05 -6.4635E+03  3.5133E+03
0000437   2.7794E+05  2.3834E+03 -6.1951E+03
0000438   2.7848E+05  1.7019E+03  8.4217E+03
0000439   2.6914E+05 -1.0509E+04 -1.0304E+04
0000440   2.7528E+05 -2.3045E+04  5.2321E+03
0000441   2.7775E+05  1.5248E+04  5.1331E+03
0000442   2.8285E+05 -9.2664E+03  5.9018E+03
0000443   2.7706E+05 -6.4228E+03 -5.2755E+03
0000444   2.7288E+05  1.3443E+04 -1.3172E+03
0000445   2.7948E+05  1.6281E+04 -1.0112E+03
0000446   2.8268E+05  8.3438E+03  1.2505E+04
0000447   2.7291E+05 -4.8649E+03 -2.5204E+03
0000448   2.7101E+05  2.5503E+04 -7.8779E+02
0000449   2.8227E+05  1.0495E+04 -2.1556E+03
0000450   2.7241E+05  8.7722E+03 -4.8031E+03
0000451   2.8680E+05 -1.1033E+04  6.5326E+01
0000452   2.7647E+05  5.7572E+03  2.0297E+04
0000453   2.9066E+05  9.2682E+02  9.8315E+03
0000454   2.7587E+05  4.0000E+03  3.8794E+03
0000455   2.8427E+05 -1.5603E+04 -1.5690E+04
0000456   2.8233E+05  2.0394E+03 -4.4365E+03
0000457   2.7977E+05  2.2553E+03 -5.6670E+03
0000458   2.6847E+05 -3.8072E+04  6.5996E+03
0000459   2.7890E+05 -8.3468E+03 -1.8412E+04
0000460   2.7493E+05 -4.1864E+04 -1.0223E+04
0000461   2.7100E+05  5.2947E+02 -8.5051E+01
0000462   2.8054E+05 -8.4706E+03  2.0994E+03
0000463   2.7351E+05 -8.4614E+02 -1.4756E+04
0000464   2.8090E+05  4.1359E+03 -7.0759E+03
0000465   2.8313E+05 -1.1503E+04  1.2044E+04
0000466   2.6625E+05 -9.8341E+03 -1.3785E+04
0000467   2.7451E+05 -5.9554E+03 -1.7038E+03
0000468   2.8000E+05  1.6064E+04  1.1810E+03
0000469   2.6995E+05 -2.6962E+03  3.0049E+04
0000470   2.8025E+05  1.3256E+03  4.0873E+03
0000471   2.7150E+05 -6.2506E+03  4.1836E+04
0000472   2.8952E+05 -9.1928E+03 -9.2043E+03
0000473   2.7108E+05 -8.8063E+03 -4.7031E+02
0000474   2.8618E+05  8.6051E+03 -1.0952E+04
0000475   2.7306E+05  1.4354E+04 -1.7734E+04
0000476   2.8253E+05 -4.2875E+03  3.0724E+03
0000477   2.7824E+05  3.9187E+03 -2.9042E+02
0000478   2.8420E+05  1.2438E+04 -8.5800E+03
0000479   2.7505E+05 -1.5202E+04 -1.5256E+04
0000480   2.8407E+05 -6.8936E+03  1.3775E+03
0000481   2.6884E+05  3.0009E+03 -6.0639E+03
0000482   2.7802E+05  7.9078E+02 -4.2575E+03
0000483   2.7257E+05  7.5119E+02 -8.2312E+03
0000484   2.7413E+05  6.1046E+03  2.9411E+01
0000485   2.7869E+05 -5.2995E+03  6.9638E+03
0000486   2.8911E+05 -8.0744E+03 -9.3072E+03
0000487   2.8536E+05  5.8498E+03  2.7921E+04
0000488   2.8460E+05 -4.7593E+02  4.8891E+03
0000489   2.7568E+05  9.3696E+03  1.3948E+04
0000490   2.7431E+05  6.5065E+03  1.4392E+03
0000491   2.7457E+05  8.9875E+03  4.4243E+03
0000492   2.7826E+05 -1.4885E+03 -1.4282E+04
0000493   2.7160E+05 -1.4383E+04  4.0446E+03
0000494   2.8385E+05  8.2025E+03 -2.0840E+04
0000495   2.8401E+05 -1.3329E+04  1.7200E+04
0000496   2.7803E+05 -1.4490E+03 -1.0481E+04
0000497   2.8025E+05  3.2429E+03 -9.0513E+02
0000498   2.8072E+05 -1.5138E+03 -4.2236E+03
0000499   2.7491E+05 -7.1438E+03 -9.9424E+03
0000500   2.8619E+05 -1.0924E+03 -1.3055E+04
0000501   2.4068E+05  5.6046E+03 -3.1241E+04
0000502   2.7306E+05  4.6726E+03  3.3329E+02
0000503   2.8267E+05 -4.2779E+01  8.4730E+03
0000504   2.7630E+05 -1.3507E+04  1.4162E+04
0000505   2.8701E+05  4.2253E+03 -1.9383E+03
0000506   2.7504E+05 -5.6520E+03  3.4403E+03
0000507   2.8147E+05  8.6281E+03 -6.9162E+02
0000508   2.8913E+05 -8.0947E+03  1.7212E+04
0000509   2.7544E+05 -1.1085E+04 -2.0340E+04
0000510   2.7290E+05  3.7926E+03 -1.7737E+04
0000511   2.7862E+05  2.1996E+04 -1.3159E+04
0000512   2.7222E+05  1.8061E+04  1.1838E+03
0000513   2.7346E+05  6.2961E+03  6.2195E+03
0000514   2.7334E+05 -1.2952E+04 -3.2184E+04
0000515   2.7685E+05 -1.4915E+04 -5.5069E+02
0000516   2.7981E+05 -8.1019E+03  1.6749E+04
0000517   2.7490E+05  6.1521E+03  1.5856E+04
0000518   2.8169E+05 -2.7404E+03  4.1804E+03
0000519   2.7941E+05 -1.8047E+03 -1.3798E+04
0000520   2.7213E+05 -1.0359E+04 -8.7261E+03
0000521   2.7136E+05 -2.6267E+03 -5.4702E+03
0000522   2.7729E+05  3.0886E+03 -3.0586E+03
0000523   2.8470E+05  6.1014E+03 -3.6067E+03
0000524   2.6977E+05 -1.2068E+04  9.3805E+03
0000525   2.4898E+05 -4.8062E+04  9.7858E+04
0000526   2.8066E+05  6.1300E+02  4.7398E+03
0000527   2.6647E+05 -1.2835E+04  3.4352E+03
0000528   2.7598E+05 -1.9045E+04  2.8611E+04
0000529   2.8576E+05  1.4941E+04  1.3874E+04
0000530   2.7386E+05  8.5373E+03 -1.3849E+04
0000531   2.8117E+05  1.5667E+04 -7.5928E+02
0000532   2.7918E+05  1.6630E+03 -3.8068E+03
0000533   2.7302E+05  1.4909E+04 -1.4813E+03
0000534   2.7251E+05 -2.5339E+04  3.0306E+04
0000535   2.7855E+05 -2.8984E+03  3.7368E+03
0000536   2.9011E+05  4.1870E+03 -1.0205E+04
0000537   2.7629E+05 -8.0768E+03  1.0611E+04
0000538   2.7883E+05  3.8339E+02 -1.3683E+04
0000539   2.8473E+05 -6.9611E+03 -2.4525E+03
0000540   2.6760E+05 -1.8166E+04 -2.0235E+04
0000541   2.7336E+05  1.9977E+04 -1.5369E+04
0000542   2.7289E+05 -3.4420E+02 -3.7118E+03
0000543   2.7749E+05  1.5895E+04  1.0675E+04
0000544   2.7427E+05 -2.0967E+03  2.6067E+04
0000545   2.6979E+05 -8.7264E+03 -1.9776E+04
0000546   2.7392E+05 -9.6081E+03 -1.3737E+04
0000547   2.7293E+05  1.1444E+04  2.6423E+03
0000548   2.7467E+05  1.3815E+03  3.3224E+03
0000549   2.6835E+05  4.7942E+04 -1.7642E+04
0000550   2.8138E+05 -7.1673E+03 -3.0918E+04
0000551   2.8082E+05  3.2156E+03 -2.0475E+03
0000552   2.8548E+05 -7.2792E+03  3.5228E+03
0000553   2.7761E+05 -1.1328E+03 -3.4652E+03
0000554   2.7277E+05 -4.5294E+03  3.5656E+03
0000555   2.8301E+05  1.0459E+04  2.9026E+03
0000556   2.7702E+05 -2.4591E+04  9.1959E+02
0000557   2.7985E+05 -2.0914E+03  4.3390E+03
0000558   2.7990E+05 -2.5564E+04  5.0398E+03
0000559   2.8461E+05  2.6268E+02  1.2287E+04
0000560   2.6927E+05  2.0038E+03 -3.9561E+03
0000561   2.7930E+05 -8.4242E+03 -1.0897E+04
0000562   2.6883E+05  5.9409E+03  4.9614E+03
0000563   2.7524E+05  1.0412E+04 -2.4194E+02
0000564   2.7674E+05 -6.7645E+03 -4.0528E+03
0000565   2.7314E+05 -7.0709E+03  1.4698E+04
0000566   2.8218E+05  2.6899E+02  3.7347E+03
0000567   2.7176E+05  1.1148E+04 -1.0838E+04
0000568   2.6955E+05 -1.3497E+04  1.3082E+04
0000569   2.8097E+05  1.7639E+04 -6.9195E+03
0000570   2.7321E+05  4.2726E+03  3.0143E+04
0000571   2.8011E+05  1.2217E+04 -1.0826E+03
0000572   2.7784E+05  3.0000E+04  3.8292E+03
0000573   2.7666E+05 -1.0735E+03 -1.5229E+04
0000574   2.7880E+05  1.4513E+03 -3.4640E+03
0000575   2.6892E+05  1.6227E+04  4.2855E+04
0000576   2.7026E+05  6.5718E+03  4.2960E+02
0000577   2.7371E+05 -4.4478E+03  9.1711E+03
0000578   2.7767E+05 -6.7878E+03 -2.2239E+04
0000579   2.7771E+05  2.1902E+02  4.5063E+03
0000580   2.7334E+05  1.4832E+02  1.8453E+03
0000581   2.7467E+05  7.7893E+03 -2.5850E+02
0000582   2.8450E+05  1.3415E+04 -2.9995E+03
0000583   2.9285E+05  5.4211E+02  6.6431E+03
0000584   2.8736E+05  9.3895E+03  1.3838E+04
0000585   2.7944E+05  4.8055E+02  2.3398E+04
0000586   2.7690E+05  7.4401E+03 -2.1110E+03
0000587   2.7469E+05 -4.8818E+03  9.7685E+02
0000588   2.7337E+05  4.7983E+03  1.3871E+04
0000589   2.7752E+05  2.0798E+04  6.7203E+03
0000590   2.7215E+05  1.2312E+04 -1.3097E+04
0000591   2.7164E+05  2.5091E+04  2.8401E+03
0000592   2.8810E+05 -1.1105E+04 -4.2498E+03
0000593   2.7554E+05 -5.0751E+03 -1.1054E+04
0000594   2.7464E+05 -1.9861E+04  2.9182E+02
0000595   2.8060E+05 -1.3672E+02  1.3428E+03
0000596   2.8036E+05  9.7054E+03 -1.7363E+04
0000597   2.7129E+05  2.6434E+04  2.0829E+04
0000598   2.7592E+05  1.5941E+04 -9.0019E+02
0000599   2.8543E+05  2.0864E+03 -1.1999E+04
0000600   2.7920E+05  1.9246E+04  2.3283E+04
0000601   2.8053E+05  9.2157E+03 -2.7812E+03
0000602   2.7162E+05 -1.8833E+04  2.3234E+04
0000603   2.7883E+05 -2.6837E+03 -1.5802E+04
0000604   2.8130E+05  2.3264E+04  4.8471E+03
0000605   2.6536E+05  3.1031E+03 -4.3169E+03
0000606   2.8998E+05  6.5573E+03  1.2312E+04
0000607   2.8280E+05  7.2486E+03 -2.4629E+03
0000608   2.7560E+05  8.5400E+03 -1.8368E+04
0000609   2.6309E+05 -7.2290E+03 -3.9090E+04
0000610   2.7386E+05 -2.3835E+04 -4.9148E+04
0000611   2.7103E+05  5.2528E+03 -2.0205E+03
0000612   2.7503E+05 -5.7221E+03  1.5586E+04
0000613   2.7743E+05  2.4959E+04 -8.3184E+03
0000614   2.7801E+05  1.3791E+04 -3.9392E+02
0000615   2.8456E+05 -3.8321E+03  5.1160E+03
0000616   2.7737E+05 -1.2320E+03  8.7888E+02
0000617   2.8738E+05 -2.4179E+04  8.6317E+03
0000618   2.7557E+05 -1.2427E+04 -4.1832E+02
0000619   2.8460E+05  1.2869E+04 -1.2553E+04
0000620   2.7716E+05 -2.6581E+03 -1.6073E+03
0000621   2.7761E+05  2.6808E+03  4.0092E+03
0000622   2.8291E+05 -1.3093E+04  5.0268E+03
0000623   2.7952E+05 -1.1139E+04 -1.2200E+04
0000624   2.7624E+05  1.3194E+04 -1.4484E+04
0000625   2.8135E+05  1.6783E+04 -8.9718E+03
0000626   2.6764E+05  1.8764E+04 -1.8392E+04
0000627   2.8260E+05 -3.2163E+04 -3.5985E+03
0000628   2.7293E+05  4.8233E+03 -1.5187E+02
0000629   2.7738E+05 -6.9043E+03  8.1628E+03
0000630   2.7886E+05  1.3521E+04 -6.4332E+03
0000631   2.7558E+05  9.1455E+03 -1.1495E+04
0000632   2.7709E+05  4.0740E+03  1.4733E+03
0000633   2.7178E+05  2.5440E+03  1.0037E+04
0000634   2.8319E+05 -1.6744E+03  7.3824E+03
0000635   2.7960E+05 -5.3322E+03 -2.5311E+04
0000636   2.8316E+05  2.2298E+03 -7.7338E+03
0000637   2.8048E+05 -1.3822E+04 -6.7327E+03
0000638   2.8265E+05 -1.1829E+04 -4.6357E+03
0000639   2.8991E+05 -7.1187E+02  1.5293E+04
0000640   2.7754E+05  4.7908E+03 -4.0899E+02
0000641   2.8758E+05 -1.3230E+04 -2.0788E+04
0000642   2.8341E+05 -9.3514E+03 -1.3823E+04
0000643   2.7493E+05  4.8841E+03  3.8018E+02
0000644   2.7926E+05  2.0326E+04  1.0334E+04
0000645   2.7502E+05  4.6240E+03  6.8494E+03
0000646   2.6483E+05  1.8964E+04  1.8470E+04
0000647   2.7728E+05  1.2376E+02  9.6763E+03
0000648   2.9379E+05 -3.6137E+02  1.8878E+03
0000649   2.7808E+05 -1.7826E+03 -5.3618E+03
0000650   2.8325E+05  2.1273E+03  6.5842E+03
0000651   2.7862E+05 -1.5450E+04  9.4620E+03
0000652   2.7652E+05  9.9182E+03  7.1276E+03
0000653   2.7962E+05  5.9390E+03  8.0194E+03
0000654   2.6859E+05  6.4728E+03  4.0431E+03
0000655   2.8412E+05 -8.4627E+03  7.1129E+02
0000656   2.8420E+05  1.7399E+03  5.7541E+03
0000657   2.7030E+05 -2.6189E+03  1.3820E+04
0000658   2.7493E+05 -1.9626E+04 -2.1132E+04
0000659   2.7316E+05 -7.5810E+03 -4.9659E+03
0000660   2.8112E+05 -7.1118E+03  6.1952E+03
0000661   1.9068E+05 -1.4682E+05 -4.0218E+04
0000662   2.7541E+05 -9.4349E+03 -2.3923E+04
0000663   2.7846E+05 -6.8307E+03  2.3014E+04
0000664   2.8040E+05  4.6932E+03  1.5449E+04
0000665   2.7169E+05  5.1714E+03  3.7364E+03
0000666   2.7300E+05  8.1947E+03  1.4916E+04
0000667   2.7230E+05  6.3091E+03 -1.4899E+04
0000668   2.7465E+05  2.9726E+04 -1.8664E+04
0000669   2.7865E+05 -2.3639E+03  2.3867E+03
0000670   2.7456E+05  1.0928E+03 -1.7355E+03
0000671   2.7637E+05 -1.3703E+04 -1.3539E+03
0000672   2.7483E+05 -4.5935E+03 -1.2917E+04
0000673   2.8307E+05 -1.1279E+03 -9.2131E+03
0000674   2.6964E+05  1.3903E+04 -1.7867E+04
0000675   2.8162E+05  5.0293E+03 -2.2803E+03
0000676   2.7405E+05 -7.3291E+03  1.9923E+04
0000677   2.7496E+05  9.9922E+02  1.4866E+04
0000678   2.8543E+05 -3.0996E+03  8.5140E+03
0000679   2.7967E+05  1.1178E+04 -8.8201E+03
0000680   2.7490E+05  3.3119E+04  8.4900E+01
0000681   2.7721E+05  1.3065E+03  1.9965E+04
0000682   2.7866E+05 -9.3187E+03  2.3938E+03
0000683   2.7332E+05 -2.6934E+03  1.0660E+04
0000684   2.7630E+05  6.4862E+03 -9.3551E+03
0000685   2.7195E+05 -1.6476E+04 -7.1036E+02
0000686   2.8878E+05  1.2104E+03 -1.9443E+03
0000687   2.6255E+05  1.4465E+04  3.4748E+03
0000688   2.7779E+05 -4.2240E+02  2.4324E+04
0000689   2.8128E+05  7.4643E+03 -4.9527E+03
0000690   2.7189E+05  2.8151E+03  1.8940E+04
0000691   2.7218E+05 -4.3731E+03  6.1578E+03
0000692   2.7635E+05  3.2759E+03  7.8725E+03
0000693   2.8439E+05 -8.8353E+03 -1.2870E+04
0000694   2.8107E+05  7.8552E+03 -1.2766E+04
0000695   2.6942E+05 -6.7186E+02 -6.3185E+03
0000696   2.8136E+05 -2.3219E+03  6.9720E+03
0000697   2.7000E+05 -2.0220E+03  3.0843E+03
0000698   2.7628E+05 -4.8116E+03  1.0070E+04
0000699   2.7607E+05 -1.0138E+04  2.3660E+04
0000700   2.6798E+05 -5.6365E+03 -6.9425E+03
0000701   2.7600E+05 -7.0633E+03  6.0471E+03
0000702   2.8031E+05 -2.0337E+04 -9.7214E+03
0000703   2.6557E+05  3.8805E+03  7.5899E+03
0000704   2.7462E+05 -7.2790E+03  3.7548E+03
0000705   2.6275E+05 -5.1284E+03 -4.7171E+02
0000706   2.7832E+05  9.5989E+01 -2.9502E+03
0000707   2.7835E+05 -1.9498E+01  1.8186E+03
0000708   2.7900E+05 -6.3413E+03 -9.2058E+03
0000709   2.7570E+05 -6.1820E+03 -1.2006E+04
0000710   2.7813E+05 -9.2017E+02  1.2653E+04
0000711   2.7547E+05  2.4645E+03  1.1411E+03
0000712   2.7611E+05  1.1776E+04  2.1847E+04
0000713   2.7162E+05 -4.3133E+03 -9.5724E+02
0000714   2.7407E+05  3.7560E+03 -2.6947E+04
0000715   2.7229E+05 -1.4027E+03  1.1934E+04
0000716   2.7313E+05 -4.1650E+03 -6.3169E+03
0000717   2.7895E+05 -6.6058E+03  1.3795E+04
0000718   2.7833E+05  1.8963E+04 -3.6339E+02
0000719   2.6996E+05  8.3682E+03 -8.4909E+03
0000720   2.7399E+05 -1.5772E+04  1.1811E+01
0000721   2.8815E+05  9.6865E+03 -2.1895E+02
0000722   2.6991E+05 -3.7302E+03  8.8160E+03
0000723   2.7587E+05 -3.7252E+04 -7.1817E+03
0000724   2.7993E+05 -3.5945E+03  1.3318E+04
0000725   2.8234E+05 -1.7644E+04  8.6744E+02
0000726   2.8834E+05  7.4571E+02 -5.0640E+03
0000727   2.6842E+05  2.8166E+04  1.8662E+04
0000728   2.7138E+05  3.2674E+03  6.3064E+03
0000729   2.8027E+05  2.8313E+04  1.0958E+04
0000730   2.8276E+05  1.9260E+03 -6.8290E+02
0000731   2.7850E+05 -1.0933E+04 -9.1038E+03
0000732   2.7358E+05  1.2174E+04 -4.9601E+03
0000733   2.7670E+05 -5.3733E+03  2.2415E+04
0000734   2.8112E+05  3.5731E+03  7.4932E+03
0000735   2.7815E+05 -8.3136E+03 -5.2367E+03
0000736   2.7647E+05 -5.0904E+02  5.3827E+03
0000737   2.7344E+05 -2.6108E+03 -4.2931E+03
0000738   2.8711E+05 -2.8922E+02 -9.6627E+03
0000739   2.8578E+05 -7.7872E+00  1.9972E+04
0000740   2.8870E+05  7.4979E+03  3.7953E+03
0000741   2.8182E+05  5.3295E+03  7.9407E+02
0000742   2.7477E+05  9.1959E+01  2.6232E+03
0000743   2.7419E+05  8.9096E+03 -1.0861E+04
0000744   2.7451E+05 -5.7269E+03 -9.4265E+03
0000745   2.7005E+05  6.0023E+03 -7.7158E+03
0000746   2.7352E+05 -1.9124E+04 -2.5761E+04
0000747   2.8029E+05 -4.6793E+03 -4.7710E+03
0000748   2.7748E+05 -5.6081E+02  2.8486E+03
0000749   2.8395E+05 -3.3934E+02 -1.1290E+04
0000750   2.8151E+05 -1.9172E+04  5.5658E+03
0000751   2.7827E+05  1.0715E+04  8.6525E+02
0000752   2.8626E+05  1.0211E+04  1.0462E+04
0000753   2.8371E+05  4.7349E+03 -7.6834E+01
0000754   2.7750E+05  8.5550E+03  4.3883E+03
0000755   2.6398E+05  1.3384E+04  1.0271E+04
0000756   2.6993E+05  1.8439E+04  4.6523E+03
0000757   2.8315E+05  6.8086E+03  7.9571E+03
0000758   2.8134E+05 -4.1621E+03  6.5740E+03
0000759   2.8296E+05 -5.7319E+03 -6.9870E+03
0000760   2.8107E+05  2.4554E+04 -2.4863E+04
0000761   2.7704E+05  1.1226E+03  4.5976E+03
0000762   2.7612E+05  2.3531E+04 -1.2724E+03
0000763   2.7137E+05 -1.9170E+04  1.4806E+04
0000764   2.7273E+05  8.3572E+03  1.0680E+04
0000765   2.6373E+05  2.8598E+04  3.7221E+04
0000766   2.7378E+05  9.3304E+03 -9.2325E+03
0000767   2.6949E+05 -4.9288E+04 -3.0591E+04
0000768   2.8116E+05 -1.0920E+04 -7.0777E+03
0000769   2.8190E+05  1.9669E+04  6.3499E+03
0000770   2.7504E+05  5.8479E+03  4.6051E+02
0000771   2.7694E+05 -6.4118E+03  1.3028E+04
0000772   2.8387E+05  4.8051E+02 -7.6010E+03
0000773   2.1620E+05 -7.1720E+04  9.2373E+04
0000774   2.7509E+05  2.6443E+03  4.9951E+03
0000775   2.7336E+05 -2.3681E+03  1.1923E+04
0000776   2.7984E+05  2.0760E+03 -8.1323E+03
0000777   2.8748E+05 -1.1161E+04 -8.4481E+03
0000778   2.7240E+05  1.3547E+04 -1.1704E+03
0000779   2.7599E+05  2.9149E+03 -2.1242E+01
0000780   2.7540E+05  1.4085E+04  4.4535E+04
0000781   2.6900E+05  7.0806E+03 -9.6001E+03
0000782   2.7659E+05 -2.7842E+03 -9.7917E+03
0000783   2.7712E+05 -5.7858E+03 -1.0054E+04
0000784   2.8031E+05  5.1011E+03  6.9876E+03
0000785   2.7648E+05  2.3444E+04 -6.4775E+02
0000786   2.8397E+05 -1.1277E+04 -1.1546E+04
0000787   2.8210E+05 -4.6249E+03  1.6175E+04
0000788   2.1811E+05 -3.6872E+04  8.9419E+04
0000789   2.7624E+05 -6.9916E+03  5.1985E+03
0000790   2.8064E+05  1.0859E+04 -1.0805E+04
0000791   2.8099E+05  7.0501E+03  1.3070E+04
0000792   2.9029E+05  1.3311E+04  1.0151E+04
0000793   2.7735E+05 -2.1573E+03  6.8417E+03
0000794   2.7169E+05 -2.2754E+03 -1.1721E+03
0000795   2.8874E+05  1.3809E+04  3.3651E+04
0000796   2.6627E+05 -2.5232E+04  6.5506E+04
0000797   2.6541E+05 -3.8812E+04  1.3035E+04
0000798   2.8518E+05 -5.4175E+03 -1.0507E+03
0000799   2.8091E+05 -8.8539E+03 -1.9541E+03
0000800   2.7806E+05  1.0580E+04  5.0047E+03
0000801   2.7202E+05  1.0574E+04 -2.3298E+04
0000802   2.8043E+05 -9.9964E+02 -1.6099E+04
0000803   2.6523E+05 -3.3309E+04 -1.9693E+04
0000804   2.7679E+05  1.3383E+04 -1.9523E+04
0000805   2.8946E+05 -2.8376E+04  4.9842E+03
0000806   2.7939E+05  4.5489E+03 -3.4458E+03
0000807   2.7523E+05 -1.7459E+04  2.1719E+04
0000808   2.6604E+05  9.1533E+03 -2.0663E+04
0000809   2.7115E+05 -2.4501E+02  1.3243E+04
0000810   2.7144E+05  4.3719E+03  7.8285E+03
0000811   2.7126E+05 -1.3909E+03  8.0158E+03
0000812   2.7912E+05  2.1461E+03  1.0886E+04
0000813   2.8126E+05  3.1921E+03 -1.7504E+03
0000814   2.8190E+05  8.4987E+03 -1.0454E+04
0000815   2.7839E+05 -3.7207E+03 -7.6631E+03
0000816   2.7888E+05 -8.8866E+03  6.9153E+03
0000817   2.7428E+05  5.1092E+03 -4.5661E+02
0000818   2.7553E+05 -5.7899E+03  5.8644E+03
0000819   2.7496E+05  1.3814E+04 -6.3053E+03
0000820   2.7475E+05 -9.3861E+03  1.2810E+03
0000821   2.8956E+05  2.1651E+04 -7.4798E+03
0000822   2.7790E+05 -1.6262E+03  5.9099E+02
0000823   2.7566E+05 -7.7211E+03  2.0984E+03
0000824   2.8074E+05 -1.4412E+03  9.8936E+03
0000825   2.6803E+05  5.2289E+03 -1.0626E+04
0000826   2.7266E+05 -3.0404E+04 -7.2662E+03
0000827   2.7230E+05 -4.8023E+03 -1.5374E+03
0000828   2.7685E+05 -8.8466E+03 -1.6760E+02
0000829   2.8260E+05 -2.0105E+03 -8.8424E+03
0000830   2.7502E+05 -7.3910E+03  9.3678E+03
0000831   2.7560E+05 -4.0260E+03  3.3466E+03
0000832   2.8053E+05  5.0852E+03  1.5758E+04
0000833   2.7849E+05 -3.2790E+03  2.2032E+04
0000834   2.8086E+05 -9.4195E+03 -1.6779E+04
0000835   2.9070E+05 -3.4351E+03 -7.3924E+03
0000836   2.7245E+05 -4.9841E+03  1.3632E+04
0000837   2.8344E+05 -1.6175E+04 -1.2392E+04
0000838   2.7506E+05 -1.0646E+04 -3.1717E+03
0000839   2.8072E+05 -2.8461E+03 -1.8903E+03
0000840   2.7800E+05 -1.8302E+04  1.5707E+04
0000841   2.7862E+05  1.8888E+04  6.8981E+03
0000842   2.7478E+05  9.2552E+03  1.0723E+04
0000843   2.7454E+05  1.1927E+04  1.3222E+03
0000844   2.6257E+05 -5.3317E+03 -6.2418E+03
0000845   2.7792E+05  3.0466E+03 -1.8243E+03
0000846   2.7859E+05  8.2413E+03  3.9337E+03
0000847   2.7635E+05 -2.3349E+04 -5.1962E+03
0000848   2.7932E+05 -5.6097E+03  1.6299E+03
0000849   2.8537E+05 -5.3429E+03 -1.5798E+04
0000850   2.7104E+05 -2.8531E+03 -3.3344E+03
0000851   2.7556E+05  1.4471E+04  4.3824E+03
0000852   2.7116E+05 -4.0014E+03  1.8861E+04
0000853   2.7737E+05 -1.0396E+04  7.0596E+03
0000854   2.7321E+05  1.5075E+04  9.4212E+03
0000855   2.7500E+05  1.1796E+03  2.9832E+03
0000856   2.7487E+05 -8.7799E+03 -1.1884E+01
0000857   2.8101E+05 -2.2597E+03 -5.3108E+02
0000858   2.7841E+05 -1.3895E+04  7.5026E+03
0000859   2.8378E+05 -8.5001E+03  2.0890E+03
0000860   2.7662E+05  1.1086E+03 -1.4074E+04
0000861   2.6511E+05  8.4739E+03  2.7118E+03
0000862   2.8451E+05  1.9735E+04  6.7590E+03
0000863   2.7753E+05 -1.3613E+04  5.5353E+03
0000864   2.7811E+05 -1.1039E+04 -2.3814E+03
0000865   2.8210E+05  1.2811E+04 -1.2595E+04
0000866   2.8002E+05  2.9362E+04  1.4635E+04
0000867   2.7720E+05  8.9512E+03 -8.1288E+03
0000868   2.8733E+05  5.2349E+03  1.2289E+04
0000869   2.7674E+05 -1.3013E+04  1.2234E+03
0000870   2.8663E+05 -4.7049E+03 -2.7878E+03
0000871   2.7669E+05 -9.4043E+03 -5.7074E+03
0000872   2.7330E+05 -1.6267E+04 -1.5188E+04
0000873   2.8152E+05 -7.7153E+03 -1.2533E+04
0000874   2.7256E+05 -4.1145E+03  8.5664E+03
0000875   2.8390E+05 -2.0995E+03 -1.1414E+04
0000876   2.7955E+05 -1.7024E+04 -4.3333E+03
0000877   2.8201E+05  1.0660E+04 -9.4067E+03
0000878   2.7213E+05  2.1093E+03  1.9524E+04
0000879   2.8368E+05  2.6121E+03  5.2655E+03
0000880   2.7376E+05 -1.2723E+04  4.8881E+03
0000881   2.7007E+05  7.7181E+03  1.8775E+04
0000882   2.7380E+05  2.3721E+03 -6.8829E+03
0000883   2.8082E+05 -2.3116E+03  6.9656E+03
0000884   2.7402E+05  2.9712E+03 -2.9103E+03
0000885   2.7574E+05  1.4808E+03  1.8664E+04
0000886   2.8017E+05 -5.3947E+03  9.8765E+03
0000887   2.7249E+05 -1.0100E+04  4.9392E+03
0000888   2.8111E+05 -2.7588E+04 -4.0621E+03
0000889   2.8565E+05 -7.0968E+03 -1.1015E+03
0000890   2.8649E+05 -3.7522E+03  5.0097E+03
0000891   2.8664E+05  8.1305E+03  2.0603E+04
0000892   2.7990E+05 -9.4969E+03 -2.1858E+03
0000893   2.7377E+05 -1.3576E+04 -1.4044E+04
0000894   2.8429E+05 -5.1519E+03  4.1464E+03
0000895   2.7321E+05 -7.1290E+03 -4.9357E+02
0000896   2.7776E+05 -8.5322E+03 -1.2383E+04
0000897   2.7991E+05  3.0547E+03 -1.6845E+04
0000898   2.8228E+05 -1.1789E+04 -1.2618E+04
0000899   2.7272E+05  1.6180E+04 -3.3544E+04
0000900   2.7461E+05  6.0210E+02  5.5042E+03
0000901   2.9041E+05 -6.4191E+03 -6.7346E+03
0000902   2.6494E+05  2.3896E+04  9.4153E+03
0000903   2.7416E+05 -8.7637E+03  3.6555E+03
0000904   2.8100E+05 -4.1309E+03  1.3544E+04
0000905   2.6984E+05 -3.7526E+03 -4.8652E+03
0000906   2.7422E+05  3.5926E+02 -9.1796E+03
0000907   2.7927E+05 -2.1399E+04 -1.8415E+04
0000908   2.7582E+05  2.1873E+04  5.2806E+03
0000909   2.8082E+05 -3.8967E+03  3.6704E+03
0000910   2.8592E+05  1.7298E+04  5.7115E+03
0000911   2.9205E+05  2.2078E+03 -6.9892E+03
0000912   2.8647E+05 -1.8142E+03  5.7647E+03
0000913   2.8517E+05  3.4612E+03  8.3345E+03
0000914   2.7563E+05 -2.6402E+04 -5.8297E+03
0000915   2.7899E+05  1.3449E+04 -8.7635E+03
0000916   2.7469E+05 -7.9096E+02 -2.1813E+03
0000917   2.7295E+05 -9.2759E+03  1.3406E+03
0000918   2.6616E+05 -2.2235E+04 -2.2425E+04
0000919   2.8047E+05 -1.0652E+04 -4.1780E+03
0000920   2.7460E+05  5.6915E+04 -5.1390E+04
0000921   2.4981E+05  3.0987E+04  8.8961E+04
0000922   2.7822E+05 -1.7808E+04  1.3318E+04
0000923   2.7737E+05  6.0990E+03 -2.9192E+03
0000924   2.7888E+05 -1.5901E+04  4.2733E+03
0000925   2.8489E+05 -5.1337E+03  1.0215E+04
0000926   2.8183E+05  2.4407E+03 -3.6851E+03
0000927   2.8769E+05 -1.6683E+04 -1.8403E+04
0000928   2.8457E+05  9.9606E+03  2.6976E+03
0000929   2.6870E+05  1.0664E+04 -2.1105E+04
0000930   2.7164E+05  5.5238E+03  7.7594E+03
0000931   2.8147E+05  7.3918E+03  7.7527E+03
0000932   2.7909E+05 -3.8989E+03  1.2066E+04
0000933   2.7608E+05 -1.4764E+04 -3.0606E+03
0000934   2.7784E+05 -1.4767E+04  2.8333E+03
0000935   2.8199E+05  4.3522E+03 -4.0537E+03
0000936   2.7790E+05  1.0521E+04  5.0392E+03
0000937   2.8078E+05 -1.1048E+03 -4.7977E+03
0000938   2.8021E+05 -5.2821E+03 -4.5836E+02
0000939   2.6867E+05  6.8502E+03  1.3402E+04
0000940   2.8461E+05 -5.6948E+03  9.7856E+03
0000941   2.8155E+05 -1.3074E+03  1.0313E+03
0000942   2.7932E+05  6.4215E+03 -3.6439E+03
0000943   2.7853E+05 -5.0938E+03 -6.1824E+03
0000944   2.7577E+05 -2.2571E+03 -7.6347E+03
0000945   2.7776E+05  1.5389E+04 -1.2880E+04
0000946   2.7655E+05  8.9230E+03 -2.7951E+03
0000947   2.7760E+05  1.6722E+04  1.4858E+04
0000948   2.7309E+05 -1.6294E+03 -7.9962E+02
0000949   2.8467E+05 -6.2323E+03 -1.1993E+04
0000950   2.7436E+05  1.8219E+04  9.2053E+03
0000951   2.8036E+05 -1.0669E+04 -5.6199E+03
0000952   2.7946E+05  8.4716E+03  2.7633E+04
0000953   2.7854E+05 -7.1220E+02  2.5918E+03
0000954   2.7879E+05 -1.4333E+04 -6.9080E+02
0000955   2.8668E+05  8.6164E+02  1.1070E+04
0000956   2.7459E+05 -9.2667E+03 -9.5723E+03
0000957   2.8497E+05  1.6186E+03  1.0906E+04
0000958   2.7183E+05 -1.0697E+04 -1.4814E+04
0000959   2.7721E+05 -1.3778E+04 -1.2175E+03
0000960   2.7811E+05  1.4162E+04  9.3322E+03
0000961   2.7384E+05 -5.0884E+03 -1.9527E+03
0000962   2.7455E+05 -3.3731E+04 -1.4020E+04
0000963   2.8744E+05 -5.1500E+03  1.2551E+04
0000964   2.8285E+05  7.6644E+03 -2.0216E+03
0000965   2.7888E+05 -2.6327E+03  1.1255E+04
0000966   2.6444E+05  7.5416E+03  1.0446E+04
0000967   2.7761E+05 -1.2185E+04 -9.1939E+03
0000968   2.7469E+05 -1.1453E+04  1.1153E+04
0000969   2.8395E+05 -1.0450E+04 -6.9524E+02
0000970   2.7641E+05  1.4759E+04 -9.3476E+03
0000971   2.8159E+05 -5.5758E+03 -2.0471E+03
0000972   2.7378E+05  2.9940E+03 -6.6688E+03
0000973   2.8224E+05  1.0908E+04 -1.0507E+03
0000974   2.8937E+05  1.5983E+04  7.1300E+03
0000975   2.7186E+05 -6.6351E+02  9.6698E+03
0000976   2.7184E+05 -2.8186E+04 -1.4159E+04
0000977   2.7939E+05  1.0821E+04  1.4228E+04
0000978   2.6920E+05  4.4333E+04  2.6525E+03
0000979   2.8200E+05  4.5490E+03  1.8746E+04
0000980   2.7451E+05 -1.4192E+04 -1.9819E+04
0000981   2.7313E+05 -1.3713E+04  1.2319E+04
0000982   2.7628E+05 -3.9167E+03 -6.4160E+03
0000983   2.8217E+05  9.4925E+03 -1.8814E+04
0000984   2.7338E+05 -4.0893E+04  1.3073E+04
0000985   2.6829E+05  4.2997E+03  2.6594E+03
0000986   2.8386E+05 -8.7955E+03  1.1612E+04
0000987   2.8443E+05 -1.4958E+04  1.1358E+04
0000988   2.8756E+05 -7.2594E+03  1.6669E+04
0000989   2.7492E+05  1.2948E+04  7.2657E+02
0000990   2.7415E+05 -1.3430E+03  2.7781E+03
0000991   2.8216E+05 -7.3377E+03  7.7961E+03
0000992   2.7778E+05 -1.8623E+03 -6.2497E+02
0000993   2.8948E+05 -1.1934E+04  4.9420E+03
0000994   2.7094E+05 -2.0557E+04  6.4986E+03
0000995   2.6827E+05  8.0907E+03 -1.5869E+03
0000996   2.8298E+05 -7.7611E+02 -3.6371E+03
0000997   2.7662E+05  9.1179E+02  3.8194E+02
0000998   2.8491E+05  3.6271E+03 -1.9447E+03
0000999   2.8162E+05  5.1530E+03 -6.8497E+03
0001000   2.9036E+05  1.1922E+04  1.3888E+04
