============================== SRIM-2013.00 ==============================
==============================================================================
====== SRIM Outputs\RANGE_3D.txt : File of Final Ion Positions =====

Ion =  H (01)   Ion Mass= 001.0080
Energy  = 2100000.E-03 keV
Ion Angle to Surface = 00.0 degrees
==================== TARGET =======================
  Layer # 1 - Si_Top    
  Layer # 1 - Bottom Depth=300000.E+01 A
  Layer # 1 - Density =0002.3210 g/cm3
  Layer # 1 -  100 % of Si
икикикикикикикикикикикикикикикикикикикикикикикикикикикикикикикикикикикикикикикикикикикикикикикикикикикик
  Layer # 2 - Si_Bottom 
  Layer # 2 - Bottom Depth=600000.E+01 A
  Layer # 2 - Density =0002.3210 g/cm3
  Layer # 2 -  100 % of Si
икикикикикикикикикикикикикикикикикикикикикикикикикикикикикикикикикикикикикикикикикикикикикикикикикикикик
                                            
Ion       Depth  X   Lateral Y   Lateral Z  
Number    (Angstrom) (Angstrom)  (Angstrom) 
-------  ----------- ----------- -----------
0000001   5.2279E+05 -1.5589E+04 -1.0812E+04
0000002   5.1747E+05  2.3969E+04  4.4080E+03
0000003   5.2475E+05  1.0339E+04  2.3752E+03
0000004   5.3057E+05 -3.8654E+03  2.0098E+04
0000005   5.1457E+05  1.4788E+04 -1.5841E+02
0000006   5.2978E+05 -1.7661E+04  3.4228E+04
0000007   5.1897E+05  8.8516E+03  1.0896E+04
0000008   5.2022E+05  2.6270E+04 -2.8997E+04
0000009   5.3526E+05 -3.5034E+04  3.6445E+03
0000010   5.1375E+05  1.6873E+04  1.3688E+04
0000011   5.0693E+05 -9.0369E+03 -1.1930E+04
0000012   5.2690E+05 -2.9575E+04 -1.6612E+03
0000013   5.2289E+05  1.0298E+04  3.4404E+04
0000014   5.2035E+05 -3.6921E+04  4.5424E+02
0000015   5.1850E+05  3.2251E+04  2.6688E+04
0000016   5.2155E+05 -1.6095E+04  1.7152E+04
0000017   5.2229E+05 -2.9688E+04 -1.1035E+04
0000018   5.2532E+05  2.3940E+04  2.2951E+04
0000019   5.3553E+05 -1.7300E+04  5.4449E+03
0000020   5.2137E+05 -6.7626E+03  1.9945E+04
0000021   5.3922E+05  2.0204E+04  5.4992E+03
0000022   5.1780E+05  3.5134E+04 -4.3054E+03
0000023   5.2473E+05  1.0934E+04  6.6865E+03
0000024   5.2678E+05  8.3525E+03 -4.9346E+03
0000025   5.0917E+05  1.3499E+03  3.5572E+04
0000026   5.2428E+05  1.5653E+04 -1.1447E+04
0000027   5.2044E+05 -8.4666E+03  1.3125E+04
0000028   5.3267E+05  2.8385E+03 -3.1114E+03
0000029   5.1768E+05 -3.4384E+04 -2.9729E+04
0000030   5.3059E+05  7.2408E+03 -1.0906E+04
0000031   5.0075E+05  4.3275E+04 -1.4069E+04
0000032   5.2882E+05 -3.1756E+03  1.0154E+04
0000033   5.1787E+05  1.4586E+03  1.1954E+04
0000034   5.1023E+05 -1.4158E+04  1.2641E+03
0000035   4.9457E+05  5.6321E+04 -9.1811E+04
0000036   5.3004E+05 -2.7528E+04  3.7163E+04
0000037   5.4018E+05  5.2181E+01 -1.0580E+04
0000038   5.1706E+05  5.1564E+04  1.0371E+04
0000039   5.1696E+05 -1.8670E+04  4.0984E+04
0000040   5.2407E+05 -8.3471E+03 -3.4175E+03
0000041   5.2131E+05  3.1104E+04 -2.0646E+04
0000042   5.1860E+05  3.7834E+04 -3.3644E+04
0000043   5.3112E+05  2.7491E+04 -2.4363E+04
0000044   5.3094E+05  1.3440E+04  8.6263E+03
0000045   5.3132E+05 -3.8357E+03 -3.0048E+04
0000046   5.2062E+05 -8.9274E+03 -1.2470E+04
0000047   5.2927E+05  2.5807E+04  1.8365E+04
0000048   5.3511E+05  6.2313E+03  5.8130E+04
0000049   5.0692E+05  1.4722E+04 -6.1953E+03
0000050   5.1623E+05 -2.2737E+04 -6.7593E+04
0000051   5.3734E+05  7.7333E+03  1.5130E+04
0000052   5.2583E+05 -7.7447E+03 -2.3621E+04
0000053   5.2618E+05 -2.0736E+04 -6.0264E+04
0000054   5.3524E+05  2.5684E+04  7.8035E+03
0000055   5.2954E+05 -4.4775E+02 -7.3591E+03
0000056   5.4105E+05 -4.0445E+03 -6.5780E+03
0000057   5.1940E+05 -3.1682E+04 -5.2901E+04
0000058   5.0873E+05 -6.0404E+03 -1.4912E+04
0000059   5.2126E+05 -1.7985E+03  3.7109E+04
0000060   5.2495E+05 -1.9188E+04 -5.5741E+03
0000061   5.1085E+05  1.5148E+04  4.2127E+03
0000062   5.1983E+05  9.2363E+03  1.5455E+03
0000063   5.2604E+05  3.2796E+04 -1.2975E+04
0000064   5.3432E+05 -9.7699E+03 -1.1574E+03
0000065   5.2773E+05  2.5430E+04 -4.5253E+04
0000066   5.1725E+05  4.5515E+04 -3.1328E+03
0000067   5.2542E+05  1.5578E+03 -1.0693E+04
0000068   5.2822E+05  1.8218E+04  1.5941E+04
0000069   5.3448E+05 -2.4755E+04 -9.1969E+02
0000070   5.3668E+05  1.3140E+04  2.2576E+04
0000071   5.2015E+05 -1.1078E+04 -2.2999E+04
0000072   5.2429E+05 -5.2130E+03 -3.2451E+04
0000073   5.3110E+05  1.8489E+04 -1.3313E+03
0000074   5.1206E+05 -3.9431E+04  1.8326E+03
0000075   5.2031E+05 -3.6718E+04 -1.9664E+04
0000076   5.2903E+05 -1.1619E+04 -2.4291E+03
0000077   5.3545E+05 -2.9835E+03 -1.1494E+04
0000078   5.1729E+05  3.1930E+04 -3.4962E+04
0000079   5.2875E+05 -1.5675E+04  2.4479E+04
0000080   5.0309E+05 -2.8699E+04  2.0420E+02
0000081   5.1932E+05  1.2656E+04  3.7324E+04
0000082   5.4163E+05  4.8304E+03 -1.3002E+04
0000083   5.2128E+05 -1.6494E+04  1.6442E+03
0000084   5.2209E+05  3.3507E+04  1.2477E+04
0000085   5.2330E+05 -7.1813E+03  2.8063E+04
0000086   5.3306E+05 -1.9182E+04 -9.0690E+03
0000087   5.4925E+05 -6.8462E+03 -1.0123E+04
0000088   5.3391E+05  6.1676E+03  6.6515E+03
0000089   5.4267E+05  1.2693E+04 -1.8421E+04
0000090   5.3695E+05  9.9308E+03 -1.7346E+04
0000091   5.2124E+05 -2.0126E+04 -2.1539E+04
0000092   5.2397E+05  9.0877E+03 -2.7103E+03
0000093   5.1167E+05 -7.1599E+03 -1.3546E+04
0000094   5.1470E+05 -3.4885E+04 -1.6993E+04
0000095   5.3347E+05  3.3501E+03 -2.6905E+04
0000096   5.2575E+05 -4.3667E+04 -2.3384E+04
0000097   5.1636E+05  2.0710E+03  1.8390E+04
0000098   5.1288E+05 -5.3946E+03  1.9104E+04
0000099   5.2709E+05 -1.5438E+04 -7.8066E+03
0000100   5.2627E+05  1.5363E+04 -3.0459E+03
0000101   5.2345E+05  1.0947E+04 -3.0441E+04
0000102   5.3121E+05 -1.7844E+04  5.1575E+03
0000103   5.3130E+05 -1.2573E+04  1.2466E+04
0000104   5.4953E+05  2.0876E+04  1.2477E+04
0000105   5.2323E+05 -7.6519E+03  3.5865E+03
0000106   5.3325E+05  2.0819E+04 -1.2708E+04
0000107   5.2891E+05  7.4818E+03 -1.1207E+04
0000108   5.2270E+05 -1.5013E+04 -1.5704E+04
0000109   5.3089E+05  2.6460E+04  1.7413E+04
0000110   5.2622E+05 -9.1563E+03  1.2309E+04
0000111   5.2013E+05 -1.1985E+04 -7.2128E+03
0000112   5.3456E+05 -2.1817E+04  2.2796E+04
0000113   5.1483E+05 -5.2707E+04 -1.2563E+04
0000114   5.2731E+05  5.7516E+03 -3.3592E+03
0000115   5.2048E+05  1.6195E+04 -2.1020E+04
0000116   5.3659E+05 -6.7602E+03 -2.6573E+04
0000117   5.4701E+05  1.3258E+04  1.1286E+04
0000118   5.3436E+05 -1.4096E+04  2.6258E+03
0000119   5.2235E+05  3.2126E+04 -1.5929E+04
0000120   5.2996E+05  9.3573E+03  3.0177E+04
0000121   5.3369E+05 -8.5585E+03  4.1027E+03
0000122   5.1406E+05  5.1361E+01  2.6022E+04
0000123   5.3273E+05  1.3959E+04  1.2071E+04
0000124   4.9864E+05 -2.4700E+03 -2.4034E+03
0000125   5.2818E+05  1.0897E+04  1.3440E+04
0000126   5.2829E+05 -1.0814E+04 -1.0038E+04
0000127   5.4234E+05  8.5453E+03  2.1546E+04
0000128   5.4678E+05  7.1919E+02  1.0398E+04
0000129   5.2067E+05  6.7381E+03 -1.1649E+04
0000130   5.4011E+05  5.7572E+03 -5.8601E+03
0000131   5.3151E+05  2.0352E+04  2.1034E+04
0000132   5.2358E+05  3.5784E+03  2.3106E+04
0000133   5.2608E+05 -1.5121E+04 -6.6073E+04
0000134   5.3355E+05 -1.9131E+04 -5.4709E+03
0000135   5.2881E+05  7.6574E+03  1.5252E+04
0000136   5.3121E+05 -8.9020E+03 -1.2091E+04
0000137   5.1792E+05 -3.4098E+04 -3.0321E+04
0000138   5.1655E+05 -2.1535E+04  9.0338E+03
0000139   5.2444E+05  9.9978E+03 -2.3228E+04
0000140   5.4762E+05 -7.9068E+03 -2.0019E+03
0000141   5.2308E+05  1.5774E+04 -2.3211E+04
0000142   5.1039E+05 -3.6690E+03  2.5700E+02
0000143   5.2947E+05 -2.0249E+04 -4.0559E+03
0000144   5.1311E+05 -2.6016E+04  1.9185E+03
0000145   5.2986E+05 -2.5531E+04 -1.5201E+04
0000146   5.4544E+05 -7.2531E+03 -1.4551E+04
0000147   5.3168E+05  2.8825E+03  3.2637E+04
0000148   5.3166E+05  2.1200E+04 -1.3336E+04
0000149   5.1580E+05 -1.5207E+04 -2.1808E+04
0000150   5.1842E+05  2.3736E+03  6.4862E+03
0000151   5.1465E+05 -4.4677E+03  2.6720E+04
0000152   5.0671E+05  6.9701E+03 -4.4867E+03
0000153   5.2002E+05  1.3969E+03 -3.1179E+04
0000154   5.2391E+05  1.4039E+03 -1.1589E+04
0000155   5.2094E+05  5.4068E+03  2.9649E+04
0000156   5.0407E+05 -1.2435E+04  3.4439E+04
0000157   5.2846E+05  1.3863E+03  1.3740E+04
0000158   5.2417E+05 -1.5966E+04 -1.9704E+04
0000159   5.2813E+05 -8.3216E+02 -4.0610E+03
0000160   5.2526E+05  1.4941E+04  6.6478E+03
0000161   5.2255E+05 -1.8036E+04  1.0436E+04
0000162   5.2998E+05  4.6737E+04  1.9562E+04
0000163   5.2691E+05 -1.9646E+04  2.8300E+02
0000164   5.1172E+05  1.0538E+04  5.5454E+03
0000165   5.3190E+05  1.1626E+04  7.8592E+03
0000166   5.2741E+05 -4.2418E+04  1.9926E+04
0000167   5.3656E+05  4.4433E+04  6.9676E+04
0000168   5.4148E+05 -2.5750E+04 -1.1911E+04
0000169   5.2189E+05  1.6660E+04 -7.4169E+02
0000170   5.0927E+05 -1.2692E+04 -4.8752E+03
0000171   5.1716E+05  3.2109E+04 -7.9930E+03
0000172   5.2042E+05 -8.4313E+03 -5.0453E+04
0000173   5.2633E+05  1.2072E+04 -1.2765E+04
0000174   5.2192E+05 -3.6337E+04 -2.0103E+04
0000175   5.1505E+05  8.1955E+04  6.8082E+04
0000176   5.2518E+05 -5.3193E+03  2.1287E+04
0000177   5.2964E+05  8.7168E+03 -1.1849E+04
0000178   5.2335E+05  7.1380E+03  1.5627E+04
0000179   5.2146E+05 -3.0358E+04 -8.3138E+03
0000180   5.2186E+05 -9.9647E+03  9.8694E+03
0000181   5.1788E+05 -5.6928E+03 -6.4620E+03
0000182   5.2249E+05  1.4604E+04  6.9392E+03
0000183   5.2440E+05  6.6332E+03 -7.4527E+03
0000184   5.1783E+05  5.9190E+03 -2.6722E+03
0000185   5.3141E+05 -4.0501E+03  1.3188E+04
0000186   5.3532E+05 -2.5548E+04  1.3147E+04
0000187   5.2597E+05 -4.2452E+03 -1.5498E+04
0000188   5.1819E+05 -3.4142E+02  1.6315E+03
0000189   5.2366E+05  1.9719E+04  1.4533E+03
0000190   5.1448E+05  2.3441E+03  1.3840E+04
0000191   5.2730E+05 -1.0795E+04 -7.0937E+03
0000192   5.2135E+05  8.6009E+03 -2.2590E+04
0000193   5.2594E+05  2.6211E+03  1.8331E+04
0000194   5.2155E+05 -8.6713E+02  4.8232E+03
0000195   5.1916E+05  2.2064E+04  2.4885E+03
0000196   5.3616E+05 -2.7310E+04  9.1564E+03
0000197   5.1734E+05 -1.6167E+03  2.2068E+04
0000198   5.2797E+05 -4.5585E+01  8.9656E+03
0000199   5.1621E+05  6.0899E+04  5.8813E+04
0000200   5.2441E+05 -2.2143E+04 -8.0059E+02
0000201   5.2149E+05  1.9093E+04  9.7133E+03
0000202   5.0592E+05  9.1164E+03  1.8111E+04
0000203   5.1890E+05 -4.0238E+03  2.7092E+04
0000204   5.2957E+05 -2.3908E+04 -1.7444E+04
0000205   5.1098E+05 -3.9517E+04 -4.6734E+04
0000206   5.3344E+05 -2.1295E+04 -1.1422E+04
0000207   5.3420E+05 -3.4855E+04 -4.9030E+03
0000208   5.1693E+05  2.1786E+04 -1.7572E+04
0000209   5.1453E+05 -1.3444E+04 -2.6959E+04
0000210   5.2555E+05  1.1432E+04  1.0884E+04
0000211   5.2608E+05  4.2914E+03  9.2971E+03
0000212   5.1905E+05  5.5931E+03  2.6363E+04
0000213   5.3345E+05 -9.2185E+03  1.8041E+04
0000214   5.2342E+05 -1.2689E+04  2.6340E+03
0000215   5.3606E+05 -1.0737E+04  1.6972E+04
0000216   5.3198E+05  1.1922E+04 -1.2529E+04
0000217   5.3187E+05 -1.5276E+04 -8.5468E+03
0000218   5.2107E+05  2.3069E+04  2.0133E+04
0000219   4.9979E+05 -3.3752E+04 -8.7905E+03
0000220   5.1183E+05 -1.2070E+04 -2.1256E+04
0000221   5.3608E+05  2.0882E+04  2.9163E+04
0000222   5.2630E+05 -7.7369E+03  1.9202E+04
0000223   5.2710E+05 -2.7177E+03 -4.0389E+04
0000224   5.0824E+05  4.5825E+03 -1.2879E+04
0000225   5.5183E+05  3.0540E+04 -1.3501E+03
0000226   5.2469E+05 -3.3183E+03  7.7898E+03
0000227   5.3452E+05  1.6101E+04  1.7538E+04
0000228   5.1426E+05  1.9561E+04  5.6297E+03
0000229   5.2683E+05 -1.8537E+03 -1.1587E+04
0000230   5.2723E+05  7.4591E+03  1.1145E+04
0000231   5.3339E+05  1.2252E+04  4.7558E+03
0000232   5.4222E+05 -6.0679E+03  1.6126E+04
0000233   5.1797E+05  1.3519E+04 -4.8424E+03
0000234   5.3064E+05 -1.5458E+04  1.0601E+04
0000235   5.3627E+05  1.3678E+04 -3.4327E+04
0000236   5.3186E+05 -7.1196E+03  4.6369E+03
0000237   5.3423E+05  3.6859E+04 -2.5854E+03
0000238   5.2367E+05 -5.4496E+03 -8.6232E+03
0000239   5.2233E+05 -1.3745E+04 -2.2231E+04
0000240   5.4042E+05 -1.3505E+04  1.2283E+04
0000241   5.2708E+05 -8.0746E+03 -3.7088E+03
0000242   5.2472E+05 -2.1471E+04 -3.8539E+04
0000243   5.3653E+05 -3.8064E+03  7.0195E+03
0000244   5.2163E+05 -1.4931E+04 -1.0936E+04
0000245   5.0745E+05 -5.1884E+03  2.4511E+04
0000246   5.2771E+05  1.5035E+04 -8.9574E+03
0000247   5.2338E+05 -4.4178E+04 -2.5629E+03
0000248   5.1653E+05  9.3238E+03 -5.8725E+04
0000249   5.2056E+05  5.8227E+03 -4.9187E+03
0000250   5.2077E+05 -2.2732E+04  4.9423E+03
0000251   5.1035E+05 -2.7799E+04 -2.8649E+02
0000252   5.2846E+05 -1.7192E+04 -1.8514E+04
0000253   5.2334E+05  9.9971E+03  1.1321E+04
0000254   5.1807E+05  9.5539E+03 -7.0085E+02
0000255   5.3409E+05  1.2259E+04  9.1939E+03
0000256   5.2538E+05 -5.0951E+03  1.0595E+04
0000257   5.3052E+05 -1.1065E+03 -3.3492E+04
0000258   5.2329E+05  4.5668E+03 -1.4450E+04
0000259   5.2128E+05  4.3948E+03  2.9563E+03
0000260   5.2208E+05 -4.1036E+03  5.1001E+04
0000261   5.3910E+05  4.0477E+03 -2.0923E+04
0000262   5.2172E+05  1.7267E+04  1.0030E+04
0000263   5.4103E+05  2.2344E+04 -1.4115E+04
0000264   5.1350E+05 -2.7898E+04 -4.1786E+03
0000265   5.2350E+05 -7.5296E+03 -8.8169E+02
0000266   5.2434E+05  7.3875E+03 -1.0609E+04
0000267   5.2456E+05  9.9956E+03 -2.4414E+04
0000268   5.1994E+05 -7.5328E+01  4.9066E+03
0000269   5.1386E+05 -4.4567E+04  9.9912E+03
0000270   5.0294E+05  1.7192E+04  2.2172E+04
0000271   5.2280E+05 -4.3077E+04 -5.4604E+03
0000272   5.1672E+05  4.7781E+03  2.2597E+04
0000273   5.0335E+05  2.6232E+04  1.0634E+04
0000274   5.2531E+05  4.8740E+03 -2.8062E+04
0000275   5.3330E+05 -7.7294E+03 -8.5656E+03
0000276   5.1444E+05  7.7010E+03  1.3752E+04
0000277   5.2278E+05 -2.0336E+04 -1.8728E+03
0000278   5.2173E+05 -1.8016E+04  5.1583E+03
0000279   5.3086E+05  2.5233E+04  6.8542E+04
0000280   5.2028E+05 -1.5625E+03 -3.8685E+03
0000281   5.3113E+05 -5.6478E+04 -6.3937E+03
0000282   5.3051E+05  2.3843E+04  1.1147E+04
0000283   5.3438E+05 -2.0915E+04 -2.6559E+04
0000284   5.3610E+05  1.9083E+03 -8.9928E+03
0000285   5.1882E+05  5.2508E+03  1.1578E+04
0000286   5.3215E+05 -7.5616E+03  1.9480E+04
0000287   5.2353E+05 -1.2527E+04 -3.9341E+04
0000288   5.3359E+05  1.5095E+04  3.0890E+04
0000289   5.2464E+05  1.5407E+04 -6.4623E+03
0000290   5.2655E+05  7.5659E+03  3.5745E+04
0000291   5.3002E+05 -2.5837E+04  2.5327E+03
0000292   5.2528E+05  2.2261E+02  1.1498E+04
0000293   5.2030E+05  2.6868E+04  2.5765E+04
0000294   5.1798E+05 -2.2115E+04  4.0768E+04
0000295   5.2171E+05 -1.3240E+04 -8.0616E+03
0000296   5.3013E+05  3.0364E+04 -3.2564E+04
0000297   5.3747E+05  1.0363E+04  2.0709E+04
0000298   5.2444E+05 -7.6936E+03 -3.0741E+04
0000299   5.2166E+05  1.1569E+04  3.0389E+04
0000300   5.0499E+05  9.4040E+03  8.3074E+03
0000301   5.2821E+05 -2.2285E+04  5.8257E+04
0000302   5.2751E+05  3.5827E+04 -2.6179E+04
0000303   5.1343E+05  2.6031E+04  1.0523E+04
0000304   5.1621E+05  3.2525E+03  2.3849E+04
0000305   5.1744E+05 -4.6585E+04  3.0656E+02
0000306   5.0007E+05  6.1839E+04 -7.3196E+04
0000307   5.1799E+05  5.9143E+03  5.8196E+03
0000308   5.4160E+05  1.8844E+04  3.0120E+02
0000309   5.4860E+05 -1.9709E+03  7.9979E+03
0000310   5.1993E+05  1.7553E+04  1.6028E+04
0000311   5.2257E+05 -1.2635E+04 -7.7853E+03
0000312   5.1183E+05  5.7399E+03  1.6907E+04
0000313   5.2499E+05  2.8105E+04 -1.1752E+04
0000314   5.1957E+05  8.9094E+03 -2.6440E+04
0000315   5.5295E+05 -2.0457E+03  3.2326E+03
0000316   5.1657E+05 -3.0041E+04  8.1145E+03
0000317   5.1370E+05 -1.2035E+04 -1.1722E+04
0000318   5.3035E+05 -9.7894E+03  1.5956E+04
0000319   5.1251E+05 -9.9630E+03 -1.7153E+04
0000320   5.2381E+05 -8.0900E+03 -2.6200E+04
0000321   5.3881E+05 -2.1493E+04  2.5799E+04
0000322   5.2930E+05 -2.3105E+04  4.6155E+02
0000323   5.2955E+05 -2.5393E+04  4.7932E+03
0000324   5.3058E+05  1.8614E+04 -1.6675E+04
0000325   5.3482E+05  7.4818E+03 -1.1986E+04
0000326   5.1884E+05 -4.6582E+03 -1.8649E+04
0000327   5.2663E+05  2.4839E+04 -9.1993E+03
0000328   5.1964E+05 -5.2810E+04  2.0160E+03
0000329   5.0811E+05  2.4372E+04  2.9703E+04
0000330   5.1936E+05  1.8875E+04  1.2938E+04
0000331   5.3216E+05  1.0122E+03 -2.0735E+04
0000332   5.3791E+05 -7.0508E+03  1.0909E+04
0000333   5.1567E+05 -1.0379E+03 -6.7589E+03
0000334   5.2488E+05 -5.6771E+04 -8.5290E+03
0000335   5.2711E+05 -4.7017E+04 -1.5939E+04
0000336   5.0753E+05  6.0890E+03  2.6786E+04
0000337   5.2111E+05  4.3292E+04  1.1739E+04
0000338   5.1972E+05  1.3325E+04  1.0744E+04
0000339   5.1616E+05 -1.4226E+04 -9.3185E+03
0000340   5.2110E+05 -2.7980E+04 -3.1336E+03
0000341   5.2810E+05  1.7087E+04  2.4255E+03
0000342   5.0486E+05 -5.0589E+03  3.3916E+04
0000343   5.2587E+05  1.0535E+04  8.8900E+03
0000344   5.1736E+05  7.0826E+03 -9.3262E+03
0000345   5.3142E+05 -2.4961E+04 -1.9109E+04
0000346   5.2857E+05 -1.1635E+04 -9.2969E+03
0000347   5.2491E+05 -1.2432E+04 -4.1133E+04
0000348   5.1969E+05  1.9165E+04  2.5872E+04
0000349   5.3103E+05 -3.1876E+04 -1.8777E+04
0000350   5.2918E+05 -3.0669E+03 -1.2907E+04
0000351   5.1422E+05  4.4326E+04  8.2536E+03
0000352   5.1934E+05 -2.8900E+04  1.1367E+04
0000353   5.3307E+05 -3.0764E+04  1.1466E+04
0000354   5.1262E+05  2.3015E+04 -3.4345E+04
0000355   5.2778E+05 -1.1608E+03 -6.3437E+03
0000356   5.1024E+05 -6.9309E+03  2.6817E+03
0000357   5.1948E+05  9.0656E+03  1.2878E+04
0000358   5.1294E+05  1.3366E+04 -1.9865E+04
0000359   5.2237E+05  6.5567E+03  1.4098E+04
0000360   5.1905E+05  8.3422E+03 -2.2859E+04
0000361   5.1793E+05  2.2455E+03 -1.2084E+04
0000362   5.4236E+05 -1.0573E+04  2.0097E+04
0000363   5.2315E+05  1.6999E+04  1.1132E+04
0000364   5.0625E+05  5.1098E+03  4.3235E+03
0000365   5.1592E+05 -1.3898E+04  1.4877E+04
0000366   5.2053E+05  3.7087E+04  1.8528E+04
0000367   5.3971E+05  6.2911E+03  1.6385E+04
0000368   5.2169E+05 -7.8188E+03  7.8614E+03
0000369   5.2387E+05  5.6157E+03  2.5211E+04
0000370   5.3630E+05 -1.7596E+04  1.7696E+04
0000371   5.3398E+05  1.5553E+04  2.9782E+04
0000372   5.2330E+05  1.9033E+04  3.1606E+04
0000373   5.2897E+05 -3.3981E+03 -6.7323E+03
0000374   5.1744E+05  5.3593E+04  2.1406E+04
0000375   5.3317E+05  1.9737E+04 -8.6215E+03
0000376   5.2264E+05 -3.2251E+04 -2.1207E+04
0000377   5.3355E+05 -1.4564E+04 -4.0362E+03
0000378   5.3119E+05  1.8168E+03  1.1885E+04
0000379   5.2948E+05 -1.5664E+04 -1.4651E+04
0000380   5.2235E+05  8.2678E+03 -3.0473E+03
0000381   5.0762E+05  1.0825E+04 -6.0787E+04
0000382   5.3012E+05  3.0641E+04  2.8733E+04
0000383   5.2684E+05  3.1769E+04 -2.2252E+04
0000384   5.2662E+05  1.1368E+04  1.5626E+04
0000385   5.0667E+05 -1.7515E+04 -1.9205E+04
0000386   5.1834E+05  6.8293E+03 -1.3198E+04
0000387   5.3061E+05  1.2940E+04 -5.5448E+03
0000388   5.3194E+05 -1.8506E+04  3.1081E+04
0000389   5.2810E+05 -6.8244E+03  6.0530E+03
0000390   5.1219E+05  1.8541E+04  1.3326E+04
0000391   5.3200E+05  6.8680E+03  1.7078E+04
0000392   5.2453E+05 -1.6376E+04  4.2030E+04
0000393   5.2955E+05  2.3787E+04  8.6472E+03
0000394   5.3698E+05 -4.5576E+03  8.6270E+03
0000395   5.1359E+05  9.1000E+03  3.1988E+04
0000396   5.2610E+05 -1.0011E+04 -1.2493E+04
0000397   5.3204E+05 -1.2221E+03  9.0424E+03
0000398   5.3496E+05  1.0011E+04 -2.8748E+04
0000399   5.2198E+05  5.1000E+03 -5.8732E+03
0000400   5.2946E+05 -8.0553E+03  9.3832E+03
0000401   5.2218E+05 -3.5590E+04 -4.2103E+04
0000402   5.1893E+05  1.1012E+04  2.4177E+03
0000403   5.2070E+05 -1.2670E+03 -2.9722E+04
0000404   5.2504E+05 -2.5815E+04  2.5752E+04
0000405   5.1736E+05 -1.4927E+04 -2.6334E+04
0000406   5.2959E+05 -2.8164E+03 -9.7324E+01
0000407   5.3562E+05  1.6129E+04 -1.0650E+04
0000408   5.1574E+05  1.5804E+04 -1.8501E+04
0000409   4.9306E+05 -3.5714E+04  8.6047E+03
0000410   5.1418E+05  1.3755E+04  7.3718E+03
0000411   5.2597E+05 -2.6447E+04  3.9208E+04
0000412   5.2724E+05 -6.6154E+03 -2.4959E+04
0000413   5.1912E+05  4.4015E+04 -2.5025E+04
0000414   5.3068E+05 -1.2740E+04  1.4597E+03
0000415   5.1441E+05 -1.0845E+04  3.1043E+03
0000416   5.4127E+05 -2.1042E+04  3.0677E+03
0000417   2.7178E+05 -2.0397E+05  2.8066E+05
0000418   5.3821E+05  1.9101E+04  1.2867E+04
0000419   5.3008E+05 -1.6658E+04  3.8492E+03
0000420   5.3053E+05  2.4580E+04  4.8210E+04
0000421   5.3282E+05 -9.2251E+03 -4.4839E+03
0000422   5.3165E+05  2.1037E+04 -5.7854E+03
0000423   5.2536E+05  1.8643E+04  1.2998E+04
0000424   5.5310E+05 -1.2325E+03  2.6929E+04
0000425   5.3127E+05 -1.3533E+04 -3.6398E+04
0000426   5.2035E+05  1.6647E+04 -1.5531E+03
0000427   5.2128E+05 -2.1150E+03  2.0684E+04
0000428   5.2714E+05 -1.1754E+04 -3.3961E+03
0000429   5.2029E+05 -2.1846E+04  1.2981E+04
0000430   5.1179E+05 -1.4547E+04  2.8191E+04
0000431   5.2306E+05  4.5756E+03  1.2267E+04
0000432   5.2354E+05 -1.9841E+04 -3.2273E+03
0000433   5.0769E+05 -1.3034E+04 -1.6852E+04
0000434   5.3421E+05 -2.5308E+04 -3.4915E+02
0000435   5.2490E+05  2.3419E+04  1.6866E+03
0000436   5.2114E+05 -2.8755E+03  7.0675E+03
0000437   5.0498E+05  9.8043E+03 -1.0000E+05
0000438   5.2147E+05  3.8753E+02  7.4910E+03
0000439   5.3074E+05  3.4306E+04 -1.6757E+04
0000440   5.1826E+05  8.1526E+03  1.5484E+04
0000441   5.3031E+05  1.1406E+04 -6.7886E+03
0000442   5.2377E+05  1.9027E+04  2.3457E+04
0000443   5.2665E+05  1.9433E+03  4.5486E+02
0000444   5.2103E+05  1.5254E+04  1.1096E+04
0000445   5.1939E+05 -3.0668E+04  9.0708E+03
0000446   5.4333E+05  1.5084E+03  8.6301E+03
0000447   5.3365E+05  6.5702E+02 -8.1920E+03
0000448   5.3729E+05 -8.7276E+03 -1.5872E+04
0000449   5.2864E+05  7.7581E+03 -1.3008E+03
0000450   5.0825E+05 -3.4974E+04 -4.0544E+04
0000451   5.1211E+05 -2.8402E+04 -4.6992E+04
0000452   5.3443E+05 -1.8355E+03 -5.1320E+02
0000453   5.4363E+05  2.2345E+04  2.2428E+03
0000454   5.1952E+05  2.0286E+04  1.5209E+04
0000455   5.2736E+05  6.5059E+03 -2.0094E+04
0000456   5.2253E+05 -1.5593E+04 -1.4954E+04
0000457   5.3335E+05  1.0321E+04  1.0913E+04
0000458   5.1747E+05 -2.7274E+04  3.0038E+03
0000459   5.2502E+05  6.1171E+04  5.5998E+04
0000460   5.3515E+05 -1.6853E+04 -1.0569E+04
0000461   5.2652E+05 -6.6202E+03 -7.4067E+03
0000462   5.2506E+05  2.3824E+03 -1.4090E+04
0000463   5.2183E+05  6.3400E+03 -1.5354E+03
0000464   5.3347E+05 -1.1613E+04  2.5646E+03
0000465   5.3274E+05  1.1027E+04 -1.8990E+04
0000466   5.2720E+05 -7.4560E+03 -1.4126E+04
0000467   5.2043E+05  9.8460E+03  1.9414E+03
0000468   5.2355E+05  2.5637E+04  3.3366E+03
0000469   5.2940E+05 -1.1240E+04 -1.3045E+04
0000470   5.2897E+05 -5.6323E+02  8.9325E+03
0000471   5.1357E+05 -1.8248E+04  1.8771E+04
0000472   5.2119E+05 -1.4317E+04  1.3464E+04
0000473   5.3627E+05 -7.6424E+03  1.0120E+04
0000474   5.2367E+05  1.5228E+04 -2.5016E+03
0000475   5.0093E+05  3.9649E+04  2.5850E+03
0000476   5.2697E+05  7.3781E+03 -6.6584E+03
0000477   5.3106E+05 -4.6385E+03 -1.4890E+04
0000478   5.3266E+05 -2.7075E+04 -1.8115E+04
0000479   5.2092E+05  4.2818E+04  4.5696E+03
0000480   5.1661E+05 -5.2858E+03  9.0073E+03
0000481   5.0984E+05  1.5879E+04 -7.3647E+03
0000482   5.2253E+05  1.7449E+04 -2.8339E+02
0000483   5.1499E+05 -1.2475E+04  1.2190E+03
0000484   5.3278E+05 -2.7986E+04  1.1781E+04
0000485   5.3586E+05 -8.8761E+03 -1.2622E+04
0000486   5.5427E+05  9.6088E+03  1.4478E+03
0000487   5.2595E+05  6.4300E+03  5.9871E+03
0000488   5.2626E+05  3.3505E+04  1.8591E+04
0000489   5.1962E+05  4.8725E+03 -1.6870E+04
0000490   5.1539E+05 -1.1428E+03 -2.5250E+04
0000491   5.2044E+05 -2.9639E+04 -1.1022E+04
0000492   5.2220E+05 -3.1889E+03  3.8684E+04
0000493   5.2922E+05  3.3768E+03 -2.0388E+04
0000494   5.2515E+05  1.8215E+04 -1.6734E+03
0000495   5.1369E+05 -2.1984E+04  1.6455E+04
0000496   5.2842E+05 -5.0411E+01 -2.5677E+03
0000497   5.1444E+05  3.4149E+04 -1.8786E+04
0000498   5.1761E+05 -2.8869E+03  2.5372E+04
0000499   5.0890E+05  2.4783E+04 -8.5529E+03
0000500   5.3789E+05 -1.7248E+04 -1.3638E+04
0000501   5.1976E+05  1.6640E+04  1.1872E+04
0000502   5.1901E+05 -4.3350E+04 -3.6698E+04
0000503   5.1933E+05 -5.8971E+03  1.3183E+04
0000504   5.1794E+05 -1.9065E+04 -6.8167E+02
0000505   5.2743E+05 -4.1243E+04  1.4686E+04
0000506   5.3309E+05  8.2851E+03 -6.7831E+03
0000507   5.3322E+05 -2.1870E+03 -8.5107E+03
0000508   5.2428E+05  1.4402E+04  1.1979E+04
0000509   5.1430E+05 -1.4567E+04 -1.9140E+04
0000510   5.2535E+05 -9.6568E+03  2.0359E+04
0000511   5.2936E+05  8.8933E+03 -3.9878E+04
0000512   5.3067E+05 -7.9046E+03 -1.4289E+04
0000513   5.3767E+05  1.0824E+04  7.4869E+03
0000514   5.1902E+05 -1.6070E+04  4.8806E+04
0000515   5.1936E+05  1.2975E+04 -2.3767E+03
0000516   5.3145E+05 -2.1222E+04 -1.6315E+04
0000517   5.3034E+05  7.4254E+03  3.8736E+03
0000518   5.1161E+05  8.7163E+03  1.4077E+04
0000519   5.2261E+05 -4.1197E+03  1.4864E+04
0000520   5.0943E+05 -2.2392E+04 -2.2383E+04
0000521   5.3238E+05  3.8404E+04  4.8342E+03
0000522   5.2404E+05  5.2747E+04 -2.0645E+04
0000523   5.0907E+05 -6.1379E+04  2.4889E+04
0000524   5.1310E+05 -3.4124E+04 -1.1055E+04
0000525   5.3321E+05 -1.5115E+04 -7.8545E+03
0000526   5.2067E+05 -2.1165E+04  2.5420E+04
0000527   5.2035E+05 -5.5903E+03 -5.4440E+03
0000528   5.1960E+05  3.3414E+03 -3.7957E+03
0000529   5.1998E+05 -1.6784E+04  1.5903E+03
0000530   5.3734E+05  6.5893E+03  1.0032E+04
0000531   5.3010E+05 -5.6517E+03 -1.2418E+04
0000532   5.3366E+05  6.2666E+03 -3.5027E+02
0000533   5.2702E+05 -8.0526E+03  1.1051E+04
0000534   5.2805E+05 -3.1348E+04 -2.1134E+04
0000535   5.3556E+05 -1.5829E+04 -1.6080E+04
0000536   5.1610E+05  2.7693E+03 -1.5073E+04
0000537   5.2996E+05 -2.7737E+04  7.4976E+03
0000538   5.2236E+05  5.2889E+03 -1.0041E+04
0000539   5.1694E+05  5.2289E+03  1.3386E+03
0000540   5.3347E+05  2.6324E+03 -2.5185E+03
0000541   5.2841E+05  2.5877E+03 -2.1239E+04
0000542   5.0509E+05 -3.8386E+04 -2.2352E+03
0000543   5.1646E+05 -3.1715E+04 -2.1814E+04
0000544   5.3737E+05 -2.3612E+04  1.6187E+03
0000545   5.1218E+05 -1.3836E+04 -7.1309E+03
0000546   5.4937E+05 -1.9900E+04  6.7689E+03
0000547   5.0731E+05  1.7270E+04 -2.3807E+04
0000548   5.2071E+05 -1.0158E+04  9.6270E+03
0000549   5.1936E+05 -1.8142E+04  3.0529E+03
0000550   5.3168E+05 -1.6113E+04  1.0921E+04
0000551   5.1757E+05 -5.1967E+03  1.2146E+04
0000552   5.1858E+05 -2.9633E+04  1.0081E+04
0000553   5.1499E+05 -1.7740E+04 -1.3194E+03
0000554   5.1543E+05  1.1171E+04 -2.4460E+02
0000555   5.1273E+05 -1.6496E+04 -1.6455E+04
0000556   5.1544E+05  2.4192E+03 -3.2969E+03
0000557   5.3924E+05  3.4157E+03 -9.9240E+03
0000558   5.3785E+05  8.3174E+03  1.1181E+04
0000559   5.2911E+05 -1.6276E+04 -2.6347E+03
0000560   5.1533E+05 -6.0214E+03  2.3328E+04
0000561   5.0600E+05  9.7496E+03  9.1259E+03
0000562   5.1934E+05 -4.7198E+04  2.3110E+03
0000563   5.1710E+05 -2.5285E+03 -3.4965E+04
0000564   5.1958E+05 -1.2861E+04  1.5404E+04
0000565   5.4128E+05 -1.0762E+04  1.1625E+04
0000566   5.1846E+05 -9.5849E+03 -9.5456E+03
0000567   5.3636E+05  8.2356E+03  3.5671E+03
0000568   5.1271E+05  2.1888E+04  2.4429E+03
0000569   5.1713E+05 -9.7097E+03  2.2732E+04
0000570   5.2524E+05  2.0699E+04 -6.7077E+03
0000571   5.2403E+05  3.0856E+03  2.6246E+04
0000572   5.1728E+05 -2.2023E+04 -4.9633E+03
0000573   5.2715E+05 -1.7769E+02 -2.4673E+04
0000574   5.2883E+05  1.2562E+04  5.9510E+03
0000575   5.2250E+05 -2.5575E+03  5.6602E+04
0000576   5.1757E+05  2.2027E+03  1.1189E+04
0000577   5.2906E+05  1.4279E+04  3.4094E+03
0000578   5.2273E+05  2.5402E+03 -1.1998E+03
0000579   5.1551E+05 -1.3731E+04 -7.7178E+03
0000580   5.4768E+05 -3.1402E+03  1.4527E+03
0000581   5.1756E+05 -3.1256E+03 -1.7049E+04
0000582   5.1286E+05 -6.0692E+04  5.1062E+03
0000583   5.1337E+05  2.9002E+03  7.2499E+03
0000584   5.2286E+05  3.4331E+03  1.7209E+03
0000585   5.3210E+05  1.0627E+04 -4.6812E+04
0000586   5.2048E+05 -1.0068E+04 -1.7973E+04
0000587   5.1778E+05 -1.5610E+04  2.0125E+04
0000588   5.1686E+05  9.9753E+02 -1.0330E+03
0000589   5.2441E+05  1.7179E+03 -3.7197E+03
0000590   5.0877E+05  5.7713E+04  2.9912E+03
0000591   5.1756E+05  1.4974E+04  5.0370E+03
0000592   5.2063E+05 -2.8963E+03  1.8082E+04
0000593   5.2103E+05  1.6144E+04  3.9056E+04
0000594   5.2619E+05  7.9247E+03  2.7820E+03
0000595   5.2887E+05 -2.4167E+04  1.8614E+04
0000596   5.3044E+05 -1.1911E+04  6.0342E+03
0000597   5.4065E+05  1.4256E+04  1.0084E+04
0000598   5.2000E+05  2.6735E+04 -3.5080E+03
0000599   5.1321E+05 -4.0350E+04 -7.2843E+03
0000600   5.2522E+05  1.4890E+04 -4.7435E+03
0000601   5.2791E+05 -1.0585E+04 -1.5506E+03
0000602   5.2415E+05  5.5229E+04  3.6954E+03
0000603   5.1961E+05 -1.5782E+04 -5.9564E+04
0000604   5.3879E+05  3.1202E+04 -1.5557E+03
0000605   5.4350E+05  2.1148E+04  1.3054E+03
0000606   5.1069E+05 -2.3979E+04  3.5155E+03
0000607   5.2153E+05 -1.0783E+04 -1.7738E+04
0000608   5.2642E+05  1.4380E+04 -5.3744E+03
0000609   5.3104E+05  1.0353E+04  1.7631E+04
0000610   5.3612E+05 -8.4524E+03 -3.4800E+04
0000611   5.1565E+05  3.1860E+04 -3.4332E+02
0000612   5.2569E+05  3.5291E+02  3.4092E+04
0000613   5.1794E+05 -1.2636E+04  9.4910E+03
0000614   5.1266E+05 -6.3529E+03  1.2188E+03
0000615   5.4829E+05  2.6469E+03 -2.9468E+04
0000616   5.3933E+05  4.3763E+04  4.8137E+04
0000617   5.1764E+05  9.1534E+03  3.3782E+04
0000618   5.1915E+05 -1.5320E+03  6.7436E+03
0000619   5.1354E+05 -8.5196E+03  3.9730E+03
0000620   5.1223E+05 -3.1046E+04  1.5998E+04
0000621   5.2405E+05 -1.2780E+03 -2.0835E+04
0000622   5.2769E+05  1.2694E+04 -8.0545E+03
0000623   5.1942E+05 -1.5638E+04  3.6260E+03
0000624   5.1681E+05  3.2429E+04 -1.9304E+04
0000625   5.0396E+05 -2.0670E+04  8.6912E+04
0000626   5.3700E+05  1.9745E+04  2.5633E+04
0000627   5.3407E+05  3.9197E+03 -3.7034E+02
0000628   5.2700E+05  1.1048E+03 -1.5646E+04
0000629   5.1086E+05  6.3154E+04 -7.4257E+04
0000630   5.3971E+05  1.7274E+04 -8.8750E+03
0000631   5.3577E+05 -3.4344E+03 -1.6273E+04
0000632   5.3369E+05 -1.3813E+04 -1.1531E+04
0000633   5.2979E+05  1.3761E+04 -5.6789E+04
0000634   5.1703E+05 -3.1042E+03  2.9438E+04
0000635   5.0890E+05  7.6325E+03  2.5723E+04
0000636   5.1520E+05  2.1398E+04  1.5809E+04
0000637   4.8166E+05  1.6285E+05  3.8269E+04
0000638   5.2746E+05  3.4059E+03  5.7015E+02
0000639   5.0535E+05 -8.7423E+04  3.7416E+04
0000640   5.2566E+05 -9.9285E+03 -3.4867E+04
0000641   5.1993E+05  1.0985E+04  2.1868E+03
0000642   5.1486E+05  7.7052E+03  2.7499E+04
0000643   2.0785E+05 -2.5959E+05 -2.0503E+05
0000644   5.2130E+05  9.4397E+03  1.5158E+04
0000645   5.1354E+05 -1.5861E+04 -6.5722E+03
0000646   5.3247E+05 -4.6351E+03 -8.9524E+03
0000647   5.2360E+05 -2.5306E+04 -8.8031E+03
0000648   5.2632E+05  1.2176E+04 -3.4723E+04
0000649   5.2362E+05 -4.3593E+04 -3.9099E+04
0000650   5.1569E+05 -3.2081E+03  1.8662E+04
0000651   5.0946E+05  2.1115E+04 -3.8518E+04
0000652   5.1352E+05  1.7099E+03  2.1552E+04
0000653   5.1327E+05 -3.9087E+04  2.4982E+04
0000654   5.3438E+05  1.6879E+04 -2.8645E+04
0000655   5.1856E+05  2.1051E+03  1.6132E+04
0000656   5.1103E+05 -4.5523E+01  2.6994E+04
0000657   5.3149E+05  4.2534E+04  1.8498E+03
0000658   5.3374E+05  1.5687E+04  9.0068E+03
0000659   5.4904E+05 -3.2433E+04 -1.6005E+04
0000660   5.3086E+05 -2.5131E+04  1.4349E+04
0000661   5.1167E+05  2.0393E+04 -1.9524E+04
0000662   5.2638E+05  1.1241E+04  5.7503E+04
0000663   5.0224E+05  3.9453E+04  5.2545E+03
0000664   5.3717E+05 -1.1526E+04  3.6489E+03
0000665   5.2815E+05  2.4621E+04  1.1939E+04
0000666   5.1412E+05  2.1381E+04 -2.2014E+04
0000667   5.0904E+05  1.5717E+04 -8.7375E+03
0000668   5.2528E+05  4.5601E+03  2.4797E+04
0000669   5.2473E+05 -3.7370E+03 -3.6842E+04
0000670   5.3506E+05 -1.6599E+04  7.8432E+03
0000671   5.2277E+05  3.7768E+03  1.5190E+04
0000672   5.1470E+05 -1.9505E+04  1.5701E+03
0000673   5.1494E+05  1.2362E+04  1.5221E+04
0000674   5.0380E+05 -7.4015E+02 -4.5716E+04
0000675   5.1726E+05  7.7449E+02  5.1750E+03
0000676   5.3044E+05 -6.5543E+03  4.3224E+03
0000677   5.3814E+05  1.2389E+04  2.7818E+02
0000678   5.2735E+05  1.3576E+04 -6.1810E+03
0000679   5.3541E+05 -2.1866E+04  6.3057E+03
0000680   5.2537E+05  5.2846E+03 -4.3876E+03
0000681   5.2233E+05 -2.0530E+04  2.6768E+04
0000682   5.2769E+05 -1.1852E+04 -2.4075E+03
0000683   5.3956E+05  2.3569E+04  2.0501E+03
0000684   5.2752E+05 -1.2671E+03 -2.0775E+03
0000685   5.3165E+05  2.3903E+03  1.2389E+04
0000686   5.1936E+05  1.4715E+04  1.1258E+04
0000687   5.2758E+05 -1.3543E+04 -3.1794E+04
0000688   5.2558E+05 -2.2281E+03 -6.6834E+03
0000689   5.2271E+05 -1.4173E+04  7.3728E+01
0000690   5.1144E+05 -1.9905E+04 -1.6066E+04
0000691   5.2178E+05 -7.2175E+03  2.7118E+04
0000692   5.1326E+05 -8.1928E+03  1.3169E+04
0000693   5.2729E+05 -9.2827E+03  3.1676E+04
0000694   5.2731E+05 -2.6708E+04  1.4203E+04
0000695   5.1336E+05 -6.3968E+03 -9.6857E+03
0000696   5.2362E+05 -2.6073E+04  3.5068E+03
0000697   5.1122E+05  4.7548E+03  1.2863E+04
0000698   5.1925E+05  2.9420E+04 -1.1839E+04
0000699   5.3192E+05  2.0523E+04  1.4024E+04
0000700   5.1451E+05 -3.0473E+04 -1.4317E+03
0000701   5.2805E+05 -2.0488E+04  1.0176E+04
0000702   5.1429E+05  1.9224E+04 -6.4639E+03
0000703   5.3634E+05  8.5827E+03 -5.2411E+03
0000704   5.3658E+05 -1.1469E+04  6.4622E+01
0000705   5.1451E+05 -1.6820E+04 -3.3757E+03
0000706   5.2670E+05  3.7289E+04  5.2082E+03
0000707   5.2398E+05 -3.4437E+03  7.8649E+03
0000708   5.3371E+05 -1.2433E+04 -2.0401E+04
0000709   5.2362E+05  1.0629E+04  5.0018E+03
0000710   5.2419E+05  5.4633E+03 -3.0960E+03
0000711   5.4863E+05 -1.1163E+04  5.6070E+03
0000712   5.1344E+05  3.6070E+04 -7.2088E+03
0000713   5.3437E+05  7.3447E+01  6.0038E+03
0000714   5.3400E+05  1.1976E+04 -2.2110E+04
0000715   5.1692E+05 -1.1587E+04  8.9723E+01
0000716   5.0697E+05 -7.4295E+03 -1.2538E+04
0000717   5.2610E+05  9.5743E+03  5.2849E+04
0000718   5.1449E+05 -1.0673E+04 -2.1067E+04
0000719   5.2603E+05  2.2181E+04  1.1287E+04
0000720   5.1717E+05 -4.2620E+03 -2.1809E+04
0000721   5.2500E+05 -8.3494E+02 -1.2928E+04
0000722   5.2818E+05  1.9073E+04 -7.6281E+03
0000723   5.3409E+05 -2.5497E+03 -2.3568E+03
0000724   5.3132E+05  2.2770E+04  2.0291E+03
0000725   5.1492E+05 -2.0970E+04  4.8807E+04
0000726   5.3857E+05  9.4002E+03 -2.8938E+04
0000727   5.2388E+05  4.6175E+03  1.9270E+04
0000728   5.2602E+05 -4.3038E+02 -7.7911E+02
0000729   5.2065E+05 -2.6387E+04 -5.1088E+03
0000730   5.1360E+05  5.0059E+03  4.2690E+04
0000731   5.3539E+05  1.7607E+03 -2.4996E+03
0000732   5.0823E+05 -1.5566E+04  3.5759E+03
0000733   5.3936E+05  5.0506E+03 -1.5688E+04
0000734   5.1681E+05 -9.4903E+03  8.2468E+03
0000735   5.3773E+05 -1.7278E+03 -2.0526E+03
0000736   5.2777E+05  9.9410E+03  3.0953E+04
0000737   5.2993E+05 -3.6161E+04 -4.7799E+03
0000738   5.3085E+05  1.0936E+04  1.6315E+04
0000739   5.3678E+05 -4.2337E+03  1.4130E+04
0000740   5.2422E+05 -1.9175E+03 -1.8184E+04
0000741   5.4013E+05  3.1832E+04  2.3898E+04
0000742   5.3366E+05  1.0767E+04  8.6117E+03
0000743   5.1984E+05  1.4823E+04 -3.8715E+04
0000744   5.3879E+05  5.8030E+03 -2.5404E+04
0000745   5.2242E+05  5.0041E+04 -1.9916E+04
0000746   5.2873E+05  2.1867E+04  4.4664E+03
0000747   5.3212E+05 -2.9767E+03 -1.3835E+04
0000748   5.1982E+05  3.6942E+04 -2.1877E+04
0000749   5.2768E+05 -7.1662E+03  1.5589E+04
0000750   5.1118E+05  2.8536E+04 -1.6933E+04
0000751   5.2153E+05 -6.3794E+03 -1.2096E+04
0000752   5.3711E+05 -1.6850E+04 -1.6239E+04
0000753   5.3260E+05 -2.2401E+03  4.6968E+03
0000754   5.2965E+05 -2.7943E+04  1.4155E+04
0000755   5.1131E+05  1.9317E+04 -2.5387E+04
0000756   5.2649E+05  4.0793E+03  3.3182E+03
0000757   5.4300E+05  2.0599E+04  7.9497E+03
0000758   5.3177E+05  2.0851E+04 -1.5504E+04
0000759   5.2659E+05 -2.7674E+03  1.3873E+03
0000760   5.3201E+05  3.2938E+04  2.2226E+04
0000761   5.3233E+05 -2.2105E+03  6.3069E+03
0000762   5.2539E+05 -8.6607E+03 -3.7605E+04
0000763   5.2291E+05  1.2705E+04  1.0372E+04
0000764   5.2554E+05 -1.1656E+04 -2.5696E+04
0000765   5.2176E+05  1.4841E+04  2.7712E+04
0000766   5.2490E+05  2.6855E+04  7.9954E+03
0000767   5.0847E+05 -8.8672E+03 -5.9671E+03
0000768   5.1840E+05  3.2390E+04  1.5619E+03
0000769   5.3460E+05  9.2246E+03  2.7416E+04
0000770   5.3605E+05  2.2468E+04  5.4411E+02
0000771   5.3045E+05  2.5634E+04 -1.1115E+04
0000772   5.2662E+05 -6.1083E+03  1.6387E+04
0000773   5.1353E+05  1.6845E+04  1.6705E+04
0000774   5.3301E+05 -2.8872E+04  1.9423E+04
0000775   5.1404E+05  5.9375E+04 -2.5767E+04
0000776   5.3508E+05 -3.2734E+03  1.0163E+04
0000777   5.3011E+05  9.1491E+03  1.9931E+04
0000778   5.2658E+05 -3.5848E+02 -1.4348E+04
0000779   5.2990E+05 -2.5148E+03 -7.4273E+03
0000780   5.3072E+05 -6.6467E+03  2.4847E+04
0000781   5.1117E+05  1.6567E+04  4.5166E+03
0000782   5.1478E+05 -1.3308E+04  8.2230E+02
0000783   5.1929E+05 -4.9531E+03 -9.7654E+03
0000784   5.2571E+05 -2.2316E+04 -1.6697E+04
0000785   5.3401E+05  1.0175E+04 -1.4322E+04
0000786   5.3546E+05 -3.3319E+04  6.5623E+02
0000787   5.3579E+05 -2.3247E+04  1.3743E+04
0000788   5.2914E+05  1.3989E+04  1.4861E+04
0000789   5.3283E+05  1.3506E+04 -2.3140E+04
0000790   5.2066E+05 -1.2367E+04  4.3994E+04
0000791   5.3060E+05 -8.7492E+02  1.9181E+04
0000792   5.2130E+05  7.9425E+03  1.6376E+04
0000793   5.3905E+05  1.4439E+04 -4.6718E+03
0000794   5.4988E+05  2.3307E+04  1.2173E+04
0000795   5.3426E+05 -3.2137E+04  1.3303E+04
0000796   5.3154E+05  2.7528E+02 -7.3975E+03
0000797   5.2389E+05  1.9506E+04 -2.6726E+04
0000798   5.2968E+05 -6.1165E+04  3.5687E+04
0000799   5.2876E+05 -6.3683E+04 -2.7620E+04
0000800   5.2212E+05 -9.8429E+03 -4.3129E+04
0000801   5.3534E+05 -7.3955E+03  3.1144E+04
0000802   5.3740E+05 -6.2641E+03 -1.1161E+04
0000803   5.3924E+05 -2.0362E+03 -2.3021E+04
0000804   5.1492E+05  1.8679E+04 -1.7016E+04
0000805   5.2957E+05  4.7663E+04 -6.9459E+04
0000806   5.2702E+05 -9.5721E+03 -3.0366E+03
0000807   5.2176E+05  2.4179E+04  1.2794E+04
0000808   5.2708E+05  1.1584E+04  5.2598E+01
0000809   5.1893E+05  4.3705E+03 -5.2348E+03
0000810   5.1387E+05  1.9441E+04  8.1870E+03
0000811   5.1722E+05  4.2670E+03  1.5177E+04
0000812   5.2374E+05  1.3530E+04 -3.3169E+04
0000813   5.2387E+05 -3.1853E+04  8.7835E+02
0000814   5.2220E+05 -4.6524E+04 -2.2881E+04
0000815   5.3637E+05 -4.1074E+04 -1.3655E+04
0000816   4.5909E+05 -1.1006E+05  8.9195E+04
0000817   5.3135E+05 -6.5690E+03  1.0553E+04
0000818   5.4373E+05  2.7311E+04 -1.0850E+04
0000819   5.2103E+05 -5.5415E+04  4.3701E+04
0000820   5.0304E+05  6.6472E+03 -5.0358E+03
0000821   5.3053E+05  7.1991E+04  1.2569E+04
0000822   5.3565E+05  2.7987E+03  2.7625E+04
0000823   5.2954E+05 -3.0240E+04 -7.8640E+03
0000824   5.1635E+05 -5.7539E+03  8.1501E+02
0000825   5.2695E+05 -1.1383E+04  1.3672E+04
0000826   5.2328E+05 -2.6950E+04  7.8571E+03
0000827   5.0684E+05  2.1510E+04 -1.0763E+04
0000828   5.1471E+05 -6.1549E+03 -1.8084E+04
0000829   5.2956E+05  5.2963E+03 -1.6693E+03
0000830   5.2053E+05 -1.7567E+03  1.2529E+04
0000831   5.1230E+05 -1.9383E+04  7.3590E+03
0000832   5.2906E+05 -1.9454E+04  1.0197E+04
0000833   5.1906E+05  4.7651E+03 -4.6007E+03
0000834   5.1466E+05  7.2104E+03  2.5416E+03
0000835   5.3532E+05 -5.3012E+03 -5.4511E+03
0000836   5.2697E+05  2.8423E+03  1.4355E+04
0000837   5.1968E+05 -8.5224E+04 -2.6277E+04
0000838   5.2643E+05 -1.0843E+04  2.5460E+03
0000839   5.2881E+05 -5.1246E+03 -9.0649E+03
0000840   5.2979E+05 -7.6762E+03 -7.8342E+03
0000841   5.3254E+05  1.9967E+04  2.6181E+04
0000842   5.3054E+05  4.4972E+04  7.7468E+03
0000843   5.1948E+05  1.3554E+04 -2.2476E+04
0000844   5.3734E+05  1.7871E+03 -5.0341E+03
0000845   5.3302E+05 -1.4545E+03  1.3032E+04
0000846   5.2635E+05  1.5289E+04  8.7517E+03
0000847   5.2177E+05  1.1000E+04  1.1722E+04
0000848   5.1743E+05  8.2825E+03  1.0453E+04
0000849   5.2080E+05 -2.8844E+03 -1.6523E+04
0000850   5.1655E+05 -2.4465E+03  2.2887E+03
0000851   5.0982E+05 -2.6427E+04 -7.4010E+03
0000852   5.3237E+05 -1.8209E+04 -1.0125E+04
0000853   5.3458E+05 -8.7256E+02  3.7372E+02
0000854   5.4920E+05  2.3964E+04  2.8787E+03
0000855   5.4067E+05 -9.1006E+03  2.8458E+04
0000856   5.3055E+05 -9.3497E+03  3.1660E+04
0000857   5.2906E+05  1.0644E+04  3.3610E+03
0000858   5.1984E+05  2.0663E+04 -8.6467E+02
0000859   5.1844E+05 -7.4354E+04 -4.4667E+03
0000860   5.2068E+05  8.7339E+03  3.2926E+03
0000861   5.1438E+05 -9.8935E+03 -2.0137E+04
0000862   5.1826E+05  9.5215E+03  1.4522E+03
0000863   5.4282E+05  2.9027E+04  9.9220E+01
0000864   5.3011E+05  1.4019E+04  1.8543E+04
0000865   5.2836E+05  1.9644E+03 -2.3751E+04
0000866   5.1673E+05 -7.0455E+03 -8.9631E+03
0000867   5.2662E+05  3.3573E+03  2.8267E+03
0000868   5.2925E+05 -1.0171E+04 -6.9393E+03
0000869   5.2193E+05  5.8969E+03 -1.7234E+03
0000870   5.3292E+05 -2.2265E+04  7.8765E+03
0000871   5.2376E+05 -7.2554E+03 -4.3009E+04
0000872   5.1718E+05  4.1421E+02 -7.6749E+03
0000873   5.2716E+05 -5.8529E+02 -1.6072E+04
0000874   5.1875E+05 -2.3890E+04 -1.1298E+04
0000875   5.0329E+05  1.9074E+04  2.1264E+04
0000876   5.2144E+05  3.4870E+04 -1.1671E+04
0000877   5.0942E+05  1.5329E+04 -2.1775E+03
0000878   5.4090E+05 -7.3720E+03  8.1849E+03
0000879   5.2756E+05  1.4432E+04 -9.8208E+03
0000880   5.0810E+05 -3.8505E+04  5.2048E+04
0000881   5.1867E+05 -6.7579E+03  1.7384E+04
0000882   5.1593E+05  1.1562E+04  9.3807E+03
0000883   5.2712E+05 -1.1738E+04  2.7638E+03
0000884   5.2075E+05 -2.7529E+03 -1.9544E+03
0000885   5.3520E+05  4.2084E+04  4.6534E+04
0000886   5.1786E+05  1.6254E+04 -1.1274E+04
0000887   5.2538E+05  2.6215E+03 -2.1344E+04
0000888   5.2617E+05  4.7358E+03  1.2153E+04
0000889   5.1099E+05  2.5739E+04 -2.5437E+04
0000890   5.3643E+05 -1.1913E+04  1.6792E+04
0000891   5.1530E+05  7.4880E+03 -3.2746E+04
0000892   5.2475E+05 -1.9024E+04  2.2031E+04
0000893   5.3877E+05 -2.2567E+04  1.5637E+04
0000894   5.2962E+05 -9.3369E+03 -1.9181E+04
0000895   5.1619E+05  2.0480E+04 -6.4538E+03
0000896   5.3707E+05 -1.7226E+04 -1.2607E+04
0000897   5.3103E+05 -1.9680E+04  2.6096E+03
0000898   5.1352E+05 -4.6882E+03 -2.5640E+04
0000899   5.3188E+05  2.6921E+03  3.0107E+04
0000900   5.2187E+05 -3.8603E+04 -3.3713E+04
0000901   5.2071E+05 -1.4187E+04 -3.4147E+03
0000902   5.4237E+05 -3.0262E+03 -1.3372E+04
0000903   5.2953E+05  8.6282E+02 -5.7174E+03
0000904   5.2925E+05  3.5545E+04  4.6851E+03
0000905   5.1794E+05  1.0845E+04 -7.9809E+03
0000906   4.9765E+05  3.4489E+04 -3.6248E+04
0000907   5.2136E+05 -4.6540E+03  3.7402E+03
0000908   5.1575E+05 -4.7904E+04 -3.1245E+04
0000909   5.2431E+05  2.6751E+03 -3.4718E+03
0000910   5.2540E+05  1.5535E+04  3.5294E+03
0000911   5.2182E+05  9.1061E+03  3.3182E+03
0000912   5.2233E+05  8.6370E+03  2.1674E+04
0000913   5.1943E+05  4.2338E+03 -1.3410E+04
0000914   5.4666E+05 -2.5832E+03  3.1982E+04
0000915   5.2932E+05 -1.3647E+04  1.1360E+02
0000916   5.3518E+05  8.4561E+03  5.2590E+03
0000917   5.2625E+05 -6.4010E+03  1.1465E+04
0000918   5.1648E+05  2.5156E+04 -4.9484E+04
0000919   5.2495E+05  3.2035E+04 -1.4968E+04
0000920   5.2288E+05  2.6370E+03  1.8015E+04
0000921   5.2963E+05 -3.8186E+03 -1.3989E+04
0000922   5.0512E+05  2.8391E+04  2.7532E+04
0000923   5.2990E+05 -3.1497E+04  1.3380E+04
0000924   5.0551E+05 -6.8884E+03  8.3274E+03
0000925   5.2547E+05 -2.1300E+04 -3.8408E+03
0000926   5.2373E+05 -9.0825E+03  1.2429E+03
0000927   5.3135E+05  1.0055E+04  3.3106E+03
0000928   5.2131E+05 -1.6377E+04 -9.5071E+03
0000929   5.4209E+05  1.5638E+04 -1.4011E+03
0000930   5.2430E+05  1.0964E+04  1.5703E+03
0000931   5.1936E+05  2.4698E+04 -1.5643E+04
0000932   5.2174E+05 -6.2139E+03 -8.5713E+03
0000933   5.2760E+05 -4.1604E+03  3.8109E+03
0000934   5.2810E+05 -1.3518E+03 -1.0881E+04
0000935   5.4397E+05 -6.8502E+03 -1.7884E+03
0000936   5.2812E+05 -3.9795E+03  1.5868E+04
0000937   5.2774E+05  2.9303E+04 -3.2650E+04
0000938   5.2200E+05 -1.4408E+04  1.1520E+04
0000939   5.1810E+05 -2.2126E+04 -2.4338E+02
0000940   5.3363E+05  2.7676E+03  1.7008E+04
0000941   5.2233E+05  8.2943E+03 -3.0520E+03
0000942   5.2294E+05  4.7825E+04 -3.3644E+04
0000943   5.1394E+05 -5.5590E+04 -9.1162E+04
0000944   5.2440E+05 -1.5014E+04  1.1143E+04
0000945   5.2532E+05  1.1324E+04  2.6499E+03
0000946   5.3129E+05  2.7855E+03  4.5814E+04
0000947   5.0574E+05  1.7614E+04 -2.9438E+03
0000948   5.1021E+05 -3.1292E+04 -4.6023E+04
0000949   5.2454E+05 -6.3609E+03  9.2482E+03
0000950   5.3727E+05  1.0310E+04 -3.7023E+03
0000951   5.1699E+05 -1.0951E+04  5.0076E+03
0000952   5.2686E+05 -1.7944E+03  1.2511E+04
0000953   5.3313E+05 -5.6128E+03  3.2893E+03
0000954   5.2154E+05  2.9765E+04  1.5987E+04
0000955   5.3524E+05 -3.9850E+03 -2.2915E+04
0000956   5.2929E+05 -1.9281E+04 -1.7797E+03
0000957   5.1890E+05 -5.5954E+03  1.1471E+04
0000958   5.3328E+05  8.4680E+03 -1.4092E+02
0000959   5.2619E+05 -6.5357E+03 -1.1531E+04
0000960   5.3148E+05  1.6833E+04  3.8596E+04
0000961   5.2566E+05  2.8844E+04  1.3585E+04
0000962   5.3248E+05  2.0262E+03  1.0863E+04
0000963   5.1290E+05  7.5406E+03 -2.8511E+03
0000964   5.3255E+05 -3.5863E+03  1.6737E+04
0000965   5.0063E+05 -1.0548E+04  7.5320E+04
0000966   5.0998E+05 -1.5891E+04  1.8736E+04
0000967   5.2301E+05  6.2717E+03  1.9076E+04
0000968   5.3481E+05 -7.1040E+03  7.9854E+03
0000969   5.2559E+05  7.6332E+03  1.0374E+04
0000970   5.3667E+05  1.0803E+04 -2.4931E+04
0000971   5.2336E+05 -1.7062E+04  1.3262E+04
0000972   5.2950E+05  7.1320E+03 -1.6639E+04
0000973   5.3811E+05 -2.6306E+03  1.6218E+04
0000974   5.2771E+05 -3.3301E+04 -3.7168E+04
0000975   5.3852E+05  1.3357E+04  2.7461E+03
0000976   5.2867E+05 -2.1208E+02 -2.2889E+03
0000977   5.0208E+05  1.2535E+04 -4.7456E+03
0000978   5.2573E+05 -1.9113E+04 -2.3488E+04
0000979   4.8880E+05  8.5158E+03 -1.1708E+05
0000980   5.2750E+05  3.0064E+04 -1.2827E+04
0000981   5.3809E+05 -1.3994E+04  1.9021E+03
0000982   5.1166E+05 -3.1293E+04 -5.5172E+04
0000983   5.2941E+05 -1.0197E+03  3.1088E+04
0000984   5.1864E+05  2.3722E+04  1.1914E+04
0000985   5.2466E+05  9.0378E+03 -9.3382E+03
0000986   5.3476E+05 -1.5968E+04 -5.9980E+03
0000987   5.2654E+05  2.8118E+04 -1.0362E+04
0000988   5.2499E+05  2.7684E+04  4.8260E+04
0000989   5.3914E+05  7.9655E+03  1.0560E+04
0000990   5.1759E+05 -1.6432E+04 -1.7138E+03
0000991   5.1048E+05 -6.9241E+03 -1.9524E+03
0000992   5.3373E+05 -1.8276E+04  1.6112E+02
0000993   5.3488E+05 -3.2174E+04  1.0349E+04
0000994   5.2105E+05  2.1992E+02 -1.8711E+04
0000995   5.1734E+05  8.0882E+03  3.3723E+04
0000996   5.1761E+05 -3.3180E+04 -4.0412E+03
0000997   5.1391E+05  3.2743E+04 -4.8414E+03
0000998   5.1547E+05  2.9001E+03  8.1627E+03
0000999   5.1015E+05 -1.9790E+04  1.4536E+04
0001000   5.3175E+05  6.7719E+03 -3.4204E+03
