============================== SRIM-2013.00 ==============================
==============================================================================
====== SRIM Outputs\RANGE_3D.txt : File of Final Ion Positions =====

Ion =  H (01)   Ion Mass= 001.0080
Energy  = 3500000.E-03 keV
Ion Angle to Surface = 00.0 degrees
==================== TARGET =======================
  Layer # 1 - Si_Top    
  Layer # 1 - Bottom Depth=300000.E+01 A
  Layer # 1 - Density =0002.3210 g/cm3
  Layer # 1 -  100 % of Si
икикикикикикикикикикикикикикикикикикикикикикикикикикикикикикикикикикикикикикикикикикикикикикикикикикикик
  Layer # 2 - Si_Bottom 
  Layer # 2 - Bottom Depth=600000.E+01 A
  Layer # 2 - Density =0002.3210 g/cm3
  Layer # 2 -  100 % of Si
икикикикикикикикикикикикикикикикикикикикикикикикикикикикикикикикикикикикикикикикикикикикикикикикикикикик
                                            
Ion       Depth  X   Lateral Y   Lateral Z  
Number    (Angstrom) (Angstrom)  (Angstrom) 
-------  ----------- ----------- -----------
0000001   1.1950E+06 -4.1475E+04 -1.1658E+04
0000002   1.2009E+06 -1.7555E+05  1.5526E+05
0000003   1.2192E+06  4.8023E+03  1.2292E+03
0000004   1.1957E+06 -1.9945E+04 -8.0167E+03
0000005   1.1963E+06 -2.5638E+04 -2.6959E+04
0000006   1.2281E+06 -3.4358E+03  1.1160E+04
0000007   1.2210E+06 -2.9448E+04  3.0322E+04
0000008   1.1783E+06  1.5094E+04  3.4759E+04
0000009   1.2103E+06  1.4324E+04 -1.1838E+04
0000010   1.1926E+06  4.6092E+04  3.4866E+04
0000011   1.2019E+06  2.6186E+03  7.4422E+04
0000012   1.2061E+06 -1.0644E+04  1.5620E+04
0000013   1.1748E+06 -5.8541E+04  2.5107E+04
0000014   1.2244E+06 -5.4049E+04  5.9541E+04
0000015   1.1944E+06 -2.4916E+04  1.5354E+04
0000016   1.2022E+06 -5.3855E+02  2.8986E+04
0000017   1.1867E+06 -2.1774E+04  5.0775E+04
0000018   1.2005E+06  5.3575E+04 -1.3047E+04
0000019   1.2029E+06  5.8832E+04  1.4341E+03
0000020   1.1576E+06 -8.1232E+04  2.3361E+05
0000021   1.2077E+06  3.2714E+04  2.1478E+04
0000022   1.2222E+06 -5.0664E+04  1.0089E+04
0000023   1.2115E+06 -6.9330E+04  7.7990E+04
0000024   1.1519E+06 -5.4301E+04 -9.6162E+04
0000025   1.2081E+06 -1.0603E+04  4.7264E+03
0000026   1.2209E+06  5.8672E+04  1.3995E+04
0000027   1.1764E+06  5.1402E+04 -4.5497E+04
0000028   1.2070E+06  4.5263E+04 -8.8635E+04
0000029   1.2174E+06  4.6604E+04  4.0069E+04
0000030   1.1795E+06  7.5812E+04  5.7512E+04
0000031   1.1964E+06 -3.8716E+04  1.7291E+04
0000032   1.2081E+06 -5.2481E+04  4.2481E+04
0000033   1.1951E+06 -4.7188E+04 -2.4676E+04
0000034   1.2078E+06 -1.0383E+04 -3.0680E+04
0000035   1.2133E+06 -3.6611E+04 -3.4613E+04
0000036   1.2140E+06 -1.1502E+04  6.8015E+03
0000037   1.2244E+06  7.0179E+04  8.7945E+04
0000038   1.1780E+06 -2.9859E+04 -2.7840E+04
0000039   1.2148E+06  7.5233E+04  4.3238E+04
0000040   1.2149E+06 -3.2051E+04  5.5200E+04
0000041   1.2069E+06 -1.4082E+05  1.4443E+04
0000042   1.2132E+06  5.1452E+04  1.2089E+04
0000043   1.2149E+06 -3.5295E+03 -4.5960E+03
0000044   1.1923E+06  6.8956E+04 -9.5086E+04
0000045   1.1747E+06  8.9506E+04  3.0545E+04
0000046   1.2091E+06  2.1958E+04 -3.1198E+03
0000047   1.1813E+06 -1.2105E+04  1.2319E+04
0000048   1.1986E+06 -2.7150E+04  3.1783E+04
0000049   1.2532E+06  4.3549E+04 -3.2641E+03
0000050   1.2345E+06 -1.6176E+04 -7.6924E+04
0000051   1.1813E+06  7.5326E+04 -1.6802E+04
0000052   1.1966E+06 -9.7851E+04 -6.2233E+04
0000053   1.2267E+06 -3.4062E+04  7.4097E+04
0000054   1.2179E+06  4.5225E+04  7.6414E+03
0000055   1.1864E+06  2.4335E+04  5.6421E+04
0000056   1.2078E+06 -6.2159E+03  7.8208E+04
0000057   1.1861E+06  5.2595E+04  5.3848E+04
0000058   1.2140E+06 -1.3207E+03 -4.4188E+04
0000059   1.2170E+06  5.7793E+02  1.5610E+04
0000060   1.1924E+06  6.2765E+04  9.8862E+04
0000061   1.2185E+06  1.9148E+03  1.9862E+04
0000062   1.2107E+06 -4.4822E+04  5.4754E+04
0000063   1.2306E+06 -5.3221E+03 -1.9079E+04
0000064   1.1964E+06 -5.1651E+04 -1.7055E+04
0000065   1.2247E+06  1.6883E+04 -1.6941E+04
0000066   1.2293E+06  4.2110E+01  3.6117E+04
0000067   1.2478E+06 -3.9469E+04 -7.2393E+03
0000068   1.1947E+06 -3.5760E+04  1.2518E+04
0000069   1.2011E+06 -5.3528E+04 -3.4707E+04
0000070   1.1929E+06  3.5927E+04  4.6958E+04
0000071   1.1893E+06 -3.5536E+04  1.0972E+04
0000072   1.1935E+06  3.2014E+04 -1.0117E+04
0000073   1.2256E+06  4.3357E+02  8.2384E+04
0000074   1.2220E+06  7.0009E+04 -6.5779E+04
0000075   1.1769E+06 -9.3438E+04  1.8735E+04
0000076   1.2047E+06 -1.3876E+04  2.2993E+04
0000077   1.1982E+06  4.4066E+03 -3.2900E+04
0000078   1.2131E+06 -9.9584E+03  1.3259E+04
0000079   1.2009E+06 -5.2385E+04  5.7568E+04
0000080   1.2583E+06  5.5772E+04  6.2079E+03
0000081   1.2110E+06  9.0857E+03  1.2160E+04
0000082   1.2366E+06  8.1337E+04  3.7075E+04
0000083   1.1916E+06  3.6483E+04 -5.3654E+04
0000084   1.2040E+06 -4.2920E+04 -8.0805E+04
0000085   1.2204E+06  1.8565E+03 -3.5332E+03
0000086   1.2172E+06  5.1905E+04  6.9473E+03
0000087   1.1832E+06  6.9407E+03  3.1376E+04
0000088   1.2041E+06  3.8113E+04 -4.2031E+04
0000089   1.2186E+06  3.5631E+04 -1.0223E+04
0000090   1.2041E+06 -5.1924E+04 -3.0994E+04
0000091   1.1880E+06 -7.8593E+03  1.8559E+04
0000092   1.2065E+06 -2.4026E+03 -9.4682E+04
0000093   1.1825E+06  7.1945E+04  2.1631E+04
0000094   1.2047E+06 -8.4338E+03  1.1091E+04
0000095   1.1626E+06  2.0170E+04  1.1143E+04
0000096   1.1911E+06  1.4499E+04  3.4450E+04
0000097   1.1991E+06 -4.0502E+04 -2.9121E+04
0000098   1.2428E+06 -1.7425E+04 -3.8698E+04
0000099   1.2165E+06 -3.7346E+04 -2.4388E+04
0000100   1.1726E+06  1.0296E+05  1.3153E+05
0000101   1.2048E+06  2.2508E+04  4.6077E+04
0000102   1.2272E+06  1.0141E+04  1.2606E+03
0000103   1.1809E+06 -2.9765E+04 -5.0059E+04
0000104   1.2122E+06  2.0185E+04 -1.4945E+04
0000105   1.1857E+06  7.2199E+03  8.4769E+04
0000106   1.2149E+06  5.3871E+04  4.2350E+04
0000107   1.2447E+06 -2.6534E+04 -3.1952E+04
0000108   1.1926E+06  5.2606E+04 -3.4740E+04
0000109   1.2421E+06 -3.6136E+04 -1.6372E+03
0000110   1.1861E+06 -2.4395E+04 -2.5727E+04
0000111   1.2254E+06  1.0754E+04 -5.0128E+04
0000112   1.2193E+06  3.6226E+04 -1.2862E+04
0000113   1.2127E+06 -2.0994E+04 -2.3721E+04
0000114   1.1888E+06 -9.7499E+03  6.6863E+04
0000115   1.2093E+06 -1.5561E+04  6.4922E+03
0000116   1.2082E+06  4.6974E+03  3.5264E+03
0000117   1.1868E+06 -7.9748E+04  6.1494E+04
0000118   1.1871E+06 -1.3815E+04  1.1259E+04
0000119   1.2170E+06  5.1631E+04 -2.6927E+04
0000120   1.2057E+06  1.0526E+05 -5.8729E+04
0000121   1.1920E+06 -6.6789E+03 -5.3380E+04
0000122   1.2157E+06 -9.7925E+03 -1.1264E+04
0000123   1.1737E+06  4.5763E+04 -4.3904E+04
0000124   1.2152E+06  4.3353E+03 -7.2659E+04
0000125   1.2220E+06  2.2877E+04 -1.4240E+04
0000126   1.1907E+06  4.1486E+04  3.3741E+04
0000127   1.2091E+06  3.6281E+04 -7.7924E+04
0000128   1.2165E+06  1.6976E+05 -6.2666E+04
0000129   1.2147E+06  3.1089E+04 -6.6486E+04
0000130   1.1824E+06  9.3682E+03  1.3835E+04
0000131   1.1704E+06  5.4647E+04 -1.5352E+04
0000132   1.2085E+06  1.1885E+05 -5.3086E+04
0000133   1.2214E+06 -1.6107E+04  4.0127E+04
0000134   1.1666E+06  2.8286E+04 -1.2342E+05
0000135   1.2008E+06  3.6975E+04  6.3743E+04
0000136   1.2281E+06  1.6368E+04 -7.7672E+04
0000137   1.2492E+06 -6.4302E+03  4.8620E+04
0000138   1.2051E+06 -5.2427E+04  7.8581E+04
0000139   1.2022E+06 -1.9146E+03  1.9682E+04
0000140   1.2010E+06  3.2408E+04  7.3151E+04
0000141   1.2297E+06 -9.2960E+03  7.0198E+03
0000142   1.2068E+06 -1.5785E+04  9.7407E+03
0000143   1.2418E+06  7.8575E+04 -3.1247E+03
0000144   1.1935E+06  2.1537E+04  3.8112E+04
0000145   1.1911E+06  1.5113E+04  1.4337E+04
0000146   1.1924E+06  3.4608E+02 -3.5778E+04
0000147   1.1917E+06  7.0223E+04 -4.1918E+04
0000148   1.2085E+06 -4.4153E+04  9.4768E+03
0000149   1.2047E+06  3.0911E+04 -1.6733E+04
0000150   1.2091E+06 -2.4581E+04 -3.2463E+03
0000151   1.2587E+06  1.0187E+04  2.5497E+03
0000152   1.2092E+06  1.6974E+04  4.2723E+03
0000153   1.1912E+06 -7.1829E+04  1.4091E+05
0000154   1.2049E+06  1.7967E+04  2.6411E+04
0000155   1.1967E+06 -1.0643E+04  2.3450E+04
0000156   1.2056E+06  3.0808E+04 -5.2826E+04
0000157   1.2395E+06  5.2234E+04  5.3706E+04
0000158   1.1873E+06  9.5095E+03  6.8267E+04
0000159   1.2059E+06  8.1779E+04  1.0044E+03
0000160   1.1845E+06 -5.0910E+04 -4.6904E+04
0000161   1.1659E+06 -1.7014E+05 -5.2357E+04
0000162   1.2026E+06 -3.4584E+03 -8.1800E+03
0000163   1.2016E+06  1.3597E+04 -7.6400E+04
0000164   1.2168E+06  2.7005E+04 -1.6414E+04
0000165   1.2177E+06 -3.2872E+04 -6.7828E+03
0000166   1.2118E+06 -2.1219E+04 -8.6437E+03
0000167   1.2128E+06  2.8481E+04  1.2743E+04
0000168   1.2127E+06  3.4642E+04  3.9861E+04
0000169   1.1909E+06  9.1469E+03 -4.1923E+04
0000170   1.2221E+06  6.4003E+04 -3.6395E+04
0000171   1.2297E+06  4.3464E+04 -4.1805E+04
0000172   1.1694E+06  4.1455E+04 -1.1807E+05
0000173   1.2661E+06  1.3311E+04  5.2998E+04
0000174   1.1991E+06  1.0264E+05 -6.1157E+04
0000175   1.1959E+06 -3.3823E+04  6.4013E+03
0000176   1.2225E+06  9.8783E+03 -3.4987E+03
0000177   1.2136E+06 -5.4772E+04 -4.9271E+03
0000178   1.2290E+06 -6.4871E+03  5.4664E+04
0000179   1.1932E+06 -2.4214E+04  1.0443E+04
0000180   1.2251E+06  2.2261E+04  9.1704E+02
0000181   1.2395E+06  1.4621E+04  4.0156E+04
0000182   1.2146E+06 -6.2023E+04  2.9270E+04
0000183   1.1920E+06 -1.3598E+04  5.2299E+03
0000184   1.2010E+06 -3.0698E+03 -1.5730E+04
0000185   1.2084E+06  1.8857E+04  5.9952E+03
0000186   1.2034E+06 -4.9900E+03  3.0770E+04
0000187   1.1546E+06 -8.5297E+04 -6.2368E+04
0000188   1.1799E+06  2.8652E+04 -5.1042E+04
0000189   1.2009E+06 -7.8079E+04 -2.9268E+04
0000190   1.2057E+06 -1.4990E+04 -1.5114E+04
0000191   1.2103E+06  3.5781E+04 -1.0100E+04
0000192   1.1969E+06  4.2242E+04 -1.7452E+04
0000193   1.1995E+06 -4.3983E+04  4.7403E+04
0000194   1.1701E+06 -6.6592E+04 -1.5789E+04
0000195   1.1910E+06  1.1525E+04  6.2079E+03
0000196   1.2299E+06 -3.4884E+03 -3.3797E+04
0000197   1.1431E+06 -9.4074E+04  1.3212E+05
0000198   1.2125E+06 -2.0374E+04  9.8962E+03
0000199   1.2374E+06  3.6460E+04 -1.7835E+03
0000200   1.1664E+06  2.0396E+04  4.7146E+04
0000201   1.1894E+06  2.2685E+03  8.9255E+03
0000202   1.2118E+06 -5.5600E+04 -5.3298E+04
0000203   1.1949E+06  7.3752E+04 -1.5535E+04
0000204   1.2088E+06  5.0762E+03  2.7714E+04
0000205   1.2231E+06 -2.2456E+04  1.1715E+03
0000206   1.1961E+06 -1.3276E+04 -9.9668E+03
0000207   1.1784E+06 -1.0023E+05 -2.1803E+04
0000208   1.1807E+06 -2.0620E+03  4.6896E+04
0000209   1.2004E+06  4.3430E+04  1.5996E+04
0000210   1.1654E+06 -4.6860E+03 -7.3070E+04
0000211   1.2158E+06  6.3683E+04  6.6197E+04
0000212   1.2029E+06  2.2788E+04  3.4501E+04
0000213   1.1900E+06  1.0969E+04 -2.9033E+04
0000214   1.1912E+06 -5.2768E+04 -3.3667E+04
0000215   1.2147E+06  6.3938E+04  1.2207E+04
0000216   1.2011E+06  2.2475E+03 -7.5333E+04
0000217   1.2086E+06 -3.6795E+03 -6.1236E+04
0000218   1.1832E+06  2.8183E+04 -6.7655E+03
0000219   1.1876E+06  6.7233E+04 -3.1218E+03
0000220   1.1635E+06 -1.0507E+05  4.2547E+04
0000221   1.2697E+06 -2.8977E+04  2.6798E+04
0000222   1.1831E+06  2.0911E+03 -2.5670E+04
0000223   1.2080E+06 -8.5260E+04  2.7182E+04
0000224   1.2429E+06 -2.3742E+04 -3.0545E+04
0000225   1.1990E+06 -1.1583E+04  9.8288E+04
0000226   1.2179E+06 -3.6747E+04  8.6908E+04
0000227   1.1964E+06  4.7270E+04  1.8600E+04
0000228   1.1878E+06  9.4021E+04 -6.3727E+04
0000229   1.2107E+06 -4.6171E+04 -2.4973E+04
0000230   1.2057E+06 -1.4984E+04 -3.8540E+04
0000231   1.1835E+06 -1.6971E+04 -8.5527E+04
0000232   1.1812E+06 -2.2682E+03  2.6543E+04
0000233   1.1749E+06 -8.0728E+04  9.7452E+01
0000234   1.2008E+06  4.7261E+04  7.5632E+03
0000235   1.1656E+06 -1.3942E+04 -5.0913E+04
0000236   1.1981E+06  5.5354E+03 -1.4303E+04
0000237   1.1927E+06 -2.9518E+04 -4.0499E+03
0000238   1.1924E+06  2.2674E+04 -1.3137E+04
0000239   1.2192E+06  1.1902E+04  3.3537E+04
0000240   1.2112E+06 -3.1643E+04  2.4303E+04
0000241   1.1815E+06  9.8883E+04 -1.3790E+04
0000242   1.2611E+06  2.3657E+04 -2.1144E+04
0000243   1.2238E+06  1.7946E+04 -3.7886E+04
0000244   1.2204E+06 -5.5516E+04  9.7174E+03
0000245   1.1607E+06 -5.1847E+04 -1.7224E+04
0000246   1.2152E+06 -1.0068E+03  4.1107E+04
0000247   1.1831E+06  4.1208E+04 -1.2912E+04
0000248   1.1686E+06 -1.2889E+05  1.8779E+05
0000249   1.2049E+06 -1.1788E+04  7.2616E+04
0000250   1.2181E+06  5.0968E+04 -5.0097E+04
0000251   1.2061E+06 -4.3529E+03  2.0525E+04
0000252   1.2077E+06 -1.6107E+04  2.2695E+04
0000253   1.1852E+06 -4.8933E+04 -8.3840E+04
0000254   1.1933E+06  1.0727E+04 -1.5175E+04
0000255   1.2336E+06 -4.0462E+03  1.9402E+04
0000256   1.2045E+06  3.1007E+03  6.4908E+04
0000257   1.1874E+06  3.0564E+04  1.8068E+05
0000258   1.1693E+06  1.0258E+05  1.2591E+04
0000259   1.2111E+06 -2.2148E+04 -2.8317E+04
0000260   1.1863E+06 -9.9562E+03  2.4344E+04
0000261   1.1788E+06  3.1298E+04 -1.5909E+04
0000262   1.2279E+06 -1.0245E+04 -3.0404E+04
0000263   1.1679E+06 -8.0226E+03 -6.0676E+04
0000264   1.1734E+06  5.2561E+04  5.0438E+04
0000265   1.1956E+06 -1.1204E+04 -4.5473E+04
0000266   1.2272E+06 -3.2595E+04  1.3687E+04
0000267   1.2178E+06  1.1932E+04  6.8156E+04
0000268   1.1883E+06  1.7106E+04  1.6375E+04
0000269   1.1948E+06  3.4681E+04  2.2834E+04
0000270   1.1655E+06 -3.3401E+04 -9.5562E+04
0000271   1.2174E+06 -6.8539E+03 -2.0811E+04
0000272   1.2160E+06  3.5361E+04  2.4258E+04
0000273   1.2052E+06  9.6780E+03 -1.3065E+04
0000274   1.1916E+06  1.7276E+04 -1.2261E+04
0000275   1.1913E+06  9.0509E+03 -1.3902E+04
0000276   1.1864E+06  2.0846E+04  2.2332E+04
0000277   1.2101E+06  2.9615E+04  5.5492E+04
0000278   1.1774E+06  1.2143E+04  2.8473E+04
0000279   1.2041E+06 -1.7454E+04 -2.9132E+04
0000280   1.1656E+06  7.2327E+03  9.8285E+03
0000281   1.1814E+06 -3.5239E+04 -2.0415E+04
0000282   1.2043E+06  5.9988E+04 -5.9607E+04
0000283   1.1953E+06  3.5709E+03 -1.3768E+04
0000284   1.2019E+06  4.9979E+04 -2.7726E+04
0000285   1.2336E+06 -2.9651E+04  2.6132E+04
0000286   1.1970E+06 -1.9978E+04  7.6173E+04
0000287   1.2282E+06 -2.4775E+04  2.2272E+04
0000288   1.2025E+06  1.0979E+05 -8.2587E+04
0000289   1.2247E+06 -8.3502E+04  2.8370E+04
0000290   1.2315E+06 -1.0692E+04 -2.0360E+04
0000291   1.2410E+06 -5.4454E+04  2.5179E+04
0000292   1.2285E+06 -1.2420E+04 -1.7888E+04
0000293   1.1755E+06  1.0672E+05  7.5806E+04
0000294   1.2203E+06  4.5376E+04  4.4449E+04
0000295   1.1782E+06 -1.1386E+04  1.5424E+04
0000296   1.1668E+06 -5.0673E+04  2.5376E+04
0000297   1.2168E+06 -2.4490E+04 -1.4689E+02
0000298   1.1617E+06 -3.3083E+04 -1.6682E+04
0000299   1.1929E+06 -1.8815E+04 -1.9531E+04
0000300   1.1844E+06  6.1421E+04  7.0798E+03
0000301   1.2388E+06  4.5337E+04 -2.6284E+04
0000302   1.2495E+06 -4.5673E+04  1.0068E+04
0000303   1.2178E+06  1.5958E+04 -2.9617E+04
0000304   1.1983E+06  7.7421E+04 -7.8456E+04
0000305   1.2302E+06 -2.8622E+04 -1.4082E+04
0000306   1.2274E+06 -5.5521E+04 -4.0794E+04
0000307   1.2405E+06  2.3313E+04  1.1157E+04
0000308   1.2115E+06 -2.8894E+04 -2.1053E+04
0000309   1.1864E+06 -4.2297E+03 -3.4842E+03
0000310   1.1995E+06  3.5754E+04  1.2638E+05
0000311   1.2529E+06 -6.2980E+04  9.8146E+03
0000312   1.2235E+06  2.6500E+03  2.9164E+04
0000313   1.2240E+06  5.7067E+03 -3.9384E+04
0000314   1.1837E+06  1.2730E+04 -7.1401E+03
0000315   1.2270E+06  1.1903E+04 -2.2915E+04
0000316   1.2159E+06  4.6419E+04  3.4383E+04
0000317   1.2103E+06 -6.3012E+04 -9.3903E+03
0000318   1.1678E+06 -1.3236E+05  7.7773E+04
0000319   1.1819E+06 -8.2779E+03 -1.2483E+04
0000320   1.2218E+06 -5.2054E+04 -1.8750E+04
0000321   1.1968E+06  2.3840E+04 -1.0643E+04
0000322   1.2172E+06 -6.1357E+03 -2.6088E+04
0000323   1.2323E+06  9.9405E+03  4.7079E+03
0000324   1.2160E+06 -1.1558E+04 -6.4459E+04
0000325   1.2384E+06  3.8031E+04  4.2129E+04
0000326   1.2445E+06 -5.0303E+04 -2.8754E+04
0000327   1.2111E+06 -7.3536E+04 -2.0659E+04
0000328   1.1756E+06 -3.9984E+04  4.8682E+04
0000329   1.2209E+06  2.1232E+03 -1.9534E+04
0000330   1.1892E+06 -6.3588E+04  1.1366E+04
0000331   1.2118E+06 -2.0210E+04  6.3177E+04
0000332   1.1885E+06  1.6160E+04  2.6378E+04
0000333   1.1722E+06  7.9394E+02  2.1396E+04
0000334   1.2055E+06  1.8677E+04 -1.4907E+03
0000335   1.1742E+06 -2.4913E+04 -1.6242E+03
0000336   1.2157E+06  1.1665E+04 -6.6867E+04
0000337   1.2020E+06 -4.8446E+04 -6.0423E+03
0000338   1.1976E+06  7.7550E+04  4.5282E+04
0000339   1.1755E+06  8.6209E+03 -3.0145E+04
0000340   1.2069E+06 -2.2373E+03  5.8659E+04
0000341   1.1798E+06 -4.6726E+04 -4.4032E+04
0000342   1.2001E+06 -8.7174E+04 -2.7354E+04
0000343   1.2347E+06  2.6725E+04 -1.8809E+04
0000344   1.2152E+06 -9.0561E+04  5.4948E+04
0000345   1.2246E+06  3.7194E+04  9.3083E+03
0000346   1.1747E+06  5.3309E+04 -4.1309E+04
0000347   1.2138E+06  3.4534E+03  1.0333E+03
0000348   1.2323E+06 -4.9542E+04  3.1649E+04
0000349   1.1860E+06  4.2255E+03  1.0131E+05
0000350   1.2095E+06  3.5276E+04 -1.5960E+03
0000351   1.2145E+06  1.1009E+03  5.5031E+04
0000352   1.1841E+06  4.0601E+04 -7.6567E+04
0000353   1.1965E+06 -2.2467E+04  4.4136E+04
0000354   1.2071E+06  2.4379E+04 -6.6170E+03
0000355   1.2098E+06  4.8660E+04 -7.0065E+04
0000356   1.2004E+06  3.2110E+04  5.7727E+04
0000357   1.2104E+06  4.6229E+04 -5.0861E+03
0000358   1.2160E+06  1.3342E+04  2.3136E+04
0000359   1.2004E+06  4.9725E+04 -1.9310E+04
0000360   1.2089E+06  7.2886E+03  1.7769E+04
0000361   1.2029E+06 -1.1741E+04 -2.7014E+04
0000362   1.2312E+06  2.8385E+04 -3.0137E+04
0000363   1.1875E+06  1.5790E+04  2.0638E+04
0000364   1.2126E+06 -3.4146E+04  3.0367E+04
0000365   1.1998E+06  2.4162E+04  1.2716E+05
0000366   1.2109E+06  7.6963E+04 -4.5455E+04
0000367   1.1939E+06 -8.4055E+04 -4.1646E+04
0000368   1.2003E+06  1.3350E+04  1.2881E+05
0000369   1.2001E+06 -2.5754E+03 -1.4192E+04
0000370   1.2078E+06  5.4026E+04 -4.2262E+04
0000371   1.1809E+06  1.7779E+03  1.3781E+04
0000372   1.1788E+06  6.0089E+03 -3.3874E+04
0000373   1.2334E+06 -7.3010E+03 -1.6586E+04
0000374   1.2187E+06  1.3643E+04 -1.1832E+04
0000375   1.2222E+06  1.4227E+04 -3.2820E+04
0000376   1.2181E+06 -2.1132E+04 -2.5265E+01
0000377   1.2000E+06 -2.6026E+04 -4.2279E+04
0000378   1.2064E+06 -1.6675E+04 -4.1616E+04
0000379   1.1999E+06  1.6398E+04  7.0965E+03
0000380   1.1833E+06  3.1167E+04  2.9005E+04
0000381   1.2009E+06  2.1076E+04 -1.4936E+04
0000382   1.1824E+06  2.1613E+04  7.5166E+04
0000383   1.2015E+06 -1.3222E+04 -1.2480E+04
0000384   1.2314E+06 -5.3343E+04 -3.2665E+04
0000385   1.1960E+06 -2.8850E+04 -4.5115E+04
0000386   1.1976E+06  1.7417E+04  3.2063E+04
0000387   1.1793E+06  2.8714E+03  2.9002E+04
0000388   1.2316E+06 -7.6683E+03  8.3685E+03
0000389   1.2140E+06  4.1899E+04 -1.0861E+04
0000390   1.1973E+06  2.2570E+04 -6.7638E+04
0000391   1.1774E+06  1.5099E+04  5.3652E+04
0000392   1.1997E+06  2.9601E+04 -4.5132E+04
0000393   1.2133E+06 -1.2821E+04 -5.5995E+04
0000394   1.2234E+06  2.1822E+04 -9.5120E+03
0000395   1.2319E+06 -7.4114E+04  3.9309E+04
0000396   1.2191E+06  5.1321E+03 -3.7937E+04
0000397   1.2112E+06  5.2788E+03  1.6709E+04
0000398   1.2172E+06 -3.7597E+04  6.2288E+03
0000399   1.2031E+06  1.2949E+04 -3.9554E+04
0000400   1.2137E+06 -9.0758E+04  2.2184E+04
0000401   1.2145E+06 -3.6463E+03  5.2278E+04
0000402   1.1938E+06  2.2386E+04  7.1269E+04
0000403   1.2153E+06  7.9138E+04  5.8499E+04
0000404   1.1918E+06  4.4455E+04  1.1200E+04
0000405   1.1980E+06 -1.3558E+04  1.1309E+04
0000406   1.2245E+06 -1.5592E+04  2.0577E+04
0000407   1.1870E+06 -6.5818E+03  1.8702E+04
0000408   1.2039E+06  5.8028E+03  3.3714E+04
0000409   1.2453E+06 -3.7455E+04 -2.6035E+04
0000410   1.1958E+06 -4.7328E+04 -3.8779E+04
0000411   1.2361E+06 -2.0316E+04  1.9915E+04
0000412   1.2542E+06 -9.7723E+03  7.7197E+04
0000413   1.1945E+06 -1.4571E+04  6.2017E+03
0000414   1.1749E+06  1.3844E+03 -5.6878E+03
0000415   1.2191E+06 -1.7339E+04 -6.1938E+04
0000416   1.2031E+06 -2.9471E+04 -3.4465E+04
0000417   1.1975E+06 -5.7534E+04 -1.7215E+03
0000418   1.1933E+06  1.0584E+04  2.6360E+04
0000419   1.2194E+06  9.5672E+03  7.4748E+03
0000420   1.1687E+06  3.7729E+04 -5.2625E+04
0000421   1.2184E+06 -1.2765E+05  1.7550E+04
0000422   1.2034E+06  2.6061E+04  3.5639E+04
0000423   1.0666E+06  4.6725E+04  5.2415E+05
0000424   1.1693E+06  1.6715E+02 -2.1889E+04
0000425   1.1988E+06 -5.5353E+03 -3.7599E+04
0000426   1.1833E+06 -6.3795E+04 -2.1800E+03
0000427   1.1857E+06  6.2606E+03  3.0573E+04
0000428   1.2187E+06 -4.3784E+03 -3.9764E+04
0000429   1.2172E+06 -3.3308E+04  2.8616E+03
0000430   1.1780E+06  5.7599E+04  2.4358E+04
0000431   1.1738E+06 -3.8808E+04 -5.1907E+04
0000432   1.2003E+06  3.3856E+03  1.5577E+04
0000433   1.1897E+06 -1.5415E+04  3.3704E+04
0000434   1.1915E+06 -4.4297E+03  3.4345E+04
0000435   1.1940E+06 -5.3430E+03 -9.7551E+03
0000436   1.1788E+06  2.7318E+04 -1.7700E+04
0000437   1.1874E+06  4.9586E+04 -1.7065E+04
0000438   1.1993E+06  2.8970E+04  1.6508E+05
0000439   1.2034E+06 -2.9261E+04 -1.4782E+04
0000440   1.2269E+06  1.2188E+04  8.3548E+04
0000441   1.1698E+06 -8.5752E+04  3.4699E+04
0000442   1.1925E+06 -4.1847E+03 -1.2588E+04
0000443   1.1968E+06 -2.2333E+04 -3.2796E+04
0000444   1.2057E+06  4.8819E+04 -1.6634E+04
0000445   1.2355E+06  4.8420E+02  2.1954E+04
0000446   1.1962E+06  6.6678E+04 -8.5549E+03
0000447   1.2049E+06  4.6927E+04  2.0404E+04
0000448   1.1942E+06 -2.2394E+04  1.6130E+03
0000449   1.2110E+06  3.1485E+04 -8.1412E+04
0000450   1.1948E+06 -4.2741E+03 -3.6400E+04
0000451   1.2001E+06  4.6253E+04 -6.4200E+04
0000452   1.2127E+06  2.4181E+03  2.1496E+04
0000453   1.1707E+06  1.4055E+05  1.4286E+04
0000454   1.2021E+06  1.9657E+04 -1.8097E+04
0000455   1.2095E+06  5.1937E+04 -5.1601E+04
0000456   1.2050E+06  3.2187E+03  2.9403E+04
0000457   1.2301E+06 -1.9361E+04  3.6086E+04
0000458   1.2058E+06  9.4877E+03  2.5213E+04
0000459   1.2073E+06 -6.0442E+03  6.7871E+04
0000460   1.1846E+06 -7.8947E+03  1.2535E+04
0000461   1.2450E+06 -1.6975E+04 -1.2104E+04
0000462   1.2073E+06  1.2924E+05  1.9907E+04
0000463   1.2025E+06  8.6052E+03 -2.9205E+04
0000464   1.2331E+06  9.9655E+03 -2.8835E+04
0000465   1.1791E+06 -3.9088E+04 -1.2904E+03
0000466   1.2142E+06 -6.8958E+03 -5.2248E+04
0000467   1.2570E+06  4.3241E+04 -7.1326E+03
0000468   1.2325E+06  1.9927E+04  1.6189E+04
0000469   1.1806E+06  8.6509E+04 -6.1106E+04
0000470   1.2030E+06 -2.8577E+04 -2.5521E+03
0000471   1.2257E+06 -1.8400E+04 -2.0356E+04
0000472   1.2323E+06  3.7701E+04 -9.0785E+03
0000473   1.2418E+06 -1.0771E+05 -5.9660E+04
0000474   1.1990E+06  2.0837E+03 -1.6793E+04
0000475   1.2304E+06 -3.5197E+04  4.7596E+03
0000476   1.2105E+06  5.6265E+04 -2.7679E+04
0000477   1.2093E+06 -4.6526E+04 -1.3486E+04
0000478   1.2033E+06 -5.1707E+03  1.5971E+04
0000479   1.2032E+06  1.3860E+04 -4.2907E+04
0000480   1.1756E+06  1.8665E+04 -1.3672E+05
0000481   1.2303E+06 -3.2948E+04  2.3922E+03
0000482   1.2103E+06  7.0911E+03  8.2211E+03
0000483   1.1701E+06  2.0764E+05  7.8167E+04
0000484   1.2222E+06 -4.3174E+04  1.9511E+04
0000485   1.1637E+06 -1.5100E+04  1.9444E+04
0000486   1.2224E+06  7.0369E+04 -9.1141E+04
0000487   1.1881E+06  6.0960E+04 -1.2588E+04
0000488   1.1862E+06 -6.5757E+03 -2.0391E+04
0000489   1.1620E+06  1.1020E+05  9.6547E+04
0000490   1.2121E+06  1.4022E+03 -2.3435E+04
0000491   1.2060E+06 -7.0523E+04 -4.4663E+04
0000492   1.1995E+06 -9.2169E+03  3.8838E+04
0000493   1.1941E+06 -5.1644E+04 -2.4287E+04
0000494   1.1357E+06  6.1141E+04 -2.8060E+05
0000495   1.2199E+06 -2.8786E+04 -1.5389E+04
0000496   1.1876E+06 -1.8260E+04  1.4449E+04
0000497   1.2264E+06 -1.7725E+04 -1.9002E+04
0000498   1.2001E+06 -1.6671E+04  1.3089E+03
0000499   1.2188E+06 -9.8331E+03 -2.9470E+04
0000500   1.1810E+06  5.7433E+04 -5.2870E+04
0000501   1.1987E+06 -2.7537E+04 -8.6236E+03
0000502   1.1941E+06 -2.0280E+04  2.5884E+04
0000503   1.1992E+06  3.0320E+04 -2.4987E+04
0000504   1.1557E+06  5.3913E+04  4.8860E+04
0000505   1.2077E+06 -4.5712E+03 -5.4351E+04
0000506   1.2455E+06  7.3926E+04 -2.7401E+04
0000507   1.2161E+06  4.4076E+04 -4.8743E+04
0000508   1.2164E+06 -7.0682E+04 -9.6901E+03
0000509   1.1888E+06  4.0778E+03  1.1889E+04
0000510   1.2281E+06 -6.1740E+04 -1.5307E+03
0000511   1.2245E+06 -8.3795E+03  7.8800E+03
0000512   1.1812E+06  6.6610E+04 -2.1199E+04
0000513   1.2343E+06 -1.3388E+04  1.6993E+04
0000514   1.2061E+06 -4.6808E+04 -4.6958E+04
0000515   1.2291E+06 -2.1814E+04 -3.3667E+03
0000516   1.2132E+06 -9.8856E+04 -9.3783E+02
0000517   1.1835E+06 -4.5869E+04  8.4585E+04
0000518   1.1627E+06  4.8966E+03 -1.0688E+05
0000519   1.2167E+06  3.4615E+03  2.1541E+02
0000520   1.2314E+06  1.4280E+04  1.0625E+03
0000521   1.1958E+06 -3.2436E+03 -2.9718E+04
0000522   1.2517E+06 -2.5937E+04 -5.5648E+04
0000523   1.1972E+06 -6.4887E+03  4.1973E+04
0000524   1.2064E+06  2.7792E+04 -9.0040E+03
0000525   1.2502E+06  2.0930E+04 -6.2435E+03
0000526   1.2137E+06  2.6501E+04 -3.8826E+03
0000527   1.1867E+06 -5.2027E+04  2.8989E+03
0000528   1.2048E+06  5.5402E+04  3.8272E+04
0000529   1.2000E+06  9.6892E+03 -2.6138E+04
0000530   1.1904E+06 -1.2340E+04 -4.5939E+04
0000531   1.2013E+06  3.1138E+04 -2.4780E+04
0000532   1.1705E+06 -6.2883E+04 -2.8342E+04
0000533   1.2116E+06 -8.9465E+04 -6.7395E+04
0000534   1.1798E+06  2.8653E+03 -2.7927E+04
0000535   1.2280E+06 -1.8305E+04  4.8385E+04
0000536   1.1968E+06 -2.6056E+04  3.0745E+04
0000537   1.2177E+06  3.7972E+03 -3.8012E+04
0000538   1.1916E+06  6.1488E+03 -7.7522E+03
0000539   1.2001E+06  2.0456E+04 -5.8685E+04
0000540   1.2337E+06 -3.9790E+03 -2.2966E+04
0000541   1.2341E+06 -2.4127E+04 -3.9336E+04
0000542   1.2106E+06 -2.0580E+04  1.0340E+04
0000543   1.2018E+06 -1.5322E+04 -8.5814E+03
0000544   1.2233E+06 -3.6306E+04  2.4143E+04
0000545   1.2258E+06  1.6426E+04 -9.9309E+03
0000546   1.2135E+06  2.4480E+03 -5.4177E+04
0000547   1.1596E+06  6.3492E+04 -4.2060E+03
0000548   1.2116E+06  3.1079E+04 -6.8154E+03
0000549   1.2356E+06 -1.8392E+04 -5.7444E+02
0000550   1.1947E+06  1.3487E+05 -4.1502E+04
0000551   1.2072E+06 -5.6184E+04  7.7660E+04
0000552   1.1940E+06 -7.5228E+03 -1.6971E+04
0000553   1.2081E+06  3.8557E+04 -5.0179E+03
0000554   1.2304E+06  3.2433E+03 -4.9952E+04
0000555   1.2030E+06 -3.5375E+04 -1.0310E+04
0000556   1.2443E+06 -1.3843E+04  1.7793E+04
0000557   1.1840E+06 -6.3019E+04  4.1504E+04
0000558   1.2351E+06  1.0749E+04 -4.7446E+04
0000559   1.1960E+06  2.6183E+03 -8.0353E+03
0000560   1.2041E+06 -4.4005E+04  1.6364E+04
0000561   1.1535E+06  1.1439E+05  7.3999E+04
0000562   1.1840E+06  4.5407E+04  2.6804E+04
0000563   1.1856E+06 -3.2629E+04 -6.1003E+04
0000564   1.1894E+06 -9.0606E+04  2.1861E+04
0000565   1.1781E+06 -2.3947E+04 -7.3962E+03
0000566   1.2224E+06  1.9214E+04 -6.6468E+03
0000567   1.1912E+06  7.0531E+02  3.6717E+04
0000568   1.2019E+06  2.7172E+04  1.9346E+04
0000569   1.2061E+06  5.4122E+04 -1.2227E+04
0000570   1.2144E+06  2.4090E+04 -2.0314E+03
0000571   1.2340E+06 -5.1036E+04 -5.2391E+03
0000572   1.1729E+06  2.6108E+04 -3.5625E+03
0000573   1.1921E+06  2.8700E+04 -1.3855E+04
0000574   1.2347E+06 -4.3893E+04 -3.3191E+04
0000575   1.1655E+06  3.4207E+03  2.1752E+04
0000576   1.1745E+06 -1.8603E+04 -4.6539E+04
0000577   1.1954E+06 -4.7787E+03 -1.6973E+03
0000578   1.1993E+06  1.6525E+04  1.0617E+04
0000579   1.1943E+06 -5.4522E+04 -9.3360E+03
0000580   1.1649E+06 -4.4396E+04 -6.2046E+04
0000581   1.2377E+06 -1.8304E+04  1.0384E+04
0000582   1.2436E+06 -3.0215E+04  7.8745E+03
0000583   1.2193E+06 -1.0328E+04 -1.7782E+03
0000584   1.2209E+06  3.3242E+04  4.8779E+04
0000585   1.1895E+06 -1.8653E+04 -2.3012E+04
0000586   1.2006E+06  4.0099E+04  1.5907E+03
0000587   1.1963E+06  4.1796E+04 -2.0040E+04
0000588   1.1686E+06 -6.1993E+04  6.4930E+04
0000589   1.1915E+06 -1.3946E+04  1.7037E+04
0000590   1.1915E+06  9.3892E+04  8.8530E+04
0000591   1.2098E+06  5.3744E+03 -5.2961E+04
0000592   1.2558E+06 -3.0343E+04 -5.3670E+04
0000593   1.1722E+06  3.4013E+04 -9.2529E+03
0000594   1.1973E+06 -2.1239E+04 -8.0166E+04
0000595   1.2218E+06 -4.0705E+04  8.1665E+03
0000596   1.2233E+06 -2.9098E+04  4.7970E+04
0000597   1.2206E+06  8.1452E+03 -4.0865E+04
0000598   1.1869E+06 -4.6346E+03  4.9387E+04
0000599   1.2210E+06  3.5401E+04 -4.4055E+04
0000600   1.1840E+06  9.3455E+03  1.8133E+04
0000601   1.2112E+06  7.3746E+03 -1.9759E+04
0000602   1.2028E+06  9.6892E+03 -2.3514E+04
0000603   1.2057E+06  5.3222E+03  3.2649E+04
0000604   1.2190E+06  5.5416E+04 -2.4848E+04
0000605   1.2256E+06  6.1882E+04  7.2949E+04
0000606   1.2032E+06 -6.6983E+04  4.1320E+04
0000607   1.1866E+06 -1.0773E+04  8.8751E+04
0000608   1.2039E+06 -7.0402E+04 -3.3902E+04
0000609   1.2222E+06  3.2196E+04 -3.2643E+04
0000610   1.2234E+06  7.7147E+03 -3.0873E+04
0000611   1.2418E+06 -9.8001E+04  9.3230E+03
0000612   1.1904E+06 -6.2191E+04 -9.8617E+03
0000613   1.2145E+06 -1.2044E+05 -6.2924E+04
0000614   1.2082E+06  2.0587E+03  4.4491E+04
0000615   1.1956E+06 -2.9905E+04  2.9226E+04
0000616   1.2153E+06 -9.2387E+03  8.7337E+03
0000617   1.2260E+06 -5.4969E+04 -2.1590E+03
0000618   1.1895E+06  2.7814E+04 -5.1294E+04
0000619   1.1756E+06  9.5801E+03  4.1709E+04
0000620   1.1911E+06  9.2949E+03 -1.4496E+04
0000621   1.1951E+06  7.9285E+04 -4.3132E+03
0000622   1.2038E+06  2.8422E+04  3.6958E+03
0000623   1.1789E+06  1.7516E+04  1.1716E+04
0000624   1.1870E+06  1.8403E+04  5.0009E+04
0000625   1.1797E+06  2.4511E+04  1.2248E+05
0000626   1.2237E+06 -9.0678E+04 -3.8449E+04
0000627   1.2017E+06 -2.7956E+04  5.4418E+04
0000628   1.1889E+06  3.5812E+04  5.3667E+04
0000629   1.1804E+06 -1.2034E+05 -1.0504E+05
0000630   1.1928E+06  2.5488E+04 -6.0396E+04
0000631   1.2275E+06 -4.5767E+04 -3.3540E+04
0000632   1.2099E+06  1.4522E+04 -4.5047E+04
0000633   1.1990E+06 -2.5850E+04 -2.8601E+04
0000634   1.1972E+06 -1.3001E+03 -4.6353E+03
0000635   1.1581E+06  5.4157E+04 -5.6851E+04
0000636   1.1754E+06  1.7217E+04 -1.4133E+03
0000637   1.2105E+06  1.6676E+04  3.7146E+04
0000638   1.1884E+06 -1.2621E+04 -2.1327E+04
0000639   1.2144E+06  5.3537E+04 -3.7815E+03
0000640   1.2448E+06  2.8606E+04 -1.5622E+04
0000641   1.2033E+06  2.4023E+04  4.4426E+04
0000642   1.2408E+06  3.8977E+03 -1.0934E+04
0000643   1.2014E+06 -1.4548E+05 -4.5424E+04
0000644   1.2133E+06  5.0717E+04  3.3253E+02
0000645   1.2276E+06 -6.2530E+03 -8.2902E+03
0000646   1.2123E+06 -4.4041E+04  4.2847E+04
0000647   1.2006E+06 -5.1376E+04  9.6170E+04
0000648   1.2000E+06  3.7062E+04  2.7520E+04
0000649   1.2178E+06  1.5335E+04  2.4239E+04
0000650   1.2105E+06  1.7246E+04  6.3300E+04
0000651   1.2011E+06 -4.7483E+04  6.8049E+03
0000652   1.1957E+06 -2.8393E+04 -1.9158E+04
0000653   1.2045E+06  2.5325E+04  1.6662E+04
0000654   1.2287E+06 -3.4336E+04  3.2232E+04
0000655   1.2323E+06 -2.1494E+02 -9.3352E+03
0000656   1.2427E+06 -4.8495E+04 -3.6800E+04
0000657   1.2204E+06 -1.1376E+04 -2.2327E+04
0000658   1.2174E+06 -1.0017E+04 -3.7070E+04
0000659   1.1855E+06 -2.7437E+04 -3.0133E+04
0000660   1.1818E+06  3.3075E+04  8.7581E+04
0000661   1.1966E+06  3.6674E+04 -1.9602E+04
0000662   1.1977E+06  2.2800E+03 -7.1009E+02
0000663   1.1892E+06  9.7764E+03 -3.4232E+03
0000664   1.2078E+06 -4.9581E+03 -3.3984E+04
0000665   1.2065E+06  3.3115E+04 -2.2385E+04
0000666   1.2048E+06  2.7749E+04  2.6298E+04
0000667   1.1991E+06  5.2649E+03 -9.9331E+03
0000668   1.1993E+06  9.1467E+04  5.7977E+04
0000669   1.2115E+06  2.0057E+04  4.2670E+04
0000670   1.1717E+06  2.6946E+04  1.0282E+05
0000671   1.1795E+06  5.6123E+04 -2.0596E+03
0000672   1.1852E+06  9.2399E+02 -2.8202E+04
0000673   1.2040E+06  3.5958E+04  4.9387E+04
0000674   1.1882E+06 -5.4582E+02  1.4888E+04
0000675   1.2611E+06  2.5254E+04 -3.7290E+04
0000676   1.2083E+06 -8.5021E+04 -4.4431E+04
0000677   1.2132E+06  5.2693E+04 -4.9472E+03
0000678   1.1993E+06 -2.0079E+04  1.2055E+04
0000679   1.1878E+06 -5.2766E+04 -1.2686E+05
0000680   1.1913E+06  3.5398E+04  4.6250E+04
0000681   1.2104E+06 -2.6635E+04 -6.8438E+04
0000682   1.2097E+06  1.1741E+04  2.4765E+04
0000683   1.2093E+06  1.1646E+05 -5.4800E+04
0000684   1.1977E+06  2.8719E+04 -4.7034E+04
0000685   1.1871E+06  4.5399E+04  1.4091E+04
0000686   1.2148E+06  3.3174E+03 -1.5126E+04
0000687   1.1869E+06 -3.9733E+04 -2.4792E+04
0000688   1.2382E+06 -4.2931E+04 -5.6050E+04
0000689   1.2104E+06  2.2184E+03  1.7375E+04
0000690   1.2234E+06 -3.5795E+04 -2.5613E+04
0000691   1.2249E+06  6.7321E+04 -4.6028E+04
0000692   1.1992E+06  2.4079E+03 -4.7719E+04
0000693   1.2316E+06  4.6603E+04 -2.0804E+04
0000694   1.2117E+06 -1.0239E+05  2.1469E+04
0000695   1.2017E+06 -5.7777E+03  2.0855E+04
0000696   1.1423E+06  3.6696E+05  4.1415E+03
0000697   1.1927E+06  4.9686E+04  2.0430E+04
0000698   1.2178E+06  2.2467E+04 -3.9768E+04
0000699   1.2038E+06 -1.1383E+04  3.4539E+04
0000700   1.2326E+06  3.1414E+03  1.7163E+04
0000701   1.1879E+06  3.3385E+04 -1.9497E+04
0000702   1.2320E+06 -5.8519E+04  3.4002E+04
0000703   1.2098E+06 -1.7739E+04 -9.3878E+04
0000704   1.2305E+06 -5.0733E+04  6.9927E+04
0000705   1.1774E+06  3.7276E+04  1.0089E+05
0000706   1.2088E+06 -5.9247E+04  5.1182E+04
0000707   1.2312E+06  4.8235E+04  2.9968E+04
0000708   1.2253E+06 -4.1282E+03 -1.4600E+04
0000709   1.2122E+06 -6.0869E+04 -9.4037E+04
0000710   1.1987E+06 -4.4960E+04  2.2552E+02
0000711   1.2184E+06  3.1601E+04  2.4735E+04
0000712   1.2185E+06 -6.6502E+03 -3.7452E+04
0000713   1.1844E+06 -4.8920E+03 -2.8413E+04
0000714   1.2354E+06  3.5003E+04 -1.6169E+04
0000715   1.1865E+06  2.1494E+03 -4.9395E+04
0000716   1.2091E+06 -2.8782E+04 -3.2620E+04
0000717   1.2100E+06  1.4730E+04  2.6665E+04
0000718   1.2120E+06 -1.0039E+03 -1.1117E+04
0000719   1.1842E+06  3.5161E+04 -2.0085E+04
0000720   1.2270E+06  1.4930E+04  4.9661E+03
0000721   1.2125E+06 -3.9095E+04  6.7367E+03
0000722   1.2024E+06  2.9681E+04  1.8183E+04
0000723   1.2169E+06 -5.4385E+04 -5.4471E+04
0000724   1.1640E+06 -3.2799E+04 -9.0582E+04
0000725   1.1984E+06 -4.0862E+04  4.9404E+03
0000726   1.1918E+06  1.2652E+04 -2.0996E+04
0000727   1.2098E+06 -1.8669E+04 -3.6582E+04
0000728   1.1748E+06 -8.0462E+03  1.0661E+05
0000729   1.2243E+06 -1.6681E+04 -2.6545E+04
0000730   1.2109E+06  6.0870E+03  8.0024E+02
0000731   1.2084E+06  1.9928E+04  4.8176E+04
0000732   1.2168E+06 -1.4883E+04  3.2999E+03
0000733   1.2002E+06 -7.5302E+04 -5.7961E+04
0000734   1.2211E+06  2.4118E+04  1.7833E+04
0000735   1.1272E+06  8.1378E+04  1.4759E+05
0000736   1.2404E+06 -4.5904E+03  1.3127E+04
0000737   1.2256E+06 -1.0709E+03 -5.8870E+04
0000738   1.1863E+06  2.4396E+03 -7.1335E+04
0000739   1.1746E+06  8.4911E+03 -2.5545E+04
0000740   1.2111E+06 -4.0364E+04  3.4142E+03
0000741   1.1755E+06 -7.0039E+04  4.1459E+04
0000742   1.1995E+06  7.6888E+03  1.9455E+04
0000743   1.2178E+06  1.8692E+04 -1.6127E+04
0000744   1.2317E+06  1.3568E+04  9.4437E+03
0000745   1.2190E+06  6.5372E+04  1.6083E+03
0000746   1.2100E+06  3.9305E+04 -2.4827E+03
0000747   1.2257E+06 -1.7675E+04  4.9246E+04
0000748   1.2093E+06 -1.4758E+04  1.1140E+05
0000749   1.2004E+06  3.6782E+04  4.5363E+04
0000750   1.1467E+06  2.3405E+04  2.0879E+04
0000751   1.2014E+06 -8.1739E+04 -1.3101E+04
0000752   1.2359E+06  6.1750E+04  7.3000E+03
0000753   1.2319E+06  2.6981E+04  2.0773E+04
0000754   1.1436E+06 -1.4396E+05  2.1601E+04
0000755   1.1879E+06  2.4164E+04 -1.5785E+04
0000756   1.2060E+06  1.0704E+04 -2.1560E+04
0000757   1.2158E+06 -2.5211E+04 -4.0395E+04
0000758   1.2050E+06  4.7497E+04  3.4018E+04
0000759   1.2179E+06  6.0468E+03 -1.5068E+04
0000760   1.1967E+06 -2.3295E+04  1.9174E+04
0000761   1.1996E+06 -1.2705E+04  2.3421E+04
0000762   1.2099E+06  2.0391E+04  6.5831E+04
0000763   1.2067E+06 -4.3482E+04  1.6580E+04
0000764   1.2055E+06 -7.5628E+04  9.6897E+04
0000765   1.1728E+06  4.7516E+04  6.3913E+04
0000766   1.1780E+06  1.0668E+04  7.6818E+03
0000767   1.2001E+06 -1.0686E+05 -7.0604E+04
0000768   1.2243E+06  9.3597E+04  2.4679E+04
0000769   1.1990E+06  1.6362E+04 -4.0937E+04
0000770   1.2438E+06  7.9472E+04  2.4919E+03
0000771   1.2473E+06  9.5678E+03  1.0780E+04
0000772   1.1895E+06  7.1780E+03 -5.9682E+03
0000773   1.1837E+06 -4.2358E+04  3.4574E+04
0000774   1.1801E+06  2.9214E+04  4.7887E+04
0000775   1.2301E+06  4.4744E+04  1.3664E+04
0000776   1.2054E+06 -2.4734E+04  1.0320E+04
0000777   1.2031E+06 -2.5658E+04 -2.6426E+04
0000778   1.1891E+06 -5.7564E+04 -6.0788E+04
0000779   1.2338E+06 -9.3212E+03  7.9210E+02
0000780   1.2291E+06  1.0971E+04  6.4910E+03
0000781   1.2175E+06 -4.2214E+04 -1.9752E+03
0000782   1.1889E+06 -2.1935E+04 -5.3713E+03
0000783   1.1868E+06 -2.2449E+04  9.8884E+03
0000784   1.1808E+06 -5.0522E+04 -3.6908E+04
0000785   1.2338E+06 -4.8090E+04 -1.7246E+04
0000786   1.2149E+06  3.2410E+04 -1.1700E+04
0000787   1.2080E+06 -4.2986E+04  4.7520E+04
0000788   1.2406E+06 -6.0661E+04 -2.4272E+04
0000789   1.1861E+06 -5.6432E+04  3.6800E+04
0000790   1.2241E+06  8.4788E+03  3.0633E+04
0000791   1.1857E+06 -2.7623E+04  2.7599E+03
0000792   1.1747E+06  4.3732E+04  3.1288E+04
0000793   1.2254E+06 -4.5451E+03  4.8629E+03
0000794   1.1569E+06  1.0548E+05  2.3191E+04
0000795   1.2048E+06 -3.0041E+04 -7.6436E+03
0000796   1.1883E+06 -8.3777E+04 -2.1924E+04
0000797   1.2159E+06  4.9825E+04  1.6698E+04
0000798   1.2187E+06  5.8650E+04  1.4870E+03
0000799   1.2182E+06 -4.1218E+03 -6.4049E+03
0000800   1.2181E+06 -3.7319E+04  1.9560E+03
0000801   1.1960E+06 -5.8324E+03 -5.5211E+04
0000802   1.2145E+06  2.0443E+04 -6.5006E+04
0000803   1.2155E+06 -2.1092E+04  3.8010E+04
0000804   1.2135E+06  4.9060E+04  3.3958E+04
0000805   1.1996E+06  1.6815E+04 -4.1517E+04
0000806   1.1737E+06  1.2127E+04  4.2190E+04
0000807   1.1923E+06 -6.1613E+04  1.2443E+05
0000808   1.1856E+06 -4.4401E+03  3.7032E+04
0000809   1.2077E+06  1.1928E+05  1.2003E+04
0000810   1.2071E+06 -5.7290E+04  1.3702E+04
0000811   1.1615E+06 -2.5282E+04 -6.0654E+04
0000812   1.2298E+06 -9.9776E+03 -7.7805E+03
0000813   1.2324E+06 -6.3828E+03 -3.7296E+04
0000814   1.2292E+06 -2.4759E+04  1.6431E+03
0000815   1.1806E+06  2.5521E+05 -1.3403E+05
0000816   1.1909E+06  5.5277E+04 -3.0464E+04
0000817   1.1817E+06  1.7455E+04 -1.2582E+04
0000818   1.2376E+06  3.5115E+04 -2.3108E+04
0000819   1.1806E+06 -2.2193E+04  3.4992E+04
0000820   1.1857E+06 -1.8245E+04 -1.8681E+04
0000821   1.1859E+06  1.3312E+04 -7.0429E+03
0000822   1.2000E+06 -5.5286E+04 -1.2057E+05
0000823   1.1846E+06  4.8777E+04  3.5028E+04
0000824   1.2202E+06 -1.8019E+03  3.1983E+04
0000825   1.2048E+06 -1.4309E+04  3.4448E+04
0000826   1.2017E+06 -6.2372E+04 -6.3778E+04
0000827   1.2265E+06 -2.7341E+04  1.4889E+03
0000828   1.2088E+06 -2.4471E+04  4.3088E+03
0000829   1.1950E+06 -7.8209E+04  6.1937E+04
0000830   1.1816E+06  6.2822E+04  3.1633E+04
0000831   1.1865E+06  1.7251E+04 -2.2578E+04
0000832   1.2048E+06 -9.6473E+04  5.2280E+04
0000833   1.1321E+06 -2.2074E+04  1.9501E+04
0000834   1.1996E+06  3.1810E+04 -1.0922E+03
0000835   1.1931E+06 -1.8810E+04  6.2191E+03
0000836   1.2125E+06 -1.3230E+04 -7.8886E+03
0000837   1.2065E+06  3.5653E+03  5.6963E+04
0000838   1.2025E+06 -1.7464E+04  2.7761E+04
0000839   1.1737E+06  4.6694E+04  3.4058E+04
0000840   1.2121E+06  4.2094E+04  6.4788E+04
0000841   1.1683E+06  4.9517E+04  6.1968E+03
0000842   1.2097E+06 -2.6278E+04 -1.9673E+04
0000843   1.1946E+06  6.9528E+04  1.8171E+04
0000844   1.1833E+06  5.3118E+04  1.4399E+04
0000845   1.1755E+06  9.3256E+03 -1.7232E+04
0000846   1.1916E+06 -6.7120E+04  4.5420E+04
0000847   1.2256E+06 -1.4607E+04  4.0696E+04
0000848   1.2058E+06 -4.4268E+04  1.6185E+03
0000849   1.1893E+06  3.5334E+04 -1.9585E+04
0000850   1.1810E+06  4.9080E+04  5.3380E+04
0000851   1.2197E+06 -4.0078E+04  4.3449E+04
0000852   1.2440E+06 -3.1066E+04 -6.3857E+04
0000853   1.2192E+06  8.5218E+03 -9.7154E+04
0000854   1.1974E+06 -5.7059E+04 -9.9588E+03
0000855   1.1777E+06 -1.6466E+04  8.7265E+04
0000856   1.1775E+06 -1.0872E+04  1.5753E+03
0000857   1.2378E+06 -2.6291E+04 -1.3023E+04
0000858   1.1726E+06  1.3300E+04  4.1204E+04
0000859   1.2024E+06 -1.6294E+04 -1.5650E+05
0000860   1.1701E+06 -4.8276E+03 -1.1104E+04
0000861   1.1877E+06  7.1885E+03  4.6327E+03
0000862   1.1881E+06 -1.9275E+04  1.1538E+04
0000863   1.2167E+06 -4.5196E+03 -4.1173E+03
0000864   1.1811E+06  7.4549E+03 -2.1701E+04
0000865   1.2047E+06  2.0956E+04  8.9752E+04
0000866   1.2343E+06  2.2922E+04  3.0591E+04
0000867   1.1750E+06 -2.5967E+04  1.1333E+04
0000868   1.2021E+06 -3.5386E+04 -1.2130E+04
0000869   1.1920E+06  1.6234E+03  3.0349E+04
0000870   1.1875E+06 -4.2129E+04 -7.7194E+04
0000871   1.2191E+06  3.1221E+04 -2.7142E+04
0000872   1.2269E+06 -2.2924E+04  5.3136E+04
0000873   1.2055E+06 -4.6127E+03  9.3168E+03
0000874   1.1946E+06 -2.8534E+04  5.5291E+04
0000875   1.1839E+06 -8.9276E+03 -1.2562E+04
0000876   1.1776E+06 -9.7669E+04 -1.1552E+04
0000877   1.2023E+06 -3.4475E+04 -3.8039E+04
0000878   1.2314E+06 -4.9602E+04  8.8626E+04
0000879   1.1641E+06 -9.3112E+04 -4.5451E+04
0000880   1.2025E+06  3.0197E+04  2.3613E+04
0000881   1.2062E+06  7.6198E+03 -4.6302E+04
0000882   1.2081E+06  8.8413E+03  4.7826E+03
0000883   1.1799E+06  3.6298E+04  1.6720E+04
0000884   1.2175E+06 -2.9105E+03 -2.8343E+04
0000885   1.1845E+06 -2.9125E+04  6.3329E+03
0000886   1.2089E+06 -3.9435E+04  2.2080E+04
0000887   1.2516E+06  4.1393E+04 -3.5973E+03
0000888   1.2218E+06 -3.7796E+04  1.9293E+04
0000889   1.1973E+06  2.7314E+04 -2.5160E+04
0000890   1.1688E+06  3.3292E+04  1.1055E+05
0000891   1.1606E+06  2.0051E+05 -3.8861E+04
0000892   1.1656E+06  8.0105E+03 -1.3472E+02
0000893   1.1913E+06  2.0912E+03  3.5855E+04
0000894   1.2105E+06  4.4195E+04  2.5405E+04
0000895   1.1995E+06  6.7633E+04 -7.0385E+03
0000896   1.2438E+06 -3.2004E+04  9.6440E+03
0000897   1.2412E+06  8.5271E+03 -1.3869E+04
0000898   1.2020E+06 -3.1036E+04  2.6936E+04
0000899   1.1958E+06 -1.2764E+04  1.5209E+03
0000900   1.1950E+06 -4.3144E+04 -4.1097E+04
0000901   1.1773E+06  6.7330E+04 -1.7013E+04
0000902   1.2201E+06 -1.0402E+05 -3.6777E+04
0000903   1.1924E+06 -1.8749E+04 -3.8254E+04
0000904   1.1941E+06  1.6965E+03 -8.4875E+03
0000905   1.2101E+06  5.8223E+03  1.0232E+04
0000906   1.2016E+06 -1.1065E+04 -6.4211E+04
0000907   1.2399E+06  6.3536E+03 -9.0431E+04
0000908   1.2053E+06 -8.3226E+04  3.9062E+03
0000909   1.1989E+06  6.4033E+04 -9.2680E+04
0000910   1.2211E+06  1.0525E+04  5.4320E+04
0000911   1.1696E+06 -4.7944E+04  1.4377E+04
0000912   1.2060E+06 -3.3100E+04  1.7810E+04
0000913   1.1977E+06  6.9610E+04  7.9676E+04
0000914   1.2126E+06 -3.4984E+04 -1.0206E+04
0000915   1.2081E+06  4.1112E+04  4.6785E+04
0000916   1.2224E+06  8.1867E+03 -3.8269E+04
0000917   1.1804E+06  5.4848E+04 -1.3005E+04
0000918   1.1966E+06  1.3114E+04 -3.5830E+04
0000919   1.1904E+06 -4.7138E+04  4.0035E+04
0000920   1.2548E+06  2.6202E+04  1.9816E+04
0000921   1.1779E+06 -7.5049E+04 -3.3560E+04
0000922   1.1877E+06 -1.0466E+04  3.3756E+04
0000923   1.1989E+06  5.6642E+02 -1.6179E+04
0000924   1.2042E+06  1.1955E+04 -1.5655E+05
0000925   1.2271E+06 -7.1564E+04  1.0585E+04
0000926   1.2059E+06  5.0797E+04  2.0246E+04
0000927   1.2061E+06  1.7601E+04  2.4592E+04
0000928   1.2198E+06 -4.4007E+04  3.5839E+04
0000929   1.1886E+06  6.1135E+04  3.9605E+04
0000930   1.2099E+06  2.2816E+04 -3.5338E+04
0000931   1.1790E+06 -6.0580E+04 -1.0467E+05
0000932   1.1989E+06  7.8469E+03 -5.9737E+04
0000933   1.1808E+06 -2.0990E+05  2.7765E+04
0000934   1.2173E+06  3.4749E+04  5.2871E+03
0000935   1.2333E+06 -1.0047E+04  1.2721E+04
0000936   1.2302E+06 -3.4626E+04  8.1048E+03
0000937   1.1978E+06 -7.8204E+03  3.2294E+04
0000938   1.2035E+06  2.3243E+03  1.8055E+04
0000939   1.1792E+06  6.1497E+04 -1.0870E+04
0000940   1.1674E+06 -8.5942E+04 -1.2339E+03
0000941   1.1937E+06 -3.2422E+04 -1.4548E+04
0000942   1.2403E+06  5.4968E+03 -4.5063E+04
0000943   1.2535E+06 -3.3665E+03  2.1572E+04
0000944   1.1870E+06  6.3608E+03  9.9730E+04
0000945   1.1923E+06  1.3510E+04 -5.2663E+04
0000946   9.8709E+05  4.6773E+04 -1.2428E+04
0000947   1.1654E+06 -3.4457E+04  3.9382E+04
0000948   1.2209E+06 -7.7259E+04 -3.6742E+04
0000949   1.2003E+06 -4.4845E+04  3.0080E+04
0000950   1.1630E+06 -1.6800E+05 -9.3299E+04
0000951   1.1796E+06  7.9619E+03 -3.2091E+04
0000952   1.2291E+06 -4.3682E+04  7.7630E+04
0000953   1.2170E+06  1.2619E+04 -9.0981E+04
0000954   1.1997E+06  2.6610E+03  1.6696E+03
0000955   1.2225E+06  1.2952E+04 -3.5473E+04
0000956   1.1791E+06 -2.4338E+04 -3.0119E+04
0000957   1.2127E+06  8.4974E+04 -8.3645E+03
0000958   1.2107E+06  3.3819E+04 -2.7327E+04
0000959   1.2280E+06 -3.3752E+04 -8.1068E+04
0000960   1.2014E+06 -1.1140E+04 -7.6792E+03
0000961   1.1905E+06 -1.0918E+04 -2.3308E+04
0000962   1.1776E+06  4.9731E+03  2.3727E+04
0000963   1.1861E+06  2.7729E+04  1.6994E+04
0000964   1.2121E+06  1.3934E+04 -2.1555E+04
0000965   1.1908E+06 -6.3161E+04 -1.1542E+04
0000966   1.2355E+06  2.6990E+04 -1.4831E+04
0000967   1.2318E+06 -4.4521E+04  1.1418E+04
0000968   1.1981E+06  3.0114E+04  5.3758E+04
0000969   1.1873E+06 -7.5835E+04 -8.4992E+04
0000970   1.1920E+06 -7.3160E+04 -8.2335E+04
0000971   1.1875E+06 -1.8861E+04 -5.6606E+02
0000972   1.1639E+06 -2.4798E+04 -7.9903E+04
0000973   1.2071E+06  5.2155E+03  5.8289E+04
0000974   1.1891E+06 -3.9732E+03  1.0377E+04
0000975   1.2322E+06 -1.1836E+04  2.0811E+04
0000976   1.1903E+06  8.8382E+03 -1.4786E+04
0000977   1.2009E+06 -5.2812E+04 -2.4128E+04
0000978   1.2125E+06 -2.0027E+04  7.4489E+04
0000979   1.2138E+06  1.4956E+04  4.2187E+04
0000980   1.1991E+06  6.0288E+04 -6.8686E+04
0000981   1.2034E+06  6.3873E+03 -6.3406E+03
0000982   1.2032E+06 -1.0177E+04  5.5867E+03
0000983   1.2206E+06  2.2099E+04 -9.8489E+03
0000984   1.2290E+06 -4.3529E+04  4.0980E+04
0000985   1.1916E+06  2.2604E+04  5.1696E+04
0000986   1.2352E+06 -4.0559E+04 -2.2280E+04
0000987   1.1926E+06 -9.4243E+03 -2.2554E+02
0000988   1.2272E+06 -1.5002E+04 -4.7959E+04
0000989   1.1978E+06  1.3961E+04  4.0419E+04
0000990   1.1778E+06  3.8373E+04 -4.3304E+04
0000991   1.1987E+06  6.2850E+04  3.0819E+04
0000992   1.2025E+06  1.5577E+03  2.7728E+04
0000993   1.2223E+06 -8.8212E+04 -3.2205E+04
0000994   1.0891E+06  4.4773E+05 -1.0967E+05
0000995   1.2230E+06 -2.8447E+04  1.4933E+04
0000996   1.1950E+06  1.2938E+04  5.1805E+03
0000997   1.1665E+06 -9.2133E+04  2.3107E+05
0000998   1.1852E+06  8.5067E+04 -6.1439E+04
0000999   1.2302E+06  4.7014E+04 -1.4541E+04
0001000   1.2544E+06 -1.6553E+04  3.6682E+04
