============================== SRIM-2013.00 ==============================
==============================================================================
====== SRIM Outputs\RANGE_3D.txt : File of Final Ion Positions =====

Ion =  H (01)   Ion Mass= 001.0080
Energy  = 1000000.E-04 keV
Ion Angle to Surface = 00.0 degrees
==================== TARGET =======================
  Layer # 1 - Si_Top    
  Layer # 1 - Bottom Depth=300000.E+01 A
  Layer # 1 - Density =0002.3210 g/cm3
  Layer # 1 -  100 % of Si
икикикикикикикикикикикикикикикикикикикикикикикикикикикикикикикикикикикикикикикикикикикикикикикикикикикик
  Layer # 2 - Si_Bottom 
  Layer # 2 - Bottom Depth=600000.E+01 A
  Layer # 2 - Density =0002.3210 g/cm3
  Layer # 2 -  100 % of Si
икикикикикикикикикикикикикикикикикикикикикикикикикикикикикикикикикикикикикикикикикикикикикикикикикикикик
                                            
Ion       Depth  X   Lateral Y   Lateral Z  
Number    (Angstrom) (Angstrom)  (Angstrom) 
-------  ----------- ----------- -----------
0000001   8.6555E+03 -3.5247E+02 -3.7957E+02
0000002   8.4493E+03 -1.6801E+02  1.3387E+03
0000003   9.6806E+03 -7.4114E+02  8.3512E+02
0000004   8.7227E+03  1.9851E+02 -4.7181E+02
0000005   8.0594E+03 -7.6693E+02 -2.0954E+03
0000006   9.0193E+03  1.2114E+03  6.2415E+01
0000007   8.0727E+03 -1.5824E+03  1.0491E+03
0000008   8.9103E+03 -6.3455E+02 -1.4171E+02
0000009   7.9993E+03 -6.8716E+02 -1.4317E+03
0000010   8.7776E+03  2.3611E+02 -8.9667E+02
0000011   8.6928E+03  7.9990E+02  4.0145E+02
0000012   8.4603E+03  1.0194E+03  1.8091E+02
0000013   8.4130E+03 -2.4795E+03  8.5867E+02
0000014   8.7450E+03  1.4427E+02 -1.1542E+03
0000015   8.1662E+03 -1.1150E+03 -2.8378E+02
0000016   8.5716E+03 -1.3573E+03 -4.7134E+02
0000017   8.7750E+03 -7.6886E+02 -8.9695E+02
0000018   7.1859E+03 -1.7597E+03  8.2526E+02
0000019   9.1169E+03 -1.1079E+03 -7.9450E+02
0000020   8.1092E+03 -2.5545E+03  2.3866E+03
0000021   7.7821E+03  5.2417E+02 -9.9359E+02
0000022   8.4181E+03  1.2837E+03 -9.1282E+02
0000023   9.4124E+03  2.8707E+02  1.1754E+03
0000024   8.1295E+03  7.7907E+02 -1.2103E+03
0000025   8.8927E+03 -8.0268E+02 -7.7101E+02
0000026   9.8031E+03 -5.9264E+02 -3.9480E+02
0000027   9.7234E+03 -6.7796E+02 -1.3543E+03
0000028   8.1438E+03 -3.6384E+01 -1.0994E+03
0000029   8.4191E+03  1.0323E+03 -1.7169E+03
0000030   9.0270E+03 -1.6346E+02 -1.6045E+02
0000031   8.3618E+03  2.2073E+02  1.2200E+03
0000032   8.2419E+03 -7.0328E+01 -1.5010E+03
0000033   9.2919E+03  1.0380E+03  9.3339E+01
0000034   8.6803E+03 -8.2919E+02 -1.8618E+03
0000035   9.1003E+03 -4.7541E+02  3.9610E+02
0000036   9.0619E+03 -1.7150E+03 -1.2840E+03
0000037   8.2366E+03 -8.4562E+02 -7.2269E+02
0000038   7.9450E+03  2.7399E+02 -1.2915E+03
0000039   9.3330E+03 -3.9983E+02  8.8356E+02
0000040   8.3450E+03  1.0870E+03  1.1307E+03
0000041   8.5994E+03  5.5685E+02  7.1610E+02
0000042   9.2483E+03 -1.1314E+02  4.0224E+02
0000043   8.6745E+03  9.8459E+01 -6.7597E+02
0000044   7.4854E+03  1.0887E+03 -9.4330E+02
0000045   8.5034E+03  7.9515E+02 -2.1632E+03
0000046   8.7829E+03  1.6521E+03 -4.7564E+01
0000047   8.8332E+03  3.3566E+02 -3.3533E+02
0000048   9.2985E+03  1.2629E+03  6.6800E+02
0000049   7.8641E+03 -1.9415E+03 -1.3192E+03
0000050   9.1503E+03 -4.7958E+01  9.5390E+02
0000051   8.7806E+03  3.9760E+02 -2.1582E+01
0000052   7.9822E+03  1.7246E+02  1.1249E+03
0000053   9.3996E+03 -2.0827E+02 -8.1798E+02
0000054   9.2742E+03  1.0183E+03  6.5518E+02
0000055   8.2157E+03  5.1232E+02 -6.3330E+02
0000056   7.5689E+03  2.6376E+03  4.9124E+02
0000057   8.7227E+03  7.1339E+02 -1.2163E+03
0000058   8.0878E+03 -1.1901E+02 -1.0855E+03
0000059   8.9310E+03  6.2887E+02 -8.3352E+02
0000060   9.0391E+03 -2.3954E+02 -9.4283E+00
0000061   8.2196E+03 -1.0155E+03  1.1297E+03
0000062   8.1048E+03 -1.1939E+03 -3.0756E+03
0000063   9.1546E+03  1.4120E+03 -1.4922E+02
0000064   6.7056E+03  8.9659E+02 -2.4540E+03
0000065   9.0224E+03  1.4180E+03 -1.0203E+03
0000066   8.1059E+03  8.7108E+02  5.0344E+02
0000067   8.8991E+03  1.7789E+02 -1.2317E+03
0000068   8.9044E+03  1.4269E+03  1.4334E+03
0000069   8.4132E+03  9.7409E+01 -3.5398E+03
0000070   8.3700E+03  1.0959E+03  2.6971E+02
0000071   8.6198E+03 -2.2064E+03 -6.5007E+02
0000072   8.4624E+03  1.5293E+03 -1.4812E+03
0000073   8.8841E+03  8.4446E+02  7.6847E+02
0000074   9.1391E+03 -5.2939E+02 -1.2417E+02
0000075   8.5282E+03  2.0801E+03 -5.1734E+02
0000076   9.3337E+03  7.1279E+02  1.3065E+03
0000077   8.1043E+03  3.8053E+02  7.5780E+02
0000078   8.7230E+03 -3.0785E+02 -1.1166E+03
0000079   8.4923E+03 -3.5775E+02 -1.1740E+03
0000080   9.2479E+03  3.3032E+02 -1.0172E+02
0000081   8.3217E+03  1.2679E+03 -7.5252E+02
0000082   7.8799E+03 -1.2230E+03  2.0192E+03
0000083   8.0080E+03  2.6367E+02 -7.8146E+02
0000084   9.6113E+03 -2.0476E+03 -1.1590E+03
0000085   8.6259E+03 -5.7219E+02  2.7340E+02
0000086   9.3910E+03  1.4077E+03 -1.2396E+02
0000087   7.7332E+03 -3.7818E+03  5.5847E+02
0000088   8.3466E+03  4.6293E+02 -2.0921E+03
0000089   8.0454E+03 -1.8732E+03  1.9677E+03
0000090   9.0930E+03 -1.4919E+02 -1.4936E+03
0000091   8.0840E+03 -3.9034E+02 -1.3607E+03
0000092   5.3266E+03 -4.2319E+03  4.5245E+02
0000093   8.5088E+03  2.5314E+03  7.2235E+02
0000094   8.1350E+03  1.2121E+02 -9.4532E+02
0000095   6.7570E+03  2.5052E+03 -3.0681E+03
0000096   2.3013E+03 -2.0210E+03 -1.8010E+03
0000097   8.8909E+03  7.7971E+01 -1.5551E+03
0000098   8.0133E+03 -8.3674E+02  1.6729E+03
0000099   8.3006E+03  2.0390E+03 -1.5381E+03
0000100   7.9961E+03 -1.8574E+03 -1.4755E+03
0000101   9.4762E+03 -1.8979E+02 -4.1897E+02
0000102   8.9276E+03 -2.3669E+03 -2.3052E+03
0000103   9.0449E+03 -7.6633E+02  3.2457E+02
0000104   1.0221E+04  1.0080E+02 -1.1074E+02
0000105   9.0104E+03  7.0889E+02  1.5009E+03
0000106   9.1451E+03 -9.5113E+02 -5.5186E+02
0000107   9.0601E+03 -1.3703E+03 -1.5711E+03
0000108   8.6914E+03  1.5175E+03  8.0905E+02
0000109   7.3895E+03 -2.6906E+03 -2.3331E+02
0000110   9.3502E+03  3.3267E+02 -3.6713E+02
0000111   7.9851E+03  9.8816E+02 -6.0502E+02
0000112   9.0406E+03 -8.8818E+01 -1.3992E+02
0000113   8.7897E+03  9.4621E+02 -7.4645E+02
0000114   8.9292E+03 -9.2574E+01 -3.6560E+02
0000115   9.0345E+03 -1.1941E+03  9.2363E+02
0000116   9.0788E+03 -3.7299E+02  1.1614E+02
0000117   8.8720E+03  1.5017E+03 -4.0011E+02
0000118   8.9430E+03  8.4260E+01  7.7187E+02
0000119   8.0161E+03  1.0548E+03 -1.3426E+03
0000120   7.7086E+03 -1.3437E+03  9.2830E+01
0000121   8.1726E+03 -1.5061E+03  9.8396E+02
0000122   8.5572E+03  4.9471E+02  1.5059E+03
0000123   8.1828E+03 -7.0661E+02  1.9403E+03
0000124   8.3538E+03 -1.8362E+02 -5.9018E+02
0000125   9.2249E+03 -9.1149E+02 -1.1476E+03
0000126   9.1598E+03  3.5339E+02 -7.6197E+02
0000127   9.0512E+03 -4.8738E+02 -7.6090E+02
0000128   8.6545E+03  6.5967E+02  6.7161E+02
0000129   8.6000E+03  1.4275E+02  1.4131E+03
0000130   9.0035E+03  9.8747E+01 -1.7606E+03
0000131   9.7341E+03 -8.5466E+02  3.0850E+01
0000132   7.5611E+03  2.3243E+02 -1.3720E+03
0000133   8.4852E+03 -1.0429E+03 -8.4346E+02
0000134   8.5759E+03  1.7603E+02  2.9434E+02
0000135   7.8259E+03 -2.3986E+03 -1.2748E+03
0000136   9.1069E+03  6.6593E+02 -1.0754E+03
0000137   9.0908E+03  6.0002E+02  2.0788E+03
0000138   7.8842E+03  2.5110E+03  7.8623E+02
0000139   8.3634E+03  5.9826E+02  2.0251E+03
0000140   7.8773E+03  1.6910E+03 -7.4402E+02
0000141   9.3845E+03  3.5723E+02 -1.1262E+02
0000142   9.0186E+03  4.5752E+02  4.3155E+02
0000143   8.4918E+03 -5.0814E+02 -1.8338E+03
0000144   8.9269E+03 -6.9195E+02  4.9479E+01
0000145   8.3759E+03 -9.5594E+02 -1.1440E+02
0000146   8.2912E+03 -6.1690E+02  9.9048E+02
0000147   8.8412E+03 -6.3340E+02 -7.4360E+02
0000148   8.4052E+03  1.2326E+02 -1.6183E+03
0000149   8.6770E+03  2.6720E+02  6.5768E+02
0000150   6.3568E+03 -2.3362E+03  3.0205E+03
0000151   6.0021E+03 -1.7909E+03  4.6310E+03
0000152   8.5896E+03  1.0420E+03  7.9486E+02
0000153   7.9959E+03 -7.0809E+02  5.5861E+02
0000154   8.6399E+03  3.0066E+03  6.3172E+02
0000155   8.1253E+03  1.4840E+03  1.5255E+03
0000156   8.1580E+03 -6.7673E+02  1.2703E+03
0000157   6.9285E+03 -1.1821E+02  3.1917E+03
0000158   8.6107E+03 -1.6201E+03 -9.7307E+02
0000159   8.9363E+03  7.0737E+02 -5.4372E+01
0000160   8.8561E+03 -1.1270E+03 -4.8940E+02
0000161   8.8587E+03 -1.1265E+03  8.3615E+02
0000162   7.5351E+03 -4.6810E+02 -1.5156E+03
0000163   8.7890E+03  4.0604E+02 -7.6278E+01
0000164   7.6805E+03  1.8540E+03 -3.5571E+03
0000165   8.7110E+03  1.4135E+03  1.0380E+03
0000166   9.0352E+03 -6.0163E+02 -3.4142E+02
0000167   9.8049E+03 -7.7955E+02 -6.0979E+02
0000168   8.9300E+03 -2.7831E+02 -1.2779E+03
0000169   9.0443E+03  1.2949E+03 -1.3251E+03
0000170   9.1739E+03 -9.9853E+02 -1.6354E+02
0000171   9.1810E+03  4.8147E+02  2.6704E+02
0000172   9.0723E+03 -4.3405E+02  1.3431E+03
0000173   8.2356E+03  2.3087E+03  1.3928E+02
0000174   9.5493E+03 -3.8098E+01  3.7778E+02
0000175   9.2879E+03 -1.0538E+03 -5.3898E+02
0000176   8.3329E+03  1.5761E+02 -3.2274E+03
0000177   8.2867E+03 -5.2223E+02 -1.5576E+03
0000178   8.9310E+03  4.6451E+02  4.0192E+01
0000179   7.0429E+03 -1.8603E+03 -1.7155E+03
0000180   9.4058E+03  1.4491E+03 -1.5789E+01
0000181   8.0842E+03  2.2201E+03  2.4158E+03
0000182   8.4171E+03 -4.3479E+02 -9.9036E+02
0000183   8.8137E+03  1.4446E+03 -2.8226E+01
0000184   8.7888E+03 -8.0774E+02  4.6052E+00
0000185   8.8522E+03 -7.9771E+02  1.9172E+03
0000186   8.9121E+03 -1.5025E+02  4.5578E+02
0000187   8.0169E+03 -5.2871E+02  1.4518E+03
0000188   9.0795E+03  2.0667E+02  6.1191E+01
0000189   8.6471E+03  1.4114E+02 -3.5840E+02
0000190   7.8725E+03 -3.8664E+03 -9.3063E+02
0000191   8.3609E+03  6.7060E+02 -1.0770E+03
0000192   8.8276E+03 -1.3650E+03 -3.4634E+02
0000193   8.3832E+03  3.9355E+02 -8.7040E+02
0000194   7.8929E+03  6.0161E+02  8.5505E+02
0000195   8.9797E+03  3.8434E+02 -3.1029E-01
0000196   7.8649E+03  8.1135E+02  3.2153E+03
0000197   8.6185E+03 -2.8769E+02 -5.8349E+02
0000198   8.4072E+03  9.3553E+02  1.9972E+03
0000199   6.4695E+03  4.1880E+03 -1.4149E+03
0000200   8.7237E+03 -7.7186E+02 -2.4293E+02
0000201   7.2620E+03 -1.1569E+03 -1.5630E+03
0000202   8.8755E+03  1.0656E+03  1.0476E+03
0000203   8.0631E+03 -5.3138E+02  3.1480E+03
0000204   8.8477E+03 -8.1948E+02 -1.7004E+03
0000205   9.4176E+03 -9.4236E+02 -1.6149E+02
0000206   8.9866E+03 -5.7851E+02 -2.1275E+02
0000207   7.9961E+03  4.1461E+02  1.2579E+02
0000208   8.3608E+03 -4.9578E+02 -8.2377E+02
0000209   9.3428E+03 -1.1490E+02  5.5167E+02
0000210   9.0353E+03 -1.0880E+03 -8.2246E+02
0000211   8.4989E+03 -5.2688E+01  1.3969E+03
0000212   9.0018E+03  1.9124E+02  4.9412E+01
0000213   8.3445E+03 -1.4384E+03 -5.7014E+02
0000214   9.2044E+03 -7.4776E+02  6.0930E+02
0000215   8.7436E+03  2.6535E+02 -1.9830E+02
0000216   9.4151E+03 -1.0121E+02  1.3634E+03
0000217   8.3915E+03  1.8435E+02 -3.5476E+02
0000218   7.9294E+03 -1.9126E+03 -2.2063E+03
0000219   8.4196E+03 -1.5320E+03 -1.0568E+03
0000220   8.9510E+03  2.9707E+01  7.6532E+02
0000221   7.4245E+03 -9.1853E+02 -1.2494E+03
0000222   8.8678E+03 -2.4556E+02 -1.5086E+03
0000223   9.3222E+03  1.5659E+03  7.4612E+02
0000224   7.5908E+03 -2.4072E+03 -2.5408E+02
0000225   8.0034E+03  4.6863E+02  5.5865E+02
0000226   8.4719E+03 -4.4676E+02  1.1720E+02
0000227   8.6762E+03 -2.4301E+02  1.2289E+03
0000228   8.5960E+03  4.7113E+02 -9.1817E+02
0000229   7.2714E+03  5.1226E+02  8.9638E+02
0000230   9.3987E+03 -7.3734E+02  2.9035E+02
0000231   1.0342E+04  1.3956E+03 -2.4307E+02
0000232   9.9279E+03 -1.3353E+02  2.2067E+02
0000233   9.3438E+03 -7.3091E+02 -1.3172E+03
0000234   8.4677E+03 -1.7497E+02 -3.5271E+02
0000235   9.2510E+03 -5.7480E+02  8.1758E+02
0000236   7.4517E+03  4.1514E+02 -1.5919E+02
0000237   8.2704E+03 -9.2186E+02 -1.8499E+03
0000238   8.6983E+03 -6.6072E+02  2.7814E+02
0000239   8.8639E+03 -5.3913E+02 -1.2474E+02
0000240   9.0115E+03 -1.7201E+02 -1.4045E+03
0000241   8.9632E+03 -4.6408E+01  1.1735E+03
0000242   7.9139E+03  3.6670E+02 -6.0777E+02
0000243   8.9877E+03  1.9771E+03  6.3066E+02
0000244   9.1702E+03  3.4996E+01  8.0645E+02
0000245   9.0008E+03  6.4882E+02 -2.3910E+02
0000246   7.9711E+03  7.7335E+01 -2.9409E+02
0000247   8.4848E+03 -8.1331E+02 -1.2180E+03
0000248   9.2275E+03  1.2720E+03 -1.8697E+03
0000249   7.9081E+03  1.4220E+03  4.0472E+02
0000250   8.0031E+03  3.0355E+02  8.3930E+02
0000251   9.6813E+03 -1.4266E+03 -1.0519E+03
0000252   8.6427E+03  2.7769E+02 -8.7006E+02
0000253   8.2232E+03 -2.1904E+02  1.5000E+03
0000254   9.9086E+03 -1.0178E+02 -9.2899E+01
0000255   8.4634E+03 -1.7940E+03 -1.3608E+03
0000256   8.8777E+03  4.4412E+02 -2.3648E+03
0000257   8.3433E+03  4.0526E+02  4.2501E+02
0000258   9.1469E+03  2.6311E+02 -2.3253E+02
0000259   8.8936E+03 -3.7906E+02  1.1308E+02
0000260   8.4975E+03  1.8769E+03 -6.9125E+02
0000261   8.9067E+03  3.2402E+02  4.5701E+02
0000262   9.3297E+03 -6.5641E+02 -1.6176E+03
0000263   9.2659E+03  9.7436E+02  9.1527E+02
0000264   9.6801E+03  7.0687E+02 -1.9928E+03
0000265   8.3006E+03 -3.1060E+02 -1.8389E+03
0000266   8.5675E+03  4.3648E+02 -1.5815E+03
0000267   8.4798E+03 -3.7248E+02  1.4073E+03
0000268   8.5162E+03  1.4271E+03  5.7259E+02
0000269   8.3686E+03  3.2085E+02  3.7065E+02
0000270   8.3020E+03  8.4461E+01 -8.5843E+02
0000271   9.3022E+03  3.3657E+03 -7.7978E+02
0000272   8.7411E+03 -1.1947E+03  2.0756E+03
0000273   7.7352E+03 -1.4782E+03  1.1969E+03
0000274   8.3703E+03  8.8533E+02 -2.6153E+03
0000275   9.3414E+03  8.0051E+02  1.6469E+03
0000276   8.2181E+03 -1.3311E+03  1.8736E+03
0000277   7.5252E+03  8.8613E+02  1.7859E+03
0000278   9.6401E+03  8.3425E+01 -7.8693E+02
0000279   9.2778E+03  1.1328E+03  6.0112E+02
0000280   8.0434E+03  3.2126E+02  3.4840E+02
0000281   9.1463E+03  2.4547E+02  1.0512E+03
0000282   8.4934E+03  3.7770E+01 -2.2579E+02
0000283   7.7762E+03  2.7596E+02  1.8519E+03
0000284   9.1136E+03  6.4591E+01 -3.7858E+02
0000285   8.6453E+03  1.7282E+02 -1.1968E+02
0000286   9.5067E+03 -2.6818E+02  3.5911E+02
0000287   9.0190E+03 -1.9890E+00 -1.4364E+03
0000288   8.6728E+03 -1.0031E+03  1.4626E+03
0000289   6.3959E+03 -2.9291E+03 -7.7210E+02
0000290   8.9115E+03 -2.1035E+03 -7.6179E+02
0000291   7.9797E+03 -2.0618E+03  1.3301E+03
0000292   8.0906E+03  6.5217E+02 -1.5594E+02
0000293   9.1532E+03 -1.4147E+03 -1.2524E+03
0000294   7.4710E+03  9.7405E+01  2.1677E+03
0000295   9.6531E+03 -8.0241E+02  1.2309E+03
0000296   5.8480E+03  2.8917E+02  1.2473E+03
0000297   8.4478E+03  1.9504E+03 -1.4496E+03
0000298   8.1014E+03 -1.2722E+03  1.1195E+02
0000299   8.8269E+03 -7.1935E+02  9.8273E+02
0000300   9.2970E+03 -4.5557E+02 -5.7820E+02
0000301   7.7292E+03 -1.4095E+03  4.4856E+02
0000302   9.6198E+03 -3.8003E+02  6.2166E+01
0000303   7.9938E+03  8.1132E+02  1.1589E+03
0000304   8.5829E+03  1.3261E+03 -1.1502E+03
0000305   7.7445E+03 -2.0733E+03  1.2586E+03
0000306   8.9317E+03  1.0081E+03  1.7108E+03
0000307   7.7702E+03  7.5445E+02  1.8390E+03
0000308   9.0845E+03 -2.5137E+02 -7.1125E+02
0000309   8.6372E+03  1.4424E+03 -4.7063E+02
0000310   8.7215E+03 -7.8675E+02  5.6489E+02
0000311   8.5888E+03 -9.2132E+02 -1.7521E+02
0000312   7.5235E+03  2.0584E+03 -1.3595E+03
0000313   8.6041E+03  5.4021E+02  1.5989E+02
0000314   8.9787E+03 -2.8246E+02  3.4957E+02
0000315   8.4848E+03  7.7637E+02 -2.7857E+02
0000316   8.2344E+03  7.9781E+02 -5.1101E+02
0000317   8.9160E+03 -2.1554E+03 -1.8287E+02
0000318   9.0793E+03 -2.2514E+02 -6.2313E+02
0000319   8.1227E+03  2.2491E+02 -3.5338E+02
0000320   8.6422E+03 -6.7567E+02 -4.0846E+02
0000321   8.1212E+03 -1.4140E+03 -5.9113E+02
0000322   8.1057E+03 -1.2071E+01  5.9421E+02
0000323   9.4178E+03  1.7504E+03  2.4832E+02
0000324   9.2528E+03 -6.5378E+02 -1.8458E+03
0000325   9.1119E+03 -2.4725E+02 -2.0391E+01
0000326   7.8527E+03  5.7073E+02 -1.1602E+03
0000327   8.2369E+03 -1.4712E+03 -1.2609E+03
0000328   8.2309E+03  1.4387E+03 -4.1528E+02
0000329   7.6294E+03  5.8489E+02  1.6120E+03
0000330   8.8604E+03 -4.5156E+02 -7.2829E+02
0000331   7.8855E+03 -5.5925E+01 -1.3267E+03
0000332   9.0370E+03  2.4191E+02 -9.1054E+02
0000333   8.4160E+03  5.7689E+02 -7.3368E+02
0000334   8.8220E+03  8.3652E+01 -7.9644E+02
0000335   8.0033E+03  3.3859E+02 -1.1305E+03
0000336   8.2292E+03  5.7680E+02  5.3257E+02
0000337   8.1425E+03 -9.3117E+02  4.9159E+02
0000338   8.6340E+03  1.5584E+03 -5.1798E+02
0000339   9.1205E+03 -1.8702E+01 -8.5280E+02
0000340   8.4376E+03  3.7737E+02 -4.5459E+01
0000341   9.4627E+03  3.0707E+02 -7.1432E+02
0000342   8.9790E+03 -2.6925E+02  8.5749E+02
0000343   8.8246E+03  1.6909E+03  1.3211E+03
0000344   8.7892E+03  3.5942E+02 -6.3986E+02
0000345   8.0791E+03 -4.4718E+02  6.9064E+02
0000346   8.7226E+03  2.3698E+02 -8.2685E+02
0000347   8.4384E+03  1.4155E+03 -1.6540E+03
0000348   8.4394E+03 -6.3021E+02 -4.0290E+02
0000349   8.6770E+03  1.7661E+03 -7.6625E+02
0000350   8.5357E+03  7.7799E+02 -9.3748E+02
0000351   8.2836E+03  9.7606E+02  1.9907E+02
0000352   7.2616E+03 -9.7309E+02 -6.8893E+02
0000353   8.9333E+03 -1.2902E+03  3.5478E+02
0000354   7.3824E+03  2.9126E+01 -1.5650E+02
0000355   7.7777E+03  3.2469E+03  1.0781E+03
0000356   8.9801E+03  1.1108E+03  1.3194E+03
0000357   8.8085E+03  7.4114E+02  2.5015E+01
0000358   8.2968E+03  9.2542E+02 -4.0696E+02
0000359   8.7630E+03  1.0308E+03  1.0627E+03
0000360   9.5120E+03  6.2077E+02  4.9528E+01
0000361   9.9934E+03  4.8141E+02  3.7457E+02
0000362   9.5699E+03  7.7443E+02 -8.4470E+02
0000363   9.3542E+03 -2.8912E+02  1.1283E+03
0000364   7.7111E+03 -9.3625E+02  3.0021E+03
0000365   9.2100E+03  1.2379E+03  6.3140E+02
0000366   7.8589E+03  8.8839E+02 -4.3305E+02
0000367   9.1814E+03  5.8583E+02 -1.2265E+02
0000368   9.0878E+03 -2.4281E+03  1.6816E+03
0000369   8.2294E+03 -3.0150E+02  2.2246E+03
0000370   9.6609E+03  1.7320E+02 -3.7870E+00
0000371   9.0555E+03 -2.3864E+01 -1.1300E+03
0000372   8.9076E+03  1.4768E+02 -7.0683E+02
0000373   7.9147E+03 -2.6933E+03 -1.3962E+03
0000374   8.9561E+03  5.0874E+02 -3.1372E+02
0000375   8.4849E+03  5.9313E+02  1.6418E+03
0000376   7.4923E+03 -2.0934E+02  1.8230E+03
0000377   8.9039E+03  8.1112E+02 -9.5387E+02
0000378   7.7305E+03 -8.9075E+02  2.4732E+03
0000379   8.8994E+03  1.3252E+03 -5.9835E+02
0000380   9.0903E+03  9.8071E+02 -7.1729E+02
0000381   6.2125E+03 -2.3749E+03 -1.4973E+03
0000382   9.4918E+03  6.0683E+02  9.6703E+02
0000383   8.6632E+03 -2.9161E+02 -3.5540E+02
0000384   8.6535E+03  8.2400E+02 -1.8494E+03
0000385   8.7339E+03 -9.0752E+02 -8.6667E+02
0000386   8.7136E+03  4.0559E+02 -4.9985E+02
0000387   8.6849E+03  5.2689E+02  1.1264E+03
0000388   8.9167E+03 -2.6423E+01 -6.5722E+02
0000389   4.6707E+03 -1.0423E+03  3.8809E+03
0000390   8.9582E+03  2.9496E+02 -1.4624E+03
0000391   8.8046E+03  1.1345E+03  1.7710E+03
0000392   7.3093E+03  1.3051E+01 -1.6027E+03
0000393   9.0499E+03 -9.3214E+01 -5.4730E+02
0000394   8.9334E+03  1.0500E+03  1.0046E+03
0000395   5.3564E+03 -1.6556E+03  3.4007E+03
0000396   8.4977E+03 -1.0796E+03  3.5840E+02
0000397   4.7072E+03  2.9401E+03 -1.1491E+03
0000398   9.2863E+03  1.3311E+02  1.7485E+03
0000399   9.7274E+03 -8.5642E+02 -4.6837E+02
0000400   8.4102E+03 -1.7119E+03  2.2524E+02
0000401   9.6486E+03  2.9171E+02 -8.1553E+02
0000402   7.5131E+03 -1.1969E+03 -1.7246E+03
0000403   8.0741E+03  1.6059E+03 -7.3832E+02
0000404   8.8978E+03 -6.2580E+02  2.0287E+02
0000405   8.7104E+03 -1.4537E+03  5.8468E+01
0000406   8.4705E+03 -5.7632E+02 -4.8034E+02
0000407   7.4687E+03 -1.4393E+03 -2.0498E+03
0000408   8.4463E+03  4.7638E+02 -1.3694E+03
0000409   8.6401E+03  1.3918E+02 -1.9047E+02
0000410   9.3610E+03  6.1699E+02 -1.3179E+02
0000411   8.6624E+03 -2.7805E+02  1.0002E+02
0000412   8.8052E+03 -4.7001E+02  1.2072E+03
0000413   8.9839E+03 -3.0005E+02  4.0351E+02
0000414   5.7901E+03 -3.4681E+02 -3.6160E+03
0000415   8.8684E+03 -1.2414E+03  1.5266E+03
0000416   8.5822E+03  2.4537E+03  3.8164E+02
0000417   8.7485E+03  1.1530E+03 -7.4679E+02
0000418   8.9797E+03  5.7313E+01  1.0507E+03
0000419   8.4497E+03 -1.2704E+03  1.2881E+03
0000420   9.5659E+03 -8.7155E+02 -2.6412E+01
0000421   9.4362E+03 -1.1760E+02  6.4857E+01
0000422   8.8811E+03 -7.1526E+02 -1.5769E+03
0000423   8.2074E+03 -1.4090E+03  7.3005E+02
0000424   9.1541E+03 -4.1518E+02  1.0865E+03
0000425   8.7039E+03 -4.8380E+02  3.1096E+02
0000426   9.3906E+03 -6.3134E+02  6.5502E+02
0000427   9.0510E+03  3.6206E+02 -2.0661E+02
0000428   9.1199E+03  7.0655E+02 -5.6518E+02
0000429   8.8660E+03 -1.8311E+02  1.2078E+03
0000430   9.6767E+03 -2.6669E+02  4.9384E+02
0000431   8.4382E+03 -4.6762E+02 -6.7013E+02
0000432   8.6616E+03  1.2794E+02 -6.2686E+02
0000433   9.3459E+03 -2.3407E+02  1.8113E+03
0000434   8.8741E+03  5.7959E+02  1.3728E+03
0000435   9.1104E+03  6.9995E+02 -1.4083E+03
0000436   8.6690E+03  6.1539E+02 -1.4067E+03
0000437   8.1968E+03 -6.5891E+02  1.7239E+03
0000438   8.6909E+03 -1.0955E+03  1.8144E+02
0000439   9.2809E+03  5.8980E+02  4.2385E+02
0000440   7.9028E+03  6.7613E+02  7.8387E+02
0000441   9.3480E+03 -3.9444E+02  6.9582E+02
0000442   7.7546E+03 -2.1935E+02 -1.8282E+03
0000443   9.3053E+03 -2.9749E+02  9.9988E+02
0000444   8.9318E+03 -2.7928E+03  8.8181E+02
0000445   9.4886E+03  6.2966E+02  6.4708E+02
0000446   1.0123E+04 -5.6923E+02 -1.3830E+03
0000447   8.5938E+03  2.4435E+02 -7.5821E+02
0000448   8.2918E+03 -3.0988E+02 -6.0513E+02
0000449   8.7032E+03 -1.2665E+03  5.1424E+02
0000450   8.6098E+03  4.0847E+02 -1.4697E+03
0000451   7.9727E+03 -5.8890E+01  2.2033E+02
0000452   9.5739E+03 -4.5625E+02 -5.6583E+02
0000453   8.9006E+03 -2.2736E+03 -1.1662E+03
0000454   9.9248E+03 -1.4364E+03  2.6335E+02
0000455   8.5331E+03 -3.0207E+02  7.8756E+02
0000456   8.6938E+03  2.3092E+02 -2.0136E+03
0000457   8.6047E+03 -1.3763E+03 -5.9936E+02
0000458   9.9769E+03  8.1790E+02 -3.8815E+02
0000459   8.5019E+03 -5.2854E+02 -7.2026E+01
0000460   8.3009E+03  8.3894E+01 -8.4641E+01
0000461   8.6513E+03 -3.0653E+01 -2.8556E+02
0000462   8.5176E+03  6.7478E+02  3.3991E+02
0000463   9.0920E+03  1.7475E+02 -8.5390E+02
0000464   8.9404E+03  1.3377E+03 -1.7197E+02
0000465   9.4829E+03 -4.1516E+02 -3.9514E+02
0000466   8.0399E+03 -1.7213E+02 -9.5577E+02
0000467   8.5263E+03 -6.4431E+02 -6.3513E+02
0000468   8.5452E+03 -2.8270E+02 -4.6869E+02
0000469   8.4726E+03  1.0004E+03 -8.2567E+01
0000470   8.3459E+03  9.4686E+02 -5.6345E+02
0000471   8.8379E+03 -1.5663E+02 -8.7228E+02
0000472   7.6160E+03 -6.4925E+02 -2.1649E+03
0000473   8.1063E+03 -2.6528E+03 -2.0539E+02
0000474   8.6650E+03 -5.8196E+02 -6.7546E+02
0000475   9.4124E+03  3.2894E+02 -1.0063E+03
0000476   8.8351E+03 -2.9217E+03  2.3953E+01
0000477   3.1145E+03  9.1745E+02 -1.3154E+03
0000478   7.8387E+03  2.3289E+02 -2.3077E+02
0000479   9.4674E+03  2.3707E+02 -2.2909E+02
0000480   8.3634E+03 -1.1355E+03 -2.5607E+02
0000481   9.2890E+03  2.1574E+03 -6.9913E+01
0000482   7.4432E+03  1.2945E+03 -1.4881E+02
0000483   8.8782E+03  8.5795E+02 -5.6884E+02
0000484   9.9198E+03  1.1188E+03  1.5319E+03
0000485   9.5978E+03  5.7995E+02  2.3405E+02
0000486   9.2261E+03 -1.5758E+03  1.7602E+03
0000487   8.1300E+03 -2.3823E+03 -9.5627E+02
0000488   8.9758E+03  7.5966E+02 -4.0641E+02
0000489   9.2754E+03 -1.5959E+02 -1.5810E+03
0000490   5.9542E+03 -3.4423E+03  1.0515E+03
0000491   9.0945E+03 -9.8037E+02 -6.1005E+02
0000492   9.3239E+03  1.1750E+03 -3.3467E+02
0000493   8.3266E+03 -2.0161E+03 -1.9047E+02
0000494   9.7266E+03  7.7774E+02  8.9809E+02
0000495   9.2885E+03 -1.8448E+03  4.7863E+02
0000496   8.2941E+03  3.7577E+02 -1.8445E+03
0000497   8.9552E+03  9.5248E+02  9.8873E+02
0000498   8.8971E+03  2.2671E+02 -1.4422E+03
0000499   5.3389E+03  2.5651E+03  4.9672E+03
0000500   8.3682E+03 -1.2010E+03  2.6740E+01
0000501   7.7927E+03 -2.4997E+02 -2.0064E+03
0000502   8.9169E+03 -1.5605E+02 -1.7476E+02
0000503   8.6047E+03  1.3990E+03  4.3501E+02
0000504   8.7948E+03  1.3026E+02 -1.8162E+01
0000505   9.2290E+03  5.3722E+02 -3.8508E+02
0000506   8.8368E+03  7.1556E+02  1.9585E+03
0000507   8.2961E+03 -8.7259E+02 -6.6299E+02
0000508   8.4948E+03  8.9279E+02  2.8405E+02
0000509   7.7900E+03  7.8434E+02  9.7973E+02
0000510   7.8826E+03 -1.0653E+03 -1.8184E+02
0000511   7.5210E+03 -2.7633E+02  1.3309E+03
0000512   9.0232E+03 -1.8024E+03  1.6535E+03
0000513   9.2355E+03 -1.2621E+02  3.7282E+02
0000514   9.2191E+03 -8.2555E+02  1.0915E+03
0000515   8.9203E+03 -2.1762E+03  6.9691E+02
0000516   6.4030E+03  8.4313E+02 -1.2209E+03
0000517   1.0166E+04  4.1524E+01  2.1524E+03
0000518   9.3920E+03  1.3210E+02  4.7340E+02
0000519   8.6861E+03  1.8744E+02 -1.3834E+03
0000520   9.2569E+03 -1.3199E+03  4.5297E+02
0000521   8.9296E+03  1.2330E+03 -6.2557E+02
0000522   8.1028E+03  2.3040E+03 -1.9212E+03
0000523   8.1690E+03  9.9339E+02  1.0945E+02
0000524   9.8013E+03  9.1142E+02 -4.0372E+02
0000525   9.0100E+03  8.7966E+02  2.8438E+02
0000526   8.9617E+03 -4.4612E+02 -1.9697E+03
0000527   9.0285E+03 -2.3699E+03  1.4543E+03
0000528   8.5477E+03 -2.3522E+03  1.4258E+03
0000529   8.6844E+03 -2.5001E+02 -3.7095E+02
0000530   8.9570E+03 -1.7414E+02 -3.1173E+02
0000531   8.6926E+03  6.3616E+02 -1.5542E+03
0000532   8.2659E+03  5.7973E+02 -2.0963E+02
0000533   9.4325E+03 -5.1925E+02  6.1597E+02
0000534   7.2249E+03  1.0196E+03 -1.9244E+03
0000535   7.7003E+03  3.1442E+02 -5.8832E+02
0000536   8.6195E+03  2.1464E+03  1.0061E+03
0000537   8.5673E+03  4.1722E+02 -8.5501E+02
0000538   8.6841E+03 -9.8136E+02 -1.3562E+02
0000539   9.1596E+03  9.4967E+01  1.1123E+03
0000540   7.2982E+03 -3.6257E+02  2.8100E+02
0000541   9.0936E+03  4.3537E+02 -1.0042E+02
0000542   9.1464E+03  1.7613E+03 -1.8867E+03
0000543   8.6159E+03  2.1969E+02 -1.3828E+03
0000544   8.6482E+03  4.1712E+02  1.3190E+03
0000545   8.6918E+03  4.1475E+02  1.0438E+03
0000546   9.0867E+03  1.8592E+03  1.3512E+03
0000547   8.1019E+03  1.6133E+03 -5.5170E+02
0000548   9.2131E+03 -9.2816E+02 -9.0009E+02
0000549   8.9426E+03 -8.3673E+02 -7.6160E+02
0000550   8.4352E+03 -1.5826E+02 -9.3455E+02
0000551   8.6326E+03 -2.2006E+02  1.8389E+02
0000552   1.0366E+04  4.8006E+02  4.1235E+02
0000553   8.5349E+03 -1.7192E+03 -5.0119E+02
0000554   4.3445E+03  9.4670E-01  8.2496E+02
0000555   7.5673E+03 -1.9665E+02  5.1422E+02
0000556   8.1453E+03  6.5869E+02  1.9086E+02
0000557   8.8396E+03 -2.0082E+03 -9.6343E+02
0000558   7.8692E+03  7.8282E+02  4.7324E+02
0000559   8.5835E+03  1.7301E+03 -3.4268E+02
0000560   8.3593E+03  2.3062E+03  3.1885E+02
0000561   7.7413E+03 -1.1800E+03  7.7820E+02
0000562   7.7652E+03  2.9257E+03 -5.8716E+02
0000563   9.3372E+03  1.5052E+02 -2.1142E+02
0000564   5.6534E+03  9.5319E+02 -1.3060E+03
0000565   1.0289E+04 -5.9920E+02  1.0653E+03
0000566   9.3045E+03 -1.5729E+02  6.5330E+02
0000567   8.8465E+03  8.4227E+02  4.9325E+02
0000568   8.1800E+03 -1.2723E+03  1.0047E+03
0000569   9.9742E+03 -5.4448E+02 -9.5635E+02
0000570   8.1732E+03  1.9081E+03 -5.4704E+02
0000571   7.5771E+03  1.3117E+03 -1.1041E+03
0000572   9.7636E+03  2.6668E+02  1.1009E+03
0000573   9.5045E+03 -2.3029E+02  1.2881E+01
0000574   8.6266E+03  1.2222E+03 -5.6812E+02
0000575   9.2353E+03  2.9436E+02 -7.8747E+01
0000576   8.4674E+03 -1.1657E+03 -4.3362E+02
0000577   9.1547E+03  1.1846E+03  3.0378E+02
0000578   7.5323E+03  1.3072E+03 -2.5497E+02
0000579   8.1472E+03 -5.0399E+02  2.1065E+02
0000580   9.8721E+03 -7.1045E+02 -1.9189E+02
0000581   9.3291E+03  9.2244E+02  2.7428E+02
0000582   9.1803E+03 -7.3139E+02 -3.8646E+02
0000583   8.7421E+03 -1.2563E+02  3.8221E+01
0000584   7.6758E+03  1.1185E+03  7.1919E+02
0000585   8.3278E+03 -1.9042E+03  9.9978E+02
0000586   8.8575E+03 -2.4181E+01 -7.1935E+02
0000587   8.4220E+03  1.8521E+02  7.4533E+02
0000588   8.2775E+03  2.7696E+03  4.0131E+01
0000589   9.3059E+03  1.0342E+02  8.3435E+02
0000590   8.7509E+03  1.2277E+03 -2.7939E+02
0000591   8.0520E+03 -1.3738E+03  1.6980E+02
0000592   8.0588E+03 -1.0919E+03  4.7025E+02
0000593   9.6030E+03  1.9943E+02  8.9258E+01
0000594   9.5666E+03  7.4633E-01 -7.1271E+02
0000595   9.1021E+03  6.6189E+01  3.3039E+02
0000596   8.6578E+03  1.6228E+02  3.4831E+02
0000597   8.3779E+03 -5.2145E+02 -1.3203E+03
0000598   8.6844E+03  1.4884E+03  3.0514E+03
0000599   8.7394E+03 -3.6498E+02  8.7200E+02
0000600   8.0853E+03  3.4649E+02 -1.0601E+02
0000601   8.4269E+03  1.5960E+03 -2.9959E+03
0000602   9.2460E+03 -9.3968E+02 -6.4124E+02
0000603   8.5352E+03  1.7627E+03 -1.2673E+03
0000604   8.9625E+03 -1.1194E+03 -1.4950E+03
0000605   8.4438E+03  1.8349E+03 -6.9229E+02
0000606   7.2988E+03 -9.2919E+02 -4.1558E+03
0000607   8.6367E+03  1.7271E+03 -8.9525E+01
0000608   8.8170E+03  3.3615E+02  3.4479E+02
0000609   9.0032E+03  4.6483E+02  2.2115E+02
0000610   7.2803E+03  1.2777E+03  9.7469E+02
0000611   8.5296E+03  3.6053E+02  2.5300E+02
0000612   7.4613E+03 -6.2494E+02  1.3698E+03
0000613   8.9749E+03 -5.2464E+01  6.3835E+00
0000614   8.5202E+03 -1.0043E+03  1.0934E+03
0000615   8.4256E+03  2.2999E+02 -2.8599E+02
0000616   8.3790E+03 -1.0939E+02  1.2601E+03
0000617   7.1216E+03  3.6108E+03 -5.3990E+02
0000618   8.4448E+03  5.0037E+02  1.7314E+03
0000619   8.6214E+03  3.6054E+02  2.5271E+03
0000620   8.8040E+03 -1.3620E+03 -2.4623E+03
0000621   8.1379E+03 -1.4454E+03 -9.3058E+02
0000622   8.1701E+03 -1.0286E+03 -1.2538E+03
0000623   8.5905E+03  1.5255E+03 -5.9069E+02
0000624   8.4324E+03 -1.7198E+03 -7.5922E+02
0000625   8.7040E+03  4.9128E+02  1.4195E+03
0000626   8.2858E+03 -1.0763E+03 -1.5974E+02
0000627   8.8294E+03  3.1958E+02 -2.7472E+02
0000628   8.7129E+03  4.9292E+02  5.8420E+02
0000629   9.0330E+03 -1.2524E+03 -2.4677E+01
0000630   1.0594E+04  6.9061E+02 -6.0589E+02
0000631   8.0367E+03  2.1772E+03 -1.1764E+03
0000632   8.4243E+03 -9.2116E+01  7.6604E+02
0000633   8.4606E+03  2.0984E+02 -1.1682E+03
0000634   8.4907E+03  6.9547E+02  6.8549E+02
0000635   7.8625E+03  2.0104E+03  1.8955E+03
0000636   8.7930E+03  1.2220E+03 -5.4040E+02
0000637   9.2699E+03  2.1000E+02  3.7358E+02
0000638   9.0313E+03 -3.1208E+02 -4.7171E+02
0000639   8.5513E+03  2.4652E+02  1.1412E+03
0000640   5.1633E+03 -2.2551E+03  5.2166E+02
0000641   9.2864E+03 -8.3328E+02 -1.8025E+02
0000642   7.6270E+03 -8.2860E+02  1.0916E+01
0000643   8.9310E+03 -1.2520E+03  1.0408E+03
0000644   8.9844E+03 -7.0522E+02 -1.1645E+03
0000645   8.8976E+03  1.1351E+03 -3.7844E+02
0000646   8.8873E+03 -1.5182E+03 -1.6431E+02
0000647   7.3301E+03  4.3809E+02 -2.2740E+02
0000648   7.8334E+03 -5.5419E+02  1.2727E+03
0000649   8.5464E+03  2.7451E+02  1.1908E+03
0000650   9.3827E+03  3.5250E+02  7.7124E+01
0000651   9.6656E+03 -6.9253E+02  1.3016E+03
0000652   8.3857E+03 -6.7601E+02 -1.3570E+03
0000653   8.8585E+03 -4.7809E+02 -2.1851E+03
0000654   8.7854E+03  1.4302E+02  2.6327E+03
0000655   9.4594E+03  1.8493E+02 -2.1446E+02
0000656   9.0877E+03  4.1279E+02  1.5766E+03
0000657   9.0045E+03  7.0858E+01  5.5861E+02
0000658   9.1814E+03 -2.8345E+02  1.2677E+03
0000659   8.4859E+03  9.7318E+02 -1.2701E+03
0000660   8.0316E+03 -3.4287E+03  1.2815E+03
0000661   9.3024E+03  5.2711E+02  1.9731E+03
0000662   8.4547E+03  2.0667E+02  1.5704E+03
0000663   9.4113E+03 -1.1820E+03 -1.0559E+03
0000664   9.0427E+03  5.4409E+01  9.4403E+02
0000665   8.9415E+03  7.0232E+02  6.5943E+02
0000666   7.8141E+03 -1.5035E+03  2.3281E+03
0000667   8.5404E+03  1.9430E+02  3.0527E+02
0000668   4.6998E+03  6.2518E+02  3.9138E+02
0000669   8.4760E+03  1.5630E+03 -8.6515E+02
0000670   9.4794E+03  3.2136E+02 -6.0395E+01
0000671   8.1897E+03 -5.7053E+02  2.0434E+03
0000672   8.3880E+03 -4.7901E+02  1.9461E+03
0000673   8.7006E+03 -1.4824E+03 -7.8452E+02
0000674   8.4887E+03  1.7987E+03  6.2146E+02
0000675   7.9233E+03  2.8240E+03 -1.0710E+03
0000676   8.9062E+03 -7.9983E+01 -1.2085E+03
0000677   8.3887E+03 -1.0480E+03 -1.3488E+03
0000678   9.0912E+03 -1.0764E+03  1.5941E+03
0000679   8.2051E+03  3.1893E+01 -1.4937E+03
0000680   9.0006E+03  9.7425E+02  2.7317E+02
0000681   8.8988E+03  1.0973E+03  2.0187E+03
0000682   8.0524E+03  8.4182E+02 -1.9706E+03
0000683   8.8084E+03  9.4413E+01 -6.4763E+02
0000684   6.9751E+03  4.9167E+02  9.6492E+02
0000685   8.9825E+03 -7.5395E+02 -1.4647E+03
0000686   8.3216E+03 -5.1698E+02  9.7132E+01
0000687   8.7855E+03 -6.8849E+02 -1.3860E+03
0000688   7.5808E+03 -1.4024E+03  1.8705E+03
0000689   8.6717E+03  6.7094E+02  1.6061E+03
0000690   8.7633E+03 -1.6853E+02 -7.5794E+02
0000691   8.2544E+03 -1.5158E+03  5.2319E+02
0000692   8.2196E+03 -1.1931E+03  1.8125E+03
0000693   7.9915E+03  1.1529E+03  1.7242E+03
0000694   9.1609E+03  1.7503E+03  5.7054E+02
0000695   8.8677E+03 -1.2704E+01 -1.7227E+01
0000696   7.9569E+03  8.2998E+02  2.1585E+02
0000697   7.2679E+03 -6.3335E+02 -6.6992E+02
0000698   7.7028E+03  2.4616E+03  3.7433E+02
0000699   8.2752E+03 -2.7168E+02  2.9988E+01
0000700   8.9587E+03 -8.1950E+02  4.2528E+02
0000701   6.9280E+03 -3.3113E+02 -4.5820E+02
0000702   9.0835E+03 -6.8925E+01  1.7947E+03
0000703   8.5969E+03  1.2634E+03  6.6527E+02
0000704   9.6021E+03 -3.2337E+02 -1.7523E+01
0000705   9.9617E+03 -1.3908E+03 -1.0931E+03
0000706   8.1057E+03  1.4522E+03 -2.9132E+01
0000707   4.5360E+03  1.0026E+03  1.5013E+03
0000708   9.1304E+03 -1.7264E+03 -1.3735E+03
0000709   8.2671E+03  1.5793E+03 -2.5565E+02
0000710   8.9237E+03 -1.4588E+03  9.9983E+01
0000711   8.2578E+03 -5.4931E+02 -6.2052E+02
0000712   8.0682E+03  5.9461E+01 -3.3799E+02
0000713   8.8128E+03  2.9258E+02 -2.5468E+03
0000714   8.0137E+03  6.6713E+02 -1.6962E+03
0000715   8.2022E+03 -1.2901E+02  7.5179E+02
0000716   8.5032E+03  1.7992E+03 -1.4314E+03
0000717   9.2852E+03  1.0721E+03  6.9739E+02
0000718   9.3401E+03  1.0805E+03 -1.5300E+03
0000719   9.3202E+03 -7.1406E+02 -1.8882E+02
0000720   5.7741E+03 -6.7622E+02  2.6663E+03
0000721   9.6194E+03  4.0043E+01  2.5647E+01
0000722   8.9037E+03  2.0220E+03 -9.1833E+02
0000723   8.9539E+03  1.6342E+03  1.1033E+03
0000724   8.6704E+03  2.3129E+03 -6.2562E+02
0000725   8.8537E+03  6.6619E+02  1.9207E+03
0000726   8.7787E+03 -8.2692E+01  1.0992E+03
0000727   8.7399E+03 -3.1722E+02  1.8530E+02
0000728   8.9065E+03  1.9931E+02  1.3852E+03
0000729   9.2072E+03 -2.2028E+02 -1.0194E+03
0000730   8.3416E+03  1.8042E+02  1.0550E+03
0000731   9.2336E+03  1.0459E+03  1.9514E+02
0000732   9.3115E+03  1.6963E+03  8.3457E+02
0000733   8.2165E+03  4.5443E+02  9.5638E+02
0000734   8.4368E+03  6.0483E+01  1.4956E+03
0000735   8.4019E+03  2.0924E+02  1.8051E+03
0000736   8.8194E+03 -3.3398E+02  6.1540E+02
0000737   8.5879E+03  2.7208E+02 -1.8319E+03
0000738   9.2616E+03 -4.8998E+02  7.9245E+02
0000739   8.5905E+03 -3.4161E+02  1.2587E+03
0000740   9.1024E+03 -6.6168E+01  6.4684E+02
0000741   9.4687E+03 -6.1935E+02  3.0634E+02
0000742   8.1555E+03 -2.4000E+03 -4.0522E+02
0000743   9.3032E+03 -4.9703E+02 -2.4919E+01
0000744   8.8325E+03  8.3823E+02  3.2014E+02
0000745   8.4022E+03 -6.6310E+02  1.7818E+02
0000746   7.9414E+03  7.1171E+02 -1.8425E+03
0000747   7.6330E+03  3.2399E+02  5.2085E+02
0000748   8.7988E+03  1.2533E+03 -6.2496E+01
0000749   7.9462E+03  1.7587E+03  4.1884E+02
0000750   9.1519E+03  4.9781E+02  5.9065E+02
0000751   9.1684E+03  2.1681E+02 -1.0185E+03
0000752   7.5471E+03 -2.9141E+03 -1.2007E+03
0000753   8.7805E+03 -9.2627E+02 -1.0194E+03
0000754   9.0949E+03 -5.2399E+02  1.6053E+03
0000755   8.9199E+03 -9.7672E+02 -1.0454E+03
0000756   9.0186E+03 -5.3083E+02  1.1144E+03
0000757   8.0611E+03  9.5540E+02  1.8577E+02
0000758   8.9710E+03 -1.2651E+03  3.2865E+02
0000759   8.5571E+03  2.8196E+02 -3.0174E+02
0000760   8.6938E+03 -1.1633E+02 -7.8581E+02
0000761   8.7697E+03 -8.9048E+02  2.5419E+03
0000762   9.7785E+03  1.7978E+02  6.8957E+02
0000763   8.0696E+03 -1.8043E+03 -1.1225E+03
0000764   7.3186E+03  8.5570E+02  1.5802E+03
0000765   8.3774E+03 -3.8271E+02  4.5355E+02
0000766   8.6726E+03 -1.2516E+03 -4.2527E+02
0000767   8.5916E+03  2.3545E+02 -1.0991E+03
0000768   8.1545E+03  1.4251E+03 -7.5442E+02
0000769   9.0257E+03  9.4919E+02  1.4955E+02
0000770   8.8239E+03  6.5857E+02 -1.1273E+03
0000771   9.1590E+03 -5.7501E+02  1.5819E+02
0000772   8.6095E+03 -9.6139E+02 -1.2862E+03
0000773   9.3235E+03 -1.0742E+02  1.4385E+03
0000774   8.5342E+03 -8.7995E+02  5.9059E+02
0000775   8.5076E+03  7.0435E+02 -6.7651E+02
0000776   8.8605E+03 -2.6531E+02  3.8291E+02
0000777   8.4066E+03  1.3130E+03  1.3147E+03
0000778   9.1350E+03  4.5780E+02  1.5100E+03
0000779   8.9066E+03 -5.9706E+02  9.4740E+01
0000780   9.5541E+03 -2.6073E+02  7.7142E+02
0000781   7.9042E+03  7.2737E+01 -7.3296E+02
0000782   8.3554E+03 -4.3576E+01  7.9341E+02
0000783   8.0386E+03  1.4954E+03 -1.5824E+02
0000784   9.3299E+03  2.8562E+02 -4.2566E+02
0000785   7.1423E+03 -2.9568E+02 -2.0035E+03
0000786   9.0702E+03  1.3022E+02 -1.2803E+03
0000787   8.5117E+03 -2.4887E+03 -1.0537E+03
0000788   8.9751E+03 -1.0750E+03  5.6620E+02
0000789   9.1956E+03  1.3010E+03 -8.6658E+02
0000790   7.1344E+03  1.6357E+03  1.4780E+03
0000791   9.6814E+03  5.0562E+02  7.1384E+02
0000792   8.7802E+03  3.2577E+02  5.3868E+02
0000793   8.0137E+03 -1.6897E+03  1.9901E+03
0000794   7.5195E+03  3.8631E+03  3.4875E+02
0000795   8.5225E+03  2.3634E+02  7.1223E+02
0000796   9.2757E+03  2.2219E+02  7.3062E+01
0000797   9.1525E+03 -4.8133E+02  6.2074E+02
0000798   8.9683E+03  3.1343E+02 -1.2695E+03
0000799   2.7585E+03 -9.2103E+01 -2.1588E+03
0000800   9.0351E+03 -6.0013E+02  9.7964E+02
0000801   6.8636E+03  2.5945E+03 -2.1828E+03
0000802   8.6756E+03 -1.6133E+03 -9.2730E+02
0000803   8.5599E+03 -6.1435E+02 -3.3588E+02
0000804   8.6186E+03  4.8366E+02  5.1372E+02
0000805   7.2551E+03  2.8670E+03  1.0864E+03
0000806   9.7539E+03 -1.3850E+03  4.0372E+02
0000807   8.5659E+03  2.3658E+02 -1.7300E+03
0000808   8.3026E+03 -4.8391E+02  2.2309E+03
0000809   9.0340E+03 -1.3939E+02 -9.3525E+01
0000810   8.9082E+03 -1.0147E+03  5.1989E+02
0000811   9.9529E+03  3.3981E+02  2.8591E+02
0000812   8.6387E+03  1.9921E+02  5.2375E+00
0000813   8.9415E+03  1.5268E+03  1.0538E+03
0000814   7.9756E+03  1.4871E+03  1.6335E+01
0000815   8.4864E+03  1.3371E+03 -1.6829E+03
0000816   8.9928E+03  8.0950E+02  8.7298E+02
0000817   8.9251E+03  1.3475E+03 -7.0604E+02
0000818   9.1367E+03 -8.5330E+02  1.2273E+03
0000819   8.7035E+03  5.9500E+02 -2.9194E+02
0000820   8.2424E+03 -1.4575E+03 -1.3639E+03
0000821   8.8029E+03  1.3592E+03 -1.0212E+03
0000822   8.5276E+03  7.6969E+02 -1.6177E+03
0000823   8.9508E+03  2.7764E+02  8.7574E+02
0000824   8.3425E+03  6.7025E+01 -6.6905E+02
0000825   8.5491E+03  3.7389E+02 -7.8755E+02
0000826   7.5217E+03 -1.2795E+03  1.4145E+03
0000827   8.4587E+03  1.2459E+03  5.3974E+02
0000828   8.4924E+03 -6.0805E+02  7.3090E+02
0000829   8.4191E+03 -5.5564E+02  1.4144E+02
0000830   8.2300E+03  2.4122E+03  5.8166E+02
0000831   8.9388E+03  3.7728E+02  3.9084E+02
0000832   9.1139E+03 -5.3784E+02 -4.6878E+02
0000833   8.0727E+03  1.8557E+02 -1.2141E+03
0000834   8.9275E+03  1.1104E+03  5.6022E+02
0000835   9.4833E+03 -2.1456E+03 -3.5895E+02
0000836   8.4985E+03  1.9709E+03 -1.7192E+03
0000837   8.6472E+03 -5.0471E+02  5.1109E+02
0000838   7.3637E+03  2.2854E+03 -1.7293E+03
0000839   7.1013E+03  1.5100E+02  9.4566E+00
0000840   8.8719E+03 -2.8734E+02 -2.3385E+02
0000841   8.3937E+03  7.9472E+02 -4.2346E+01
0000842   8.9428E+03 -4.6224E+02  9.1764E+02
0000843   8.8297E+03 -5.3281E+02 -1.2178E+02
0000844   8.2729E+03  1.7549E+03  1.9580E+02
0000845   8.1879E+03  2.5552E+02 -8.1281E+01
0000846   6.6356E+03 -7.5628E+02  2.6720E+03
0000847   8.7379E+03  4.2671E+01  5.8389E+01
0000848   9.3106E+03 -9.1674E+02  4.2351E+02
0000849   9.5282E+03 -7.0929E+02 -1.3694E+03
0000850   9.3513E+03  4.2033E+02  5.7995E+02
0000851   8.4976E+03 -7.7433E+01 -8.6192E+02
0000852   7.4664E+03  2.0135E+03 -8.8448E+02
0000853   8.3211E+03 -2.7665E+03  1.0711E+03
0000854   9.5697E+03 -3.1184E+02 -4.5950E+02
0000855   8.9502E+03 -1.4002E+03  1.1967E+03
0000856   6.7123E+03 -2.1718E+02 -1.8303E+03
0000857   9.2542E+03  5.3783E+02  1.7399E+02
0000858   8.9665E+03 -7.1307E+02 -1.7085E+03
0000859   8.2896E+03  1.8974E+03  1.6461E+02
0000860   8.9563E+03  4.5459E+02  1.2831E+03
0000861   8.0747E+03  1.9871E+03 -1.2064E+03
0000862   9.2556E+03 -6.2534E+01 -9.1772E+02
0000863   9.5604E+03 -3.1764E+02 -3.1864E+02
0000864   9.9838E+03  5.3293E+02  6.5604E+02
0000865   9.0469E+03  1.0670E+02 -1.6545E+03
0000866   1.0029E+04  1.6648E+03 -5.7665E+02
0000867   8.5803E+03  5.5024E+02 -1.6313E+03
0000868   9.4973E+03  9.1296E+02  1.9677E+03
0000869   8.9865E+03 -5.7921E+02  9.2879E+02
0000870   8.5406E+03 -1.6527E+03 -1.5090E+02
0000871   8.7346E+03 -1.6909E+02 -1.5207E+03
0000872   7.5700E+03 -8.4509E+02  5.3010E+02
0000873   7.6721E+03 -1.6335E+02  1.8298E+03
0000874   9.0735E+03  4.4530E+02 -2.6737E+03
0000875   9.0360E+03  3.5594E+02 -2.8759E+02
0000876   7.9540E+03  7.0050E+01  3.0610E+02
0000877   9.4488E+03 -1.8418E+02  2.2645E+01
0000878   9.0421E+03  7.2554E+02 -5.3366E+01
0000879   8.2413E+03  2.7031E+02  1.3889E+03
0000880   9.3278E+03 -3.2311E+02  4.3978E+02
0000881   8.2580E+03  4.8568E+02 -1.2386E+03
0000882   8.8036E+03 -3.9313E+02 -3.3063E+02
0000883   8.2453E+03  5.2680E+02 -1.6232E+03
0000884   9.1817E+03  6.2487E+02  3.7570E+02
0000885   9.5037E+03 -1.1267E+03 -2.0319E+03
0000886   9.0661E+03 -6.1587E+02  8.2944E+02
0000887   7.9420E+03  1.2717E+03  2.6717E+02
0000888   8.5320E+03  4.6642E-02  9.6327E+02
0000889   9.2606E+03 -9.6106E+01 -3.2838E+02
0000890   3.7524E+03  3.0390E+02  5.6386E+03
0000891   8.5713E+03 -1.7896E+03 -7.0786E+02
0000892   9.2534E+03 -3.4644E+02  4.0275E+02
0000893   8.8530E+03  1.8259E+02 -2.1738E+01
0000894   8.3318E+03 -1.2709E+03  1.1759E+03
0000895   7.6157E+03 -2.7553E+03  3.2654E+02
0000896   8.8085E+03 -1.7690E+03  4.5129E+02
0000897   6.2449E+03  5.6792E+02  2.1536E+03
0000898   8.8990E+03 -5.5420E+02 -1.7327E+03
0000899   9.8171E+03 -1.1153E+03 -1.2988E+03
0000900   8.8826E+03 -1.5354E+03 -7.9248E+01
0000901   8.1642E+03 -9.6523E+00 -8.6972E+02
0000902   9.1119E+03 -1.4927E+03  1.8421E+02
0000903   9.3155E+03  5.2066E+02 -2.9418E+03
0000904   8.8516E+03  4.3200E+02 -2.6765E+02
0000905   8.0988E+03 -1.3202E+03  3.6894E+02
0000906   9.4016E+03 -1.0006E+03 -2.4286E+02
0000907   8.9494E+03 -1.5265E+02 -5.2612E+02
0000908   9.4456E+03  2.1698E+03  1.0850E+03
0000909   9.6450E+03  2.1817E+02  1.2150E+03
0000910   8.2353E+03 -5.4000E+02  8.6207E+02
0000911   8.4101E+03  1.4090E+03 -6.5940E+02
0000912   8.9803E+03  1.1093E+03 -2.1992E+02
0000913   9.1164E+03  1.0914E+01  6.6652E+02
0000914   9.2973E+03 -5.1922E+02  2.4397E+02
0000915   7.3630E+03  1.4899E+03  1.2825E+03
0000916   8.7436E+03 -3.7380E+02 -2.0410E+02
0000917   7.8314E+03 -6.7323E+02 -1.0653E+02
0000918   9.5057E+03 -5.7832E+02  2.0928E+02
0000919   8.6441E+03 -8.7130E+02  1.0543E+03
0000920   9.7513E+03 -3.5854E+02 -1.7299E+02
0000921   9.4116E+03 -6.1374E+01  1.3550E+02
0000922   8.8862E+03 -1.4475E+03  4.1250E+02
0000923   9.3607E+03  8.0139E+02  1.4120E+03
0000924   7.6377E+03  1.1566E+03 -1.1800E+03
0000925   8.2920E+03 -2.1357E+02 -1.6320E+03
0000926   7.4407E+03  1.8818E+03 -1.6310E+03
0000927   8.5787E+03  3.9466E+01 -3.3887E+02
0000928   8.7226E+03  7.7869E+02  1.5595E+03
0000929   7.6566E+03 -1.0353E+03 -3.0043E+03
0000930   9.3075E+03 -9.4243E+01  1.7161E+03
0000931   9.1634E+03  7.1523E+02  1.4302E+03
0000932   8.6625E+03  5.1782E+02 -5.9696E+02
0000933   7.7283E+03 -5.7491E+02 -6.4643E+02
0000934   8.8524E+03  7.7259E+02 -6.9769E+02
0000935   8.9137E+03  2.7592E+02 -5.8838E+02
0000936   4.8228E+03 -4.3331E+02 -3.5279E+03
0000937   9.2220E+03  3.6409E+02 -4.1447E+02
0000938   8.2675E+03 -7.2550E+02  1.4510E+03
0000939   8.7878E+03  2.0467E+01 -1.1180E+03
0000940   8.5049E+03  2.4603E+02  1.2155E+03
0000941   9.1988E+03 -1.0653E+03 -8.6544E+02
0000942   8.3589E+03 -3.6019E+03 -1.2569E+03
0000943   8.7341E+03 -1.5386E+03  1.0336E+03
0000944   8.8239E+03  1.3509E+03 -1.4372E+03
0000945   7.8762E+03  6.8652E+02  1.3482E+01
0000946   9.3398E+03  1.1737E+01  5.3356E+02
0000947   9.5287E+03  1.5436E+03 -1.3968E+03
0000948   9.2315E+03 -8.2901E+02 -4.5233E+01
0000949   9.3094E+03 -9.6231E+02  3.8560E+02
0000950   8.5715E+03 -5.4080E+02  4.8081E+02
0000951   8.1218E+03  1.7326E+03 -8.0571E+02
0000952   8.6687E+03 -1.8289E+03 -1.5306E+03
0000953   8.4579E+03  5.3118E+02  6.8982E+02
0000954   1.0264E+04 -1.1207E+03  8.1868E+02
0000955   8.2182E+03  7.0385E+02 -1.3574E+03
0000956   6.9403E+03 -2.7702E+02 -2.1488E+03
0000957   9.2561E+03  2.1151E+03  1.4244E+03
0000958   9.2676E+03 -4.4251E+02 -1.1735E+03
0000959   8.9380E+03  2.2206E+02 -1.1985E+03
0000960   9.2329E+03  2.8676E+01 -7.2732E+02
0000961   8.4930E+03  8.8381E+02 -3.6427E+03
0000962   8.2784E+03  1.8912E+03 -8.9784E+02
0000963   9.6517E+03 -7.9815E+02 -1.4307E+03
0000964   9.3229E+03 -1.0326E+03  8.4126E+02
0000965   9.1125E+03 -1.4129E+03 -1.9589E+03
0000966   6.5712E+03  2.4607E+03 -4.8059E+02
0000967   9.0858E+03 -2.1770E+02  2.6266E+02
0000968   8.7795E+03  3.5990E+02 -1.3355E+02
0000969   8.5023E+03  8.2713E+02  4.1821E+02
0000970   8.3642E+03 -9.9222E+02 -2.4904E+03
0000971   8.5292E+03 -1.3016E+02 -4.7794E+02
0000972   8.5946E+03  2.0082E+03  1.9740E+03
0000973   8.1017E+03  9.1357E+01  1.2189E+03
0000974   8.2667E+03  1.1333E+03 -8.4134E+02
0000975   7.2147E+03  1.6779E+03  8.4399E+02
0000976   7.7944E+03 -1.3675E+03  2.2229E+03
0000977   9.3072E+03  1.4038E+02 -4.2342E+02
0000978   9.2503E+03  1.3245E+03 -9.7002E+01
0000979   9.7692E+03 -8.3458E+02  4.5156E+02
0000980   9.8602E+03  2.5368E+02 -4.0007E+02
0000981   8.3248E+03 -7.6665E+02  1.7468E+03
0000982   8.7665E+03 -1.1556E+03  8.0421E+01
0000983   7.7766E+03  4.9651E+02  1.9976E+03
0000984   8.7521E+03  3.2654E+02  8.2253E+02
0000985   8.9403E+03 -9.4344E+02  6.9199E+02
0000986   9.1491E+03 -2.5708E+03 -1.2279E+03
0000987   8.2071E+03 -1.5006E+03 -1.2828E+03
0000988   7.9227E+03 -1.1505E+03 -1.9888E+02
0000989   8.5360E+03  2.4696E+02 -8.3855E-01
0000990   8.3506E+03  2.0454E+02  6.1891E+02
0000991   8.8763E+03 -2.6777E+02 -2.3293E+02
0000992   8.7020E+03  4.1999E+02 -1.4385E+02
0000993   9.0675E+03  1.2164E+03  2.2009E+03
0000994   9.0995E+03  6.3241E+02  1.5908E+02
0000995   8.9763E+03  9.4075E+02 -5.2279E+02
0000996   1.0291E+04  1.3995E+03 -1.8167E+02
0000997   8.7116E+03  1.0856E+03  5.0795E+01
0000998   7.7932E+03  2.1363E+03 -4.5845E+02
0000999   7.3046E+03  6.5643E+02  8.3243E+02
0001000   8.6682E+03  2.0895E+03 -1.0134E+03
