============================== SRIM-2013.00 ==============================
==============================================================================
====== SRIM Outputs\RANGE_3D.txt : File of Final Ion Positions =====

Ion =  H (01)   Ion Mass= 001.0080
Energy  = 3800000.E-03 keV
Ion Angle to Surface = 00.0 degrees
==================== TARGET =======================
  Layer # 1 - Si_Top    
  Layer # 1 - Bottom Depth=300000.E+01 A
  Layer # 1 - Density =0002.3210 g/cm3
  Layer # 1 -  100 % of Si
икикикикикикикикикикикикикикикикикикикикикикикикикикикикикикикикикикикикикикикикикикикикикикикикикикикик
  Layer # 2 - Si_Bottom 
  Layer # 2 - Bottom Depth=600000.E+01 A
  Layer # 2 - Density =0002.3210 g/cm3
  Layer # 2 -  100 % of Si
икикикикикикикикикикикикикикикикикикикикикикикикикикикикикикикикикикикикикикикикикикикикикикикикикикикик
                                            
Ion       Depth  X   Lateral Y   Lateral Z  
Number    (Angstrom) (Angstrom)  (Angstrom) 
-------  ----------- ----------- -----------
0000001   1.3691E+06 -4.6739E+04 -9.9130E+03
0000002   1.4185E+06  3.0684E+04 -1.9976E+04
0000003   1.3802E+06  1.5892E+04  3.3053E+04
0000004   1.3497E+06 -1.3196E+02  2.9340E+04
0000005   1.3450E+06  2.8105E+04 -2.3159E+04
0000006   1.3687E+06 -1.6460E+04 -6.5072E+04
0000007   1.3951E+06 -2.3620E+04 -6.5354E+04
0000008   1.3430E+06 -3.4378E+04 -1.5050E+04
0000009   1.3798E+06  5.0508E+04 -9.9700E+03
0000010   1.3769E+06  4.8702E+04 -2.9643E+04
0000011   1.4124E+06  4.3394E+04  4.2697E+04
0000012   1.3637E+06  1.3254E+02  2.1289E+04
0000013   1.4327E+06 -8.4330E+04  5.4478E+04
0000014   1.4084E+06  1.5383E+04 -1.3331E+04
0000015   1.3675E+06  2.0967E+04 -5.9213E+04
0000016   1.3492E+06  2.6754E+04 -3.1409E+04
0000017   1.3747E+06  3.1892E+04  1.0427E+04
0000018   1.3779E+06 -7.3728E+04 -2.4812E+04
0000019   1.3309E+06  1.6510E+05 -2.1824E+05
0000020   1.4036E+06 -4.8883E+04  4.1182E+03
0000021   1.3686E+06 -2.6835E+04 -8.9484E+04
0000022   1.4021E+06  5.1872E+04  1.0661E+04
0000023   1.3195E+06 -1.2579E+05 -4.4332E+04
0000024   1.3794E+06  1.7649E+04  2.5226E+04
0000025   1.3474E+06 -6.2388E+02 -2.3688E+04
0000026   1.3962E+06 -2.3213E+04  5.1621E+03
0000027   1.4331E+06  5.8249E+02 -1.9816E+04
0000028   1.3749E+06  9.5884E+03  8.9331E+04
0000029   1.3456E+06  9.1387E+04 -3.0465E+04
0000030   1.3794E+06 -4.8058E+03  9.8221E+04
0000031   1.2957E+06  1.4383E+05  6.4380E+04
0000032   1.3701E+06 -8.2342E+04  7.8826E+04
0000033   1.3967E+06  1.9902E+04 -4.5889E+04
0000034   1.3805E+06 -3.0358E+04  4.2201E+03
0000035   1.3888E+06  8.8597E+03 -7.2846E+04
0000036   1.3446E+06 -2.8022E+04 -1.9425E+04
0000037   1.3901E+06 -6.0682E+04  6.1284E+04
0000038   1.3893E+06 -1.3482E+04 -6.7913E+04
0000039   1.3742E+06 -1.5170E+05 -4.2710E+04
0000040   1.3966E+06 -3.1087E+04 -2.2871E+04
0000041   1.3884E+06 -7.2118E+03  8.4601E+03
0000042   1.3759E+06 -6.9224E+04 -2.4411E+04
0000043   1.3489E+06 -3.2586E+04 -4.3613E+04
0000044   1.3840E+06  3.9693E+04 -3.3997E+04
0000045   1.3805E+06  4.9816E+04  2.2040E+04
0000046   1.3948E+06 -3.9946E+04  3.8323E+04
0000047   1.4077E+06 -2.4847E+04  1.0104E+04
0000048   1.3777E+06 -3.5960E+04  5.4583E+04
0000049   1.3848E+06  1.2046E+04  9.7773E+03
0000050   1.3867E+06  6.1643E+04  4.0952E+04
0000051   1.3875E+06 -6.3262E+04  6.1092E+04
0000052   1.3762E+06 -3.6695E+04  5.7411E+04
0000053   1.3855E+06  7.5716E+03  7.2061E+04
0000054   1.3758E+06  7.0463E+04  3.4057E+04
0000055   1.3736E+06  7.3342E+04 -4.9416E+04
0000056   1.4158E+06 -9.9252E+03  1.3813E+04
0000057   1.3658E+06  7.0283E+04  1.1223E+05
0000058   1.3978E+06 -1.4106E+04  2.2215E+04
0000059   1.3744E+06  9.6981E+03 -9.0841E+04
0000060   1.4194E+06  1.7848E+04 -1.7997E+04
0000061   1.3646E+06  9.6231E+04  3.6239E+04
0000062   1.3656E+06 -3.8731E+04 -1.5969E+04
0000063   1.3844E+06  1.5073E+03  6.5417E+04
0000064   1.3995E+06 -7.6668E+04 -1.3015E+04
0000065   1.3985E+06 -7.9231E+04 -2.8351E+03
0000066   1.3859E+06 -5.4475E+04  8.5742E+04
0000067   1.3705E+06 -4.0324E+03 -1.0163E+04
0000068   1.3467E+06 -5.5941E+03  1.8170E+04
0000069   1.4001E+06  9.5556E+04  2.1388E+04
0000070   1.3822E+06  1.4221E+05 -9.0203E+04
0000071   1.3512E+06 -4.0374E+04 -3.5740E+04
0000072   1.3996E+06 -1.5454E+04 -6.2271E+04
0000073   1.3938E+06 -1.6853E+04 -1.0434E+04
0000074   1.3638E+06  5.8816E+04 -8.1113E+04
0000075   1.3968E+06  2.0279E+04  6.7484E+04
0000076   1.4353E+06  6.1587E+04  2.1873E+04
0000077   1.3872E+06 -6.9175E+03  2.2174E+04
0000078   1.4182E+06 -4.6248E+04  6.2636E+04
0000079   1.3665E+06 -4.9583E+04  1.0233E+05
0000080   1.3411E+06 -8.1917E+04  4.2628E+04
0000081   1.3776E+06 -5.4438E+04  3.2537E+04
0000082   1.3715E+06 -6.4156E+03  5.7719E+04
0000083   1.3704E+06 -1.0120E+04 -1.0626E+04
0000084   1.3827E+06 -4.9324E+04  2.7863E+04
0000085   1.3965E+06  2.2976E+04  1.4222E+04
0000086   1.3639E+06 -8.7212E+04  2.3254E+04
0000087   1.3842E+06 -4.3140E+04 -4.3808E+04
0000088   1.3624E+06  6.6031E+04  4.0963E+04
0000089   1.3553E+06  5.6503E+04 -5.6312E+03
0000090   1.3802E+06 -5.6910E+04  1.7889E+04
0000091   1.3565E+06 -4.0284E+04  7.6552E+04
0000092   1.3989E+06  8.4423E+04 -3.2121E+04
0000093   1.4248E+06 -4.9742E+04  8.1451E+04
0000094   1.3962E+06  4.6252E+04  3.7294E+04
0000095   1.3949E+06  2.9095E+04  4.4119E+04
0000096   1.4042E+06 -1.0796E+04  1.5605E+05
0000097   1.3641E+06 -1.0903E+05 -6.8028E+03
0000098   1.3872E+06 -1.9015E+04  1.0560E+04
0000099   1.3746E+06 -4.2336E+04  8.5072E+03
0000100   1.3930E+06  5.7701E+04 -5.0541E+03
0000101   1.3610E+06  6.2058E+04  1.6377E+04
0000102   1.4016E+06  3.5228E+03  7.7936E+04
0000103   1.3691E+06  1.7560E+03  6.6257E+04
0000104   1.4096E+06 -3.0681E+04  4.3903E+04
0000105   1.3702E+06 -1.2119E+03  4.4422E+04
0000106   1.4009E+06 -5.0839E+04 -2.9981E+04
0000107   1.3446E+06 -5.5106E+04  3.2102E+04
0000108   1.4022E+06 -6.2458E+04 -1.2016E+04
0000109   1.3688E+06  7.4840E+04 -2.5567E+04
0000110   1.3827E+06 -2.3717E+04 -2.4158E+04
0000111   1.3623E+06 -1.5280E+04  2.1701E+04
0000112   1.3680E+06  1.3095E+04 -5.8120E+04
0000113   1.3674E+06 -1.8288E+04 -1.9105E+04
0000114   1.3502E+06  4.2036E+04  1.9645E+04
0000115   1.3946E+06  2.0450E+04  2.7531E+04
0000116   1.4230E+06  1.2333E+04 -4.2257E+04
0000117   1.3899E+06 -1.6453E+04  1.2631E+04
0000118   1.3633E+06 -8.2927E+03 -4.4990E+04
0000119   1.3661E+06  1.7322E+04  2.5651E+04
0000120   1.3648E+06  2.0749E+04 -6.7053E+03
0000121   1.3936E+06  1.5450E+04 -9.4815E+04
0000122   1.3956E+06  1.4676E+05  1.2099E+05
0000123   1.3871E+06  2.0739E+04 -7.2318E+04
0000124   1.3532E+06 -6.8312E+03 -1.7072E+04
0000125   1.3554E+06  3.4232E+04  1.0510E+04
0000126   1.4097E+06  1.3382E+04 -1.9502E+04
0000127   1.3899E+06 -3.3975E+04  4.4270E+04
0000128   1.4017E+06  1.1538E+05 -7.8587E+04
0000129   1.3744E+06  3.5570E+04 -9.0352E+04
0000130   1.3824E+06  3.8311E+04 -3.8164E+04
0000131   1.3694E+06 -4.7686E+04  2.6950E+04
0000132   1.3999E+06  2.7350E+04  1.2882E+04
0000133   1.4275E+06  2.1539E+04  5.1536E+04
0000134   1.3853E+06 -2.1431E+04 -1.1530E+04
0000135   1.3532E+06  2.3350E+04 -4.9484E+04
0000136   1.3825E+06 -4.7145E+04 -3.1508E+04
0000137   1.3833E+06 -5.2786E+04  2.9915E+04
0000138   1.3899E+06  3.9780E+03 -3.9870E+02
0000139   1.3645E+06  4.6461E+02  3.0157E+04
0000140   1.3757E+06 -5.1713E+04 -6.3796E+04
0000141   1.3795E+06 -3.3504E+04 -3.3402E+04
0000142   1.3760E+06 -1.4464E+04 -3.3062E+04
0000143   1.3990E+06 -1.9465E+04 -2.0280E+04
0000144   1.3728E+06 -1.3057E+04 -8.0651E+03
0000145   1.3694E+06  1.1679E+04 -7.0805E+03
0000146   1.4264E+06  9.3429E+04  2.3993E+04
0000147   1.3738E+06 -5.7340E+04  3.3954E+04
0000148   1.3451E+06  3.8353E+04 -3.0559E+04
0000149   1.3784E+06 -3.6963E+04  4.3306E+04
0000150   1.4205E+06 -6.5191E+04  5.9522E+04
0000151   1.3820E+06 -2.7188E+04  9.5046E+04
0000152   1.3852E+06  4.7824E+04  2.4332E+04
0000153   1.3694E+06 -1.1456E+05  2.2846E+05
0000154   1.3608E+06  3.3597E+04 -1.3832E+04
0000155   1.3473E+06 -2.6362E+04  5.2882E+04
0000156   1.3991E+06  2.4267E+04  6.3566E+03
0000157   1.3864E+06 -7.7347E+04  6.2327E+04
0000158   1.4039E+06 -1.9782E+04 -7.1377E+03
0000159   1.3974E+06  1.3452E+04 -2.7038E+04
0000160   1.3843E+06 -5.0663E+04  2.7782E+04
0000161   1.3735E+06 -1.2843E+04 -4.3931E+04
0000162   1.3981E+06  8.4664E+04 -3.1019E+04
0000163   1.4116E+06  4.3200E+04 -7.1880E+03
0000164   1.3421E+06  5.1667E+03 -1.1052E+04
0000165   1.4283E+06 -1.9902E+04 -2.2467E+04
0000166   1.3743E+06  9.5976E+04  1.1621E+05
0000167   1.3699E+06  5.4861E+04  3.7390E+04
0000168   1.3964E+06 -1.2835E+04  5.4030E+03
0000169   1.3927E+06  3.8439E+04  3.9873E+04
0000170   1.4121E+06  3.4037E+04 -5.9520E+02
0000171   1.3961E+06  3.7074E+04 -5.8984E+04
0000172   1.4211E+06  5.2968E+04 -3.2860E+04
0000173   1.3781E+06 -3.0512E+04  1.7217E+04
0000174   1.3873E+06  6.1129E+04 -6.3720E+04
0000175   1.3670E+06  2.8869E+04  5.5857E+04
0000176   1.3572E+06  3.7860E+04  1.7192E+03
0000177   1.3572E+06 -2.8674E+04 -6.3923E+02
0000178   1.3236E+06  2.9162E+04 -6.9026E+04
0000179   1.3484E+06 -5.7276E+02 -6.6092E+04
0000180   1.3640E+06  4.4030E+04  1.0219E+05
0000181   1.3800E+06  4.4352E+04 -1.2229E+04
0000182   1.3751E+06  2.3297E+04 -3.9843E+04
0000183   1.3884E+06  2.4568E+04 -2.3334E+03
0000184   1.4011E+06 -3.5965E+04  5.2495E+04
0000185   1.3394E+06 -1.4968E+04  1.9501E+04
0000186   1.3698E+06 -8.0935E+03 -6.5996E+03
0000187   1.3939E+06  3.1950E+04 -4.1342E+03
0000188   1.3922E+06 -7.6522E+04 -8.5858E+04
0000189   1.3563E+06  2.9495E+04 -3.8955E+04
0000190   1.3513E+06  6.2638E+04  2.0900E+04
0000191   1.4222E+06 -2.8185E+04 -8.1234E+03
0000192   1.3743E+06 -9.9812E+04  6.7111E+04
0000193   1.3959E+06 -9.9113E+04 -6.2813E+03
0000194   1.3795E+06  4.0581E+03 -3.4050E+04
0000195   1.3905E+06  1.3654E+04 -2.1145E+04
0000196   1.3843E+06  1.2733E+04  2.5142E+03
0000197   1.3389E+06  7.3087E+04 -6.2174E+04
0000198   1.3282E+06 -2.7884E+05  1.6491E+05
0000199   1.3754E+06 -2.3165E+04  3.1098E+04
0000200   1.3352E+06 -5.3014E+03 -8.4058E+04
0000201   1.4056E+06 -9.2759E+04 -4.2229E+04
0000202   1.3809E+06 -3.9726E+03  6.5922E+04
0000203   1.3916E+06  5.1796E+04  1.5652E+04
0000204   1.3751E+06  7.4114E+04  9.8895E+04
0000205   1.3853E+06 -6.9586E+03  2.8776E+03
0000206   1.4013E+06 -1.7174E+04  1.7817E+04
0000207   1.4037E+06 -1.6970E+04 -7.4685E+04
0000208   1.3929E+06  2.5969E+04  1.6065E+04
0000209   1.3912E+06 -9.3319E+04  8.3029E+04
0000210   1.3842E+06  8.2856E+04 -1.6331E+02
0000211   1.3736E+06  1.9298E+04 -2.6597E+04
0000212   1.3515E+06  6.1187E+04 -4.3300E+03
0000213   1.3942E+06 -3.5163E+04 -4.0593E+04
0000214   1.3774E+06  2.5315E+04 -1.2487E+04
0000215   1.3810E+06  2.9643E+05  1.9806E+05
0000216   1.3840E+06  2.4028E+04 -5.5384E+04
0000217   1.3636E+06 -1.2121E+03 -1.2704E+05
0000218   1.3754E+06 -5.7797E+04  2.0455E+04
0000219   1.3808E+06 -2.7362E+04 -3.5075E+04
0000220   1.3519E+06  9.8555E+04 -1.1379E+04
0000221   1.3666E+06 -2.2404E+04  3.9335E+04
0000222   1.3336E+06  1.0266E+05 -2.2254E+04
0000223   1.3596E+06 -5.7501E+04  4.3985E+04
0000224   1.3431E+06 -5.7682E+04  1.6776E+05
0000225   1.3807E+06  8.5716E+03 -1.6846E+04
0000226   1.3551E+06 -1.0903E+04 -5.5063E+03
0000227   1.3560E+06 -6.2297E+04 -3.5553E+04
0000228   1.4040E+06 -1.8580E+04 -1.4582E+03
0000229   1.4114E+06  6.1372E+04 -9.4261E+03
0000230   1.3621E+06 -3.7427E+04  3.2924E+04
0000231   1.3741E+06 -1.9180E+04 -1.0473E+05
0000232   1.3882E+06 -3.9200E+04 -3.4495E+04
0000233   1.4115E+06  1.8190E+04  5.8427E+04
0000234   1.3911E+06  5.9368E+04  1.5307E+04
0000235   1.3856E+06  4.1883E+04  5.4160E+04
0000236   1.3958E+06 -6.4607E+04 -9.2160E+03
0000237   1.3929E+06 -1.3954E+04  6.4550E+03
0000238   1.3922E+06 -2.4546E+04  5.4358E+04
0000239   1.3515E+06  5.2343E+04  4.3035E+04
0000240   1.3241E+06  8.4086E+04  1.8174E+04
0000241   1.3074E+06 -2.3884E+04 -1.3535E+05
0000242   1.3824E+06  6.2377E+04  8.9007E+03
0000243   1.3963E+06  2.8867E+02  1.1716E+04
0000244   1.3672E+06  2.5095E+04  3.2532E+04
0000245   1.3835E+06 -1.4701E+04  7.9519E+04
0000246   1.3283E+06 -1.0246E+05  6.5996E+04
0000247   1.3737E+06 -4.3624E+03  5.3869E+04
0000248   1.3497E+06  2.2474E+03 -2.4472E+04
0000249   1.3936E+06  7.3383E+03  6.5861E+04
0000250   1.3819E+06  2.2181E+04 -2.5076E+04
0000251   1.3527E+06  1.2221E+04  4.3900E+03
0000252   1.3497E+06  1.2832E+02  4.1108E+03
0000253   1.3811E+06 -1.1222E+05  1.0236E+04
0000254   1.3694E+06  3.5495E+04 -4.5100E+04
0000255   1.3595E+06 -2.5175E+02  5.4291E+04
0000256   1.1955E+06 -2.9419E+05  2.2944E+05
0000257   1.3669E+06  1.4996E+04 -8.7083E+04
0000258   1.3804E+06  1.9862E+04 -5.6347E+04
0000259   1.3714E+06 -4.5238E+04 -2.6928E+04
0000260   1.3818E+06  6.1453E+03  1.4830E+03
0000261   1.3599E+06 -1.6171E+04  7.4339E+03
0000262   1.3619E+06  8.0439E+03  1.0485E+04
0000263   1.3630E+06  3.3065E+04 -4.4349E+03
0000264   1.3804E+06 -7.4080E+04 -4.6824E+03
0000265   1.3571E+06 -2.6487E+04  1.8818E+03
0000266   1.3720E+06  3.1643E+04  1.2338E+04
0000267   1.3736E+06  1.3477E+04  1.0461E+04
0000268   1.3446E+06  2.9356E+04  5.7031E+04
0000269   1.4044E+06  4.1861E+03  2.5271E+04
0000270   1.3791E+06  2.4883E+03 -3.8897E+04
0000271   1.4248E+06  4.5142E+04  5.3587E+04
0000272   1.3975E+06 -1.4269E+04 -9.9783E+04
0000273   1.3844E+06 -1.7949E+04  8.2694E+04
0000274   1.3899E+06  1.3378E+05 -7.2030E+03
0000275   1.4359E+06 -7.8309E+03 -4.0382E+04
0000276   1.4133E+06  3.9872E+04 -1.4033E+04
0000277   1.3979E+06  5.3430E+03 -2.4135E+04
0000278   1.3960E+06 -2.7600E+04  1.1529E+04
0000279   1.3373E+06 -4.9174E+04  7.1882E+04
0000280   1.3967E+06  4.8266E+04  7.5568E+04
0000281   1.3637E+06  5.0375E+03  1.1429E+03
0000282   1.3301E+06  4.0445E+04  3.8104E+04
0000283   1.4022E+06 -9.5110E+03  2.7702E+04
0000284   1.3409E+06 -1.5532E+04  4.7902E+04
0000285   1.3552E+06  1.8896E+04  1.6999E+05
0000286   1.3602E+06  5.8322E+04  6.5378E+04
0000287   1.3411E+06 -6.5431E+04 -1.0211E+05
0000288   1.3813E+06 -2.3987E+04  4.2647E+04
0000289   1.3884E+06 -4.3014E+04 -1.4271E+04
0000290   1.4048E+06 -3.2187E+04 -7.4204E+03
0000291   1.4218E+06  2.2248E+04  3.4854E+03
0000292   1.3743E+06 -1.3551E+04  6.0675E+04
0000293   1.3862E+06  2.5774E+04 -6.0948E+04
0000294   1.3802E+06  3.6318E+04  1.6873E+03
0000295   1.3568E+06 -3.3288E+03 -5.3301E+04
0000296   1.4054E+06  5.0064E+04 -7.2965E+04
0000297   1.3987E+06  4.7100E+04  1.4288E+04
0000298   1.3915E+06  6.0248E+04 -3.2113E+03
0000299   1.3733E+06 -2.3789E+03  7.9460E+03
0000300   1.3966E+06 -4.9105E+03 -3.4656E+04
0000301   1.4095E+06 -1.5232E+04  5.9983E+04
0000302   1.3863E+06 -6.8372E+04 -1.2397E+04
0000303   1.3557E+06  8.6466E+03  2.0307E+05
0000304   1.3666E+06  5.8300E+03  8.8571E+03
0000305   1.3732E+06 -4.2727E+04  1.4338E+04
0000306   1.3918E+06 -5.8012E+03  4.3258E+03
0000307   1.4006E+06  1.7624E+04  6.3742E+03
0000308   1.4155E+06  2.3564E+03  6.8055E+03
0000309   1.3896E+06 -4.3890E+04 -1.9795E+04
0000310   1.3831E+06 -3.5232E+04  1.8242E+04
0000311   1.3723E+06 -5.5953E+04  3.9389E+04
0000312   1.3723E+06  3.1145E+04  5.4322E+04
0000313   1.3868E+06 -8.1382E+03 -1.1867E+04
0000314   1.3709E+06 -4.4659E+04 -2.9251E+04
0000315   1.3580E+06  5.0177E+04  5.5476E+04
0000316   1.3715E+06  3.4186E+04 -5.6825E+03
0000317   1.3263E+06  1.7682E+04  1.2882E+04
0000318   1.3978E+06  4.5568E+03  6.5538E+04
0000319   1.3798E+06  1.3488E+03 -2.2938E+04
0000320   1.3555E+06  4.5598E+04 -2.2976E+05
0000321   1.3832E+06 -2.2986E+04  5.3078E+04
0000322   1.3776E+06 -9.8355E+04 -4.7862E+04
0000323   1.3799E+06  3.3102E+04 -6.1407E+03
0000324   1.3802E+06  6.0358E+04  2.3780E+04
0000325   1.3512E+06  5.5609E+04 -3.6688E+04
0000326   1.3877E+06 -8.4099E+04 -6.1003E+04
0000327   1.3831E+06  1.2528E+04 -8.1265E+02
0000328   1.3994E+06 -1.2589E+05  3.5858E+04
0000329   1.3813E+06 -7.7468E+04  1.0657E+04
0000330   1.3661E+06 -4.6209E+03 -9.9455E+04
0000331   1.4300E+06 -1.8044E+04  7.4803E+02
0000332   1.3538E+06 -7.4287E+04 -5.0982E+04
0000333   1.3700E+06 -4.0897E+04 -1.3913E+04
0000334   1.3775E+06  4.1134E+04  1.9366E+04
0000335   1.3490E+06  1.5531E+05 -6.1756E+04
0000336   1.3862E+06 -1.6268E+05 -1.1479E+04
0000337   1.4176E+06  3.7932E+03  1.7543E+04
0000338   1.3448E+06  2.8160E+04  1.9265E+03
0000339   1.3873E+06 -2.0626E+04 -2.2570E+04
0000340   1.3893E+06  3.6404E+03  2.7494E+04
0000341   1.3871E+06  4.3322E+02  3.7190E+04
0000342   1.3671E+06 -2.4865E+03 -5.9787E+04
0000343   1.3455E+06 -1.4235E+03 -2.0944E+04
0000344   1.3679E+06 -2.4577E+04  1.0672E+04
0000345   1.4120E+06  2.5853E+04 -5.7484E+04
0000346   1.3649E+06  7.2230E+03 -2.1967E+04
0000347   1.3707E+06  6.1201E+04 -5.7978E+03
0000348   1.3933E+06 -5.2109E+04 -4.3326E+04
0000349   1.3859E+06  9.4852E+04  4.7098E+03
0000350   1.3830E+06 -4.9432E+03  9.6736E+03
0000351   1.3608E+06 -5.1574E+03  7.6479E+04
0000352   1.3593E+06 -3.0819E+04  1.3697E+04
0000353   1.3927E+06 -3.1194E+03 -3.5044E+04
0000354   1.3594E+06  1.4999E+04  8.2950E+04
0000355   1.4074E+06 -2.0981E+04  1.0086E+04
0000356   1.4178E+06 -2.8729E+04 -3.5190E+04
0000357   1.4077E+06 -7.5999E+04  7.2850E+04
0000358   1.3670E+06 -8.3086E+03 -3.6392E+04
0000359   1.3743E+06  5.6125E+04 -2.2681E+04
0000360   1.3528E+06  4.7197E+04  3.6705E+04
0000361   1.3800E+06 -1.1236E+04  3.4388E+04
0000362   1.3652E+06 -2.6640E+04 -1.8260E+04
0000363   1.3778E+06 -3.0628E+04  7.8730E+03
0000364   1.3425E+06  6.6367E+04  3.4306E+04
0000365   1.3705E+06  1.5330E+04  2.2076E+04
0000366   1.3998E+06 -8.6694E+03 -6.8285E+04
0000367   1.3766E+06  3.7024E+04 -5.3239E+04
0000368   1.3771E+06  3.0629E+04 -4.0769E+04
0000369   1.3451E+06 -4.4996E+03  2.9891E+04
0000370   1.3894E+06 -1.6848E+04  8.3084E+03
0000371   1.3751E+06  1.4453E+04  8.7988E+03
0000372   1.3581E+06  2.1848E+05 -2.0692E+04
0000373   1.3693E+06  2.3236E+04  1.9685E+04
0000374   1.3911E+06  5.7226E+04 -8.3958E+04
0000375   1.4319E+06 -1.0083E+04  1.6648E+04
0000376   1.3726E+06  1.2031E+05  3.5573E+04
0000377   1.3907E+06  3.6146E+04 -3.0104E+04
0000378   1.3824E+06  5.8503E+03 -8.4633E+03
0000379   1.3559E+06  3.4147E+04  2.5331E+04
0000380   1.3740E+06 -1.9720E+04 -4.5218E+04
0000381   1.3760E+06 -8.2815E+04 -4.7549E+04
0000382   1.3913E+06 -1.2297E+05  4.4797E+04
0000383   1.3628E+06  1.2254E+05  1.2287E+05
0000384   1.3958E+06  1.3736E+04 -1.1044E+05
0000385   1.3682E+06  5.9541E+04 -2.5589E+04
0000386   1.3685E+06  1.5940E+04  8.4456E+03
0000387   1.3947E+06 -3.9684E+04 -2.4984E+04
0000388   1.4040E+06  2.7124E+04  1.2816E+04
0000389   1.3551E+06  2.8087E+03  3.5551E+04
0000390   1.3894E+06 -1.5289E+04  6.1425E+03
0000391   1.3756E+06  4.5502E+04 -2.7555E+04
0000392   1.3806E+06  9.7718E+03  2.2545E+04
0000393   1.3920E+06 -3.2390E+04 -1.9859E+04
0000394   1.3501E+06  1.0532E+05 -4.6594E+03
0000395   1.4118E+06 -1.5353E+04  1.8663E+04
0000396   1.4008E+06  2.8524E+04 -1.6637E+03
0000397   1.3545E+06 -7.5929E+04 -4.9435E+04
0000398   1.3851E+06 -3.3271E+02  1.4857E+04
0000399   1.3790E+06  2.4915E+04  1.7196E+04
0000400   1.3722E+06  4.6868E+04 -1.8756E+04
0000401   1.3841E+06 -1.0931E+04 -1.1706E+05
0000402   1.3710E+06 -1.6962E+04  1.1706E+04
0000403   1.1843E+06  4.3519E+05  4.3372E+05
0000404   1.3519E+06  4.4067E+04  3.5659E+03
0000405   1.4045E+06  6.0391E+03  5.3299E+04
0000406   1.3457E+06 -6.1770E+04 -1.5525E+04
0000407   1.3654E+06  6.7258E+04  4.1488E+04
0000408   1.3703E+06 -3.3673E+03  6.8875E+04
0000409   1.3800E+06  1.6010E+03 -4.0911E+04
0000410   1.3620E+06  1.2961E+04  4.7578E+04
0000411   1.3784E+06 -1.0588E+05  8.9462E+04
0000412   1.3532E+06  1.0523E+05 -1.5095E+04
0000413   1.4133E+06  4.0646E+04 -1.3264E+04
0000414   1.3791E+06 -1.2929E+04  2.4713E+04
0000415   1.3658E+06 -7.3025E+04  2.5384E+04
0000416   1.4010E+06 -5.6042E+04 -4.4983E+03
0000417   1.3714E+06  9.8101E+03 -8.1960E+04
0000418   1.4363E+06  2.0275E+04 -2.3306E+04
0000419   1.3035E+06 -2.9521E+05  3.2802E+04
0000420   1.3725E+06  2.4108E+04  3.3607E+04
0000421   1.3363E+06 -1.4807E+03 -1.8726E+04
0000422   1.3992E+06  4.4075E+04  6.3982E+03
0000423   1.3943E+06  4.7205E+04 -5.5239E+04
0000424   1.3840E+06  1.3103E+05 -1.3772E+05
0000425   1.3575E+06 -6.8635E+03 -4.3817E+04
0000426   1.3709E+06 -1.1839E+05 -6.2135E+04
0000427   1.3603E+06 -3.0516E+04 -7.2827E+03
0000428   1.3926E+06  6.0287E+04 -8.2111E+04
0000429   1.3691E+06 -5.0038E+03 -4.6502E+04
0000430   1.3861E+06  6.8725E+04  1.9700E+04
0000431   1.3742E+06  3.1857E+03 -3.3046E+02
0000432   1.3321E+06  2.2500E+05  4.9484E+04
0000433   1.3586E+06 -5.2149E+03 -3.6018E+03
0000434   1.3645E+06  4.3546E+04  3.4700E+04
0000435   1.3934E+06 -1.2918E+04 -9.5933E+04
0000436   1.3802E+06  3.2927E+04  4.3576E+03
0000437   1.3840E+06 -4.0549E+04  5.3187E+04
0000438   1.3705E+06 -5.5192E+04 -8.8173E+04
0000439   1.3875E+06 -2.8832E+04  2.6879E+04
0000440   1.3659E+06  5.1378E+04  8.4706E+04
0000441   1.3851E+06  1.2758E+03  9.2109E+04
0000442   1.4228E+06 -2.3473E+04  4.6535E+03
0000443   1.3294E+06  5.4111E+04  4.6960E+04
0000444   1.3640E+06  5.3619E+04 -2.4855E+04
0000445   1.4156E+06  2.6430E+04 -3.5260E+04
0000446   1.4066E+06 -2.1176E+04 -2.0680E+04
0000447   1.3522E+06  5.0152E+04  9.5085E+03
0000448   1.3779E+06 -8.7997E+03 -2.0449E+04
0000449   1.4271E+06  2.9739E+04 -6.9347E+02
0000450   1.4348E+06  5.5904E+04 -1.8903E+04
0000451   1.3730E+06 -2.1440E+04 -1.3693E+04
0000452   1.3430E+06 -1.2253E+04  1.3291E+04
0000453   1.3346E+06 -4.4899E+04  3.3206E+04
0000454   1.3552E+06 -3.7347E+04 -2.3457E+04
0000455   1.3861E+06  7.3501E+04  3.0764E+03
0000456   1.3661E+06 -1.1970E+04  5.3210E+04
0000457   1.3760E+06  6.0868E+04 -6.4678E+04
0000458   1.3649E+06  2.1984E+04  9.4319E+04
0000459   1.3931E+06 -8.3748E+03  3.7267E+03
0000460   1.3701E+06  6.4981E+04  1.4394E+04
0000461   1.4074E+06  3.4342E+03  4.6776E+04
0000462   1.3966E+06 -7.0750E+02 -2.3624E+04
0000463   1.3837E+06  8.5054E+04 -3.0429E+04
0000464   1.3709E+06 -3.6355E+04 -4.4915E+04
0000465   1.3532E+06 -5.8960E+04  4.7651E+04
0000466   1.3577E+06  1.1504E+05  3.3154E+04
0000467   1.3692E+06 -3.6508E+04  3.3614E+04
0000468   1.3814E+06 -7.9204E+04 -5.2418E+04
0000469   1.3755E+06  2.3327E+04  5.4987E+03
0000470   1.3552E+06  2.0553E+04  5.8977E+04
0000471   1.2816E+06  1.1214E+05 -3.5399E+05
0000472   1.3795E+06  3.0982E+04 -2.2457E+04
0000473   1.3966E+06 -3.5907E+04  8.0977E+03
0000474   1.4261E+06  6.1414E+03  2.5933E+04
0000475   1.3675E+06 -3.4471E+03  4.2362E+04
0000476   1.3581E+06 -3.6480E+04  2.4219E+04
0000477   1.3537E+06  6.1894E+03 -3.3271E+04
0000478   1.3417E+06 -6.6257E+04  1.6538E+04
0000479   1.4093E+06  3.9287E+04 -7.7277E+04
0000480   1.3059E+06  1.5940E+05 -9.9667E+04
0000481   1.3933E+06  1.3123E+04  4.5694E+04
0000482   1.3884E+06  2.2589E+04 -1.0569E+04
0000483   1.3779E+06 -3.6156E+04 -1.7825E+04
0000484   1.3471E+06  5.2440E+04  1.3006E+04
0000485   1.3620E+06  1.0478E+05  1.2976E+05
0000486   1.3470E+06 -4.9077E+03 -9.9059E+04
0000487   1.3872E+06  2.1949E+04  3.6072E+04
0000488   1.3355E+06 -6.4417E+04 -1.4018E+04
0000489   1.4013E+06 -2.9138E+04  3.3092E+03
0000490   1.3838E+06 -4.4080E+04  5.7147E+04
0000491   1.4076E+06 -2.0794E+04 -1.1432E+04
0000492   1.3953E+06  2.3364E+04  1.0820E+05
0000493   1.3580E+06 -7.3269E+04 -8.3110E+04
0000494   1.3536E+06  2.1594E+04  1.4625E+05
0000495   1.3907E+06 -4.5568E+03 -1.9725E+04
0000496   1.4066E+06 -2.8855E+04 -1.1730E+04
0000497   1.3887E+06 -6.6973E+04 -1.5090E+04
0000498   1.3855E+06 -2.1532E+04  1.0648E+04
0000499   1.3608E+06 -1.3625E+02  6.5937E+04
0000500   1.3961E+06 -2.9600E+04 -2.3537E+04
0000501   1.3973E+06  2.8010E+03 -7.6227E+03
0000502   1.3967E+06  5.6250E+03 -6.5308E+04
0000503   1.3987E+06 -6.9441E+04 -8.5274E+04
0000504   1.3786E+06 -1.7976E+04 -9.9133E+03
0000505   1.3733E+06 -1.5305E+04  2.8149E+03
0000506   1.3615E+06 -1.6784E+04 -5.5758E+04
0000507   1.3498E+06 -6.1568E+03 -4.2792E+04
0000508   1.3913E+06  7.5733E+04 -1.3559E+04
0000509   1.3484E+06 -5.7087E+03 -1.5699E+04
0000510   1.3936E+06  1.5786E+04 -6.0486E+04
0000511   1.3736E+06 -2.1988E+04 -2.0969E+04
0000512   1.3932E+06 -1.9188E+03  4.5365E+04
0000513   1.3737E+06 -7.9945E+03  1.5210E+03
0000514   1.3724E+06 -3.2819E+04 -8.9318E+04
0000515   1.4082E+06 -1.3908E+04  1.8528E+04
0000516   1.3870E+06 -6.1104E+04 -5.5274E+04
0000517   1.3838E+06  3.7465E+04 -2.9378E+04
0000518   1.3799E+06  4.1475E+04 -7.0459E+03
0000519   1.3951E+06  5.7162E+04 -7.3386E+03
0000520   1.3809E+06 -1.1134E+04  3.0637E+03
0000521   1.3904E+06 -5.2775E+03 -1.3079E+04
0000522   1.3932E+06 -5.9507E+02  4.2517E+03
0000523   1.4256E+06  3.8624E+04 -3.7446E+04
0000524   1.3698E+06 -1.1817E+04  4.8967E+04
0000525   1.3435E+06 -1.6941E+04 -1.9155E+04
0000526   1.3621E+06 -4.4203E+04 -5.3076E+02
0000527   1.3743E+06 -3.2682E+04 -4.1739E+04
0000528   1.4229E+06  2.7613E+04  4.4777E+04
0000529   1.3814E+06  3.5011E+04 -8.7592E+03
0000530   1.4154E+06 -1.6487E+04 -2.1630E+04
0000531   1.3542E+06  9.4101E+04 -3.7727E+04
0000532   1.4161E+06  1.9728E+04  3.9253E+04
0000533   1.3893E+06  1.2584E+04 -1.4474E+04
0000534   1.3755E+06  1.6796E+03  4.6824E+04
0000535   1.3666E+06  4.8283E+04  3.1044E+04
0000536   1.3473E+06  6.1983E+04 -4.7977E+04
0000537   1.3809E+06 -9.7451E+03  3.1450E+04
0000538   1.3955E+06  3.9031E+04  1.6995E+04
0000539   1.3445E+06 -8.3483E+04  2.1532E+04
0000540   1.4004E+06 -2.3959E+04 -5.7622E+04
0000541   1.3798E+06 -6.9174E+04 -4.9413E+04
0000542   1.3677E+06 -4.8786E+03  2.4955E+04
0000543   1.3973E+06  1.6142E+04 -6.2487E+03
0000544   1.3742E+06 -8.9221E+04  7.0035E+03
0000545   1.4063E+06 -4.6865E+04 -2.7207E+04
0000546   1.3564E+06 -3.8343E+03 -3.8481E+02
0000547   1.4141E+06 -1.0179E+04 -4.8376E+04
0000548   1.3203E+06  3.9216E+04  4.7597E+04
0000549   1.3707E+06  4.3271E+04 -1.3339E+04
0000550   1.3825E+06 -4.5922E+03 -2.2141E+03
0000551   1.3792E+06  1.5601E+04  9.9272E+03
0000552   1.3714E+06  4.2170E+04  4.8119E+04
0000553   1.3341E+06  7.0555E+04  5.1540E+03
0000554   1.3985E+06 -4.7187E+04 -3.0972E+03
0000555   1.3949E+06  3.3363E+04 -1.9440E+04
0000556   1.4010E+06 -5.2678E+04 -1.3955E+04
0000557   1.4100E+06  1.7006E+04  5.0486E+04
0000558   1.3923E+06 -1.0832E+04  6.2328E+04
0000559   1.3517E+06 -6.1823E+04 -1.6704E+05
0000560   1.3717E+06 -2.0311E+04  1.7750E+05
0000561   1.3885E+06 -6.9739E+04 -3.6253E+04
0000562   1.3961E+06  3.9527E+04 -1.7076E+04
0000563   1.3767E+06 -5.2956E+04 -9.8381E+02
0000564   1.3957E+06  4.0515E+03  1.6927E+04
0000565   1.4042E+06  4.2539E+04 -3.2638E+04
0000566   1.3714E+06  2.7948E+04 -6.2241E+03
0000567   1.3962E+06 -1.1754E+04 -7.7377E+04
0000568   1.3603E+06  4.1210E+04  4.2631E+04
0000569   1.3817E+06 -2.5199E+04 -6.3981E+04
0000570   1.3889E+06 -4.4637E+04  1.9515E+04
0000571   1.4039E+06  4.9162E+02  5.2439E+04
0000572   1.3430E+06 -4.9288E+04 -1.5206E+04
0000573   1.3636E+06 -1.8881E+04  8.8443E+02
0000574   1.3874E+06  2.6728E+04  1.7421E+04
0000575   1.3702E+06  5.5285E+03 -3.3701E+04
0000576   1.3922E+06 -9.1347E+04  3.0027E+04
0000577   1.4232E+06  1.0697E+05  2.4427E+04
0000578   1.3847E+06 -7.0346E+04 -1.0528E+04
0000579   1.3331E+06  4.3315E+04  7.3683E+04
0000580   1.3520E+06  5.2768E+04  3.0362E+04
0000581   1.3888E+06 -2.7965E+04 -4.3494E+04
0000582   1.3511E+06  1.4348E+04  1.1412E+04
0000583   1.4195E+06  1.0022E+04  5.4678E+02
0000584   1.4065E+06  1.2025E+04 -8.2285E+04
0000585   1.3871E+06  2.9744E+04 -8.7343E+04
0000586   1.3941E+06 -5.6201E+04  3.6686E+04
0000587   1.3895E+06  9.5314E+04  8.3703E+04
0000588   1.3650E+06 -1.3197E+04 -5.4191E+04
0000589   1.3495E+06 -2.3643E+04 -4.5564E+04
0000590   1.3541E+06 -4.6705E+04 -3.7236E+04
0000591   1.3840E+06  4.5687E+04 -2.5057E+04
0000592   1.3804E+06  7.7600E+03 -1.5077E+04
0000593   1.3944E+06 -2.2591E+04  1.3933E+04
0000594   1.3657E+06  2.2052E+04 -2.2555E+04
0000595   1.3439E+06 -2.5614E+04 -7.7789E+04
0000596   1.3566E+06  1.3724E+05 -1.9728E+04
0000597   1.3778E+06 -7.5404E+04 -8.4646E+04
0000598   1.3798E+06 -4.0984E+04  5.1777E+04
0000599   1.3988E+06  1.0786E+05 -5.3699E+04
0000600   1.3823E+06  6.9659E+04 -8.7699E+04
0000601   1.3705E+06  5.0538E+04  1.5406E+05
0000602   1.4068E+06  5.0124E+04 -2.1271E+04
0000603   1.3650E+06 -3.1766E+04 -3.8317E+04
0000604   1.3746E+06  5.2551E+04 -1.8893E+04
0000605   1.3922E+06 -6.1367E+04  2.1185E+04
0000606   1.3412E+06 -7.5490E+04  5.9454E+04
0000607   1.3838E+06  8.3543E+02  2.0351E+03
0000608   1.3568E+06  1.2437E+04  2.5524E+04
0000609   1.3980E+06  4.2690E+04 -4.1492E+04
0000610   1.3845E+06 -2.3525E+04  1.5458E+04
0000611   1.3643E+06 -1.3514E+04  4.5219E+04
0000612   1.4141E+06 -5.8229E+04  3.7638E+04
0000613   1.3755E+06 -7.4656E+04 -1.5178E+05
0000614   1.3844E+06 -1.4627E+04 -4.7145E+04
0000615   1.4018E+06 -5.3527E+02  7.4939E+03
0000616   1.3885E+06 -4.8976E+04  4.7620E+04
0000617   1.3694E+06  1.9253E+04 -1.2313E+05
0000618   1.3994E+06 -1.7434E+04 -3.0268E+04
0000619   1.3758E+06  1.4150E+04  2.6487E+04
0000620   1.4043E+06  6.5441E+04  1.9344E+04
0000621   1.3621E+06  3.1457E+04  1.1164E+04
0000622   1.3588E+06 -2.8116E+02 -7.2110E+03
0000623   1.3595E+06  4.8488E+04 -2.4969E+04
0000624   1.4005E+06  3.5700E+04  5.0536E+04
0000625   1.3635E+06  3.2990E+04 -4.6594E+04
0000626   1.4210E+06  5.7273E+04  1.0657E+05
0000627   1.3825E+06 -5.9458E+04 -2.8419E+04
0000628   1.3595E+06  3.3340E+04  2.1058E+03
0000629   1.3730E+06 -1.8485E+05 -6.4259E+03
0000630   1.3980E+06  7.7434E+04 -1.9494E+04
0000631   1.4271E+06  1.5054E+04  2.5878E+04
0000632   1.4192E+06 -4.8421E+04 -3.1659E+04
0000633   1.3903E+06  3.9642E+04 -2.3167E+04
0000634   1.3566E+06  1.2270E+04  1.4722E+04
0000635   1.3415E+06  3.7862E+04 -4.4138E+03
0000636   1.3896E+06  5.9184E+03 -8.6726E+03
0000637   1.3751E+06  1.0798E+05  6.9145E+04
0000638   1.4085E+06  2.9262E+04 -4.4690E+04
0000639   1.3617E+06  4.0215E+04 -1.3059E+05
0000640   1.3339E+06  7.7934E+04  4.4402E+04
0000641   1.3758E+06  7.1377E+04 -1.1400E+03
0000642   1.3444E+06 -5.5389E+04  9.7732E+03
0000643   1.3834E+06  1.1321E+04 -1.6457E+04
0000644   1.3404E+06  1.3305E+05 -4.4568E+04
0000645   1.3926E+06 -4.6302E+04  5.3121E+04
0000646   1.3731E+06  2.5554E+04  7.5619E+04
0000647   1.3749E+06  6.4050E+04 -7.8185E+03
0000648   1.3798E+06  5.0554E+04 -3.5942E+04
0000649   1.4079E+06  8.9787E+04 -2.6962E+04
0000650   1.3900E+06  3.9762E+03  2.3718E+04
0000651   1.3940E+06 -1.4727E+05  5.1275E+04
0000652   1.3653E+06  3.5957E+04 -5.2346E+04
0000653   1.3615E+06 -5.3123E+04 -1.7148E+04
0000654   1.3835E+06 -1.8891E+04 -2.2158E+04
0000655   1.3573E+06 -3.9725E+04 -9.7852E+03
0000656   1.4258E+06  8.0637E+04  9.6814E+04
0000657   1.3948E+06 -2.6629E+04 -1.8315E+03
0000658   1.3972E+06  5.3032E+04  8.8141E+03
0000659   1.3853E+06  9.6213E+04  4.7505E+02
0000660   1.4018E+06 -1.9142E+04  2.8878E+04
0000661   1.3948E+06 -2.2704E+04  2.6433E+03
0000662   1.3849E+06  1.1484E+04 -8.4127E+04
0000663   1.3256E+06  1.0324E+05 -6.8235E+03
0000664   1.3672E+06 -3.9956E+04 -7.8424E+03
0000665   1.3904E+06 -7.9041E+03 -8.3793E+03
0000666   1.3770E+06 -3.4173E+04 -1.2195E+04
0000667   1.4092E+06 -3.7987E+04  1.2364E+04
0000668   1.3578E+06 -4.1811E+04  1.2593E+05
0000669   1.4187E+06 -9.1998E+03  6.2763E+04
0000670   1.3899E+06  7.5047E+04  3.5998E+04
0000671   1.4146E+06  6.2805E+04  6.6427E+04
0000672   1.3580E+06  5.8884E+04  1.0030E+05
0000673   1.3848E+06 -6.3458E+03  8.9534E+04
0000674   1.3972E+06 -3.8728E+04 -3.4643E+04
0000675   1.3391E+06 -2.9402E+04 -7.7395E+04
0000676   1.3645E+06  2.1537E+04  3.8218E+04
0000677   1.3673E+06  8.0815E+04  4.7086E+04
0000678   1.3989E+06  1.1020E+04 -1.9922E+04
0000679   1.3771E+06  1.5855E+04  2.9675E+03
0000680   1.4240E+06 -2.0380E+03 -2.0541E+04
0000681   1.3489E+06  2.7567E+04  6.2650E+04
0000682   1.3670E+06 -1.2869E+04 -5.2107E+03
0000683   1.3969E+06 -1.7854E+04  1.3544E+04
0000684   1.3679E+06  2.2146E+03 -1.0746E+04
0000685   1.3511E+06  4.0960E+04 -2.9571E+04
0000686   1.4050E+06 -1.6240E+04  8.3567E+03
0000687   1.3697E+06 -4.9373E+04 -2.3977E+04
0000688   1.3732E+06  3.3199E+04 -2.3191E+04
0000689   1.3375E+06  9.0472E+04  8.6059E+04
0000690   1.3755E+06 -9.0752E+04  1.7929E+05
0000691   1.3834E+06 -9.4036E+03  5.3792E+04
0000692   1.3634E+06 -4.1900E+04 -3.5141E+04
0000693   1.3509E+06  1.7662E+04 -4.7161E+04
0000694   1.3706E+06  3.2601E+04  6.8833E+04
0000695   1.4134E+06 -9.1414E+03 -1.4661E+04
0000696   1.3438E+06 -3.2632E+04 -2.8181E+04
0000697   1.3546E+06 -1.0833E+04 -2.7380E+04
0000698   1.3514E+06  2.4678E+04 -7.8094E+04
0000699   1.3538E+06 -9.2795E+04 -1.0911E+04
0000700   1.3652E+06 -9.8018E+03 -4.5780E+04
0000701   1.3883E+06 -2.2563E+04  3.8968E+02
0000702   1.3915E+06 -4.7616E+04  3.4269E+04
0000703   1.3694E+06  7.0184E+04 -3.7912E+04
0000704   1.3660E+06  3.4435E+04  8.2255E+03
0000705   1.3958E+06 -4.2093E+04 -2.2479E+04
0000706   1.3523E+06 -1.7868E+04 -9.7925E+04
0000707   1.3599E+06  1.4851E+04  4.1626E+04
0000708   1.3906E+06  2.2419E+04  3.5753E+03
0000709   1.4063E+06 -2.7049E+04 -2.5634E+03
0000710   1.3766E+06 -3.4515E+04  3.2826E+04
0000711   1.4002E+06 -4.8866E+04 -5.1182E+03
0000712   1.3945E+06  7.7697E+04  8.5648E+04
0000713   1.3755E+06  1.8106E+04  7.8321E+03
0000714   1.3604E+06  3.7983E+04 -7.4333E+03
0000715   1.3707E+06 -1.9252E+04 -3.6829E+04
0000716   1.3241E+06  1.9166E+05  9.6255E+04
0000717   1.3779E+06  1.1847E+05 -8.6087E+03
0000718   1.3561E+06 -6.8611E+04 -9.2961E+04
0000719   1.3823E+06 -1.4812E+04 -6.6470E+04
0000720   1.3634E+06 -2.3485E+04 -6.2194E+04
0000721   1.3868E+06 -2.5694E+04  3.6414E+04
0000722   1.3773E+06  1.7953E+04 -5.6258E+04
0000723   1.3949E+06  7.8208E+03 -1.6930E+04
0000724   1.3888E+06  3.7408E+04  4.6921E+03
0000725   1.3883E+06  3.3010E+04  7.8345E+03
0000726   1.4091E+06 -3.8093E+04  5.7565E+04
0000727   1.3907E+06 -4.3815E+03  4.6232E+04
0000728   1.3878E+06 -2.4893E+04 -6.5980E+04
0000729   1.3291E+06  6.2329E+04  3.0281E+04
0000730   1.3761E+06  3.4738E+04  4.6101E+04
0000731   1.3784E+06  4.7536E+04 -5.8008E+04
0000732   1.3935E+06  2.2447E+04 -5.1658E+03
0000733   1.3970E+06  3.3959E+04  1.5848E+05
0000734   1.4059E+06  1.9960E+04  2.1494E+04
0000735   1.3930E+06 -1.1692E+05  9.8828E+03
0000736   1.3646E+06  7.9405E+04 -2.8703E+04
0000737   1.3751E+06  1.4513E+03 -6.8753E+04
0000738   1.3981E+06  1.3420E+04 -2.3609E+04
0000739   1.3797E+06 -3.2533E+03  7.2408E+03
0000740   1.3633E+06 -2.7952E+04 -1.5459E+04
0000741   1.3534E+06  8.0935E+04  3.6382E+04
0000742   1.4137E+06 -9.0370E+03  4.9250E+03
0000743   1.3965E+06  4.6905E+03 -1.0966E+04
0000744   1.4110E+06 -4.4785E+04  3.5814E+04
0000745   1.3853E+06  2.1045E+04  1.7125E+04
0000746   1.4123E+06  3.3788E+04  5.3711E+03
0000747   1.3535E+06  5.2973E+03 -4.1993E+04
0000748   1.3971E+06 -6.5735E+04 -4.3101E+04
0000749   1.3568E+06 -6.5466E+04  1.1687E+03
0000750   1.3738E+06 -5.7996E+04 -1.7631E+04
0000751   1.4394E+06  1.7359E+04 -5.3553E+04
0000752   1.3557E+06  1.8535E+04 -3.4587E+04
0000753   1.3734E+06  2.4245E+03 -3.9489E+04
0000754   1.3873E+06  4.2466E+04 -2.4929E+04
0000755   1.3908E+06 -3.2551E+04  6.4406E+04
0000756   1.3763E+06  1.6446E+04  6.4578E+04
0000757   1.3849E+06  6.4635E+04  1.1896E+05
0000758   1.3435E+06 -1.0571E+05 -7.1890E+04
0000759   1.3736E+06 -6.9521E+04 -1.0093E+05
0000760   1.3977E+06 -1.5589E+04  4.9701E+04
0000761   1.3687E+06  1.5781E+04 -2.5994E+04
0000762   1.3879E+06 -2.4638E+04  3.0190E+04
0000763   1.3717E+06 -6.6636E+03 -6.2872E+04
0000764   1.3945E+06  3.2099E+04 -2.4242E+04
0000765   1.4039E+06  2.3049E+04  3.7094E+03
0000766   1.4114E+06  4.5208E+04  9.0311E+04
0000767   1.3499E+06 -9.0934E+04  2.0891E+04
0000768   1.3776E+06 -4.1551E+04  6.5553E+04
0000769   1.4383E+06 -5.1877E+04  5.2710E+04
0000770   1.3662E+06  7.1146E+04 -7.6538E+03
0000771   1.3832E+06  1.6624E+04  7.7132E+04
0000772   1.3897E+06  2.4690E+04  6.4332E+04
0000773   1.3525E+06  1.0022E+05  1.0815E+05
0000774   1.4089E+06 -1.8517E+04  8.1827E+03
0000775   1.3667E+06  4.7777E+04  1.7468E+03
0000776   1.3139E+06  5.6884E+04  5.1099E+04
0000777   1.3768E+06 -9.5235E+03  4.3565E+04
0000778   1.3423E+06 -3.6438E+04 -2.0113E+04
0000779   1.3683E+06 -9.8728E+04  6.3156E+04
0000780   1.3711E+06  5.7458E+04  5.9418E+04
0000781   1.3741E+06 -3.1126E+04 -1.1342E+03
0000782   1.3645E+06 -1.3025E+03 -1.5288E+04
0000783   1.3772E+06  8.8649E+04 -1.2703E+05
0000784   1.3619E+06 -5.3016E+04 -3.1470E+04
0000785   1.3918E+06  4.4262E+04  2.2145E+04
0000786   1.3852E+06  2.7239E+04  5.2101E+04
0000787   1.3935E+06  1.4393E+03 -8.4214E+04
0000788   1.3997E+06  3.8093E+04 -2.2588E+04
0000789   1.3828E+06 -1.3694E+04 -1.4560E+04
0000790   1.3584E+06 -1.6142E+05 -6.4816E+04
0000791   1.3520E+06  1.9822E+04 -1.5839E+05
0000792   1.3572E+06 -1.8169E+04 -1.1336E+04
0000793   1.4009E+06 -6.0500E+04 -7.6051E+04
0000794   1.3345E+06  1.1135E+05 -1.1260E+05
0000795   1.3833E+06  2.7667E+04  3.5654E+04
0000796   1.3579E+06  7.4269E+04 -9.1323E+04
0000797   1.3588E+06 -3.2896E+04  1.9218E+04
0000798   1.3857E+06 -9.3505E+03  3.7912E+04
0000799   1.3541E+06 -1.0750E+04  1.0733E+05
0000800   1.3779E+06 -9.2728E+04 -1.2475E+04
0000801   1.3319E+06 -4.8773E+04 -4.6963E+04
0000802   1.3801E+06 -2.4811E+04 -1.4771E+04
0000803   1.3800E+06  2.1632E+04  6.8303E+03
0000804   6.3800E+05  9.6736E+05  2.6051E+05
0000805   1.3413E+06 -1.1967E+04 -2.7886E+04
0000806   1.3704E+06 -2.5084E+02  8.7563E+04
0000807   1.4061E+06  1.3847E+04  5.5892E+04
0000808   1.3949E+06  3.1031E+03  3.5661E+04
0000809   1.3833E+06 -3.1354E+04  5.6843E+04
0000810   1.3702E+06 -3.5495E+04  1.2681E+05
0000811   1.3887E+06  3.6551E+04  5.7300E+04
0000812   1.4243E+06  5.1475E+04 -1.2768E+05
0000813   1.3803E+06 -4.2743E+04  3.8894E+02
0000814   1.3696E+06  2.4262E+04  8.8044E+04
0000815   1.3514E+06  4.2379E+04  6.0435E+03
0000816   1.4050E+06 -4.2986E+03  7.4764E+04
0000817   1.4125E+06  7.7703E+03  5.4733E+03
0000818   1.3617E+06  9.3444E+04  6.0376E+04
0000819   1.4387E+06  4.6683E+04  4.4453E+04
0000820   1.3805E+06  3.2561E+04  4.5657E+04
0000821   1.3600E+06  2.4145E+04 -3.6331E+04
0000822   1.4138E+06  2.5537E+04 -6.7697E+03
0000823   1.3613E+06 -1.2426E+04  3.8859E+04
0000824   1.3648E+06  7.6509E+04  1.3817E+04
0000825   1.3955E+06  2.5623E+04  2.0258E+04
0000826   1.3527E+06  1.9310E+03  2.8503E+04
0000827   1.3814E+06  3.5697E+04  8.8556E+03
0000828   1.3569E+06  1.0176E+04 -1.0625E+04
0000829   1.3318E+06 -1.0519E+05 -9.0319E+03
0000830   1.3826E+06 -5.3885E+04 -1.2446E+04
0000831   1.4194E+06  2.4068E+04  5.5164E+04
0000832   1.3896E+06  2.8792E+02 -2.0231E+03
0000833   1.3690E+06 -3.9540E+03 -6.6130E+04
0000834   1.4004E+06 -2.9905E+02 -5.0546E+03
0000835   1.3466E+06  2.4892E+05 -7.7110E+04
0000836   1.3863E+06  8.9668E+04  1.2030E+04
0000837   1.3887E+06 -2.0586E+04  5.7814E+04
0000838   1.3737E+06 -5.7227E+04  1.2303E+04
0000839   1.3631E+06  1.6239E+04  4.1117E+03
0000840   1.3905E+06  1.1664E+05  2.6305E+04
0000841   1.3922E+06  4.8020E+04 -2.2597E+04
0000842   1.3601E+06 -5.7342E+04  2.7361E+04
0000843   1.3595E+06 -1.0297E+05  1.5734E+05
0000844   1.3915E+06  1.1594E+03 -4.9546E+04
0000845   1.4317E+06  1.6298E+04  1.6201E+04
0000846   1.4191E+06  4.0342E+04  1.2429E+04
0000847   1.3534E+06 -8.7154E+03  4.5852E+04
0000848   1.3410E+06 -2.2049E+04  1.3974E+05
0000849   1.3434E+06  2.0304E+05 -8.8389E+04
0000850   1.3460E+06  4.3175E+03 -4.0131E+03
0000851   1.3666E+06  1.8463E+04 -3.3519E+04
0000852   1.3786E+06  2.3312E+04 -6.5422E+04
0000853   1.3709E+06  6.9485E+04  3.8865E+04
0000854   1.4017E+06  5.5361E+03  3.6812E+04
0000855   1.4211E+06  1.7462E+04 -1.2600E+03
0000856   1.3936E+06  2.0038E+04 -5.3135E+04
0000857   1.4165E+06  3.9055E+04  1.9027E+03
0000858   1.3715E+06 -3.5482E+04  1.6576E+04
0000859   1.4036E+06  3.6022E+04  2.7423E+04
0000860   1.3740E+06  8.3732E+04  2.6325E+04
0000861   1.3670E+06 -1.5464E+05 -9.4091E+04
0000862   1.3597E+06 -5.3167E+04 -3.7996E+04
0000863   1.3650E+06 -1.0151E+04 -6.8209E+04
0000864   1.4117E+06  4.9352E+04  1.0596E+04
0000865   1.3650E+06 -6.3673E+04 -4.0548E+04
0000866   1.3986E+06 -8.7017E+04 -3.8110E+04
0000867   1.3742E+06  4.8953E+04 -1.0193E+04
0000868   1.3522E+06  4.1235E+04 -8.4072E+04
0000869   1.3938E+06  3.4975E+04 -3.3635E+04
0000870   1.3664E+06  2.7430E+04 -1.3942E+05
0000871   1.4259E+06  5.7325E+03 -2.2982E+04
0000872   1.3698E+06 -4.1359E+04  4.4068E+04
0000873   1.3991E+06  3.0163E+04 -2.2368E+04
0000874   1.3539E+06  6.7120E+04 -1.5200E+04
0000875   1.3744E+06  4.9426E+04  1.7700E+04
0000876   1.3612E+06 -4.5183E+04 -5.9223E+04
0000877   1.3993E+06  4.4405E+03  1.8935E+04
0000878   1.3976E+06  4.0065E+04 -8.7882E+04
0000879   1.3654E+06  2.8058E+04 -1.7896E+04
0000880   1.3714E+06 -1.3386E+04  1.6806E+04
0000881   1.3634E+06 -7.3913E+04 -1.9381E+05
0000882   1.3856E+06 -5.1627E+04  1.7489E+04
0000883   1.3756E+06 -2.2134E+04 -1.6923E+04
0000884   1.3464E+06  9.7093E+04 -9.6099E+04
0000885   1.3714E+06  2.1742E+04  8.4638E+04
0000886   1.3718E+06 -1.1135E+04  3.9562E+04
0000887   1.3962E+06 -3.7952E+04 -3.8736E+04
0000888   1.3657E+06 -5.8625E+04 -3.5364E+04
0000889   1.3100E+06  1.6771E+05  5.9291E+04
0000890   1.3920E+06  1.2297E+03  4.2602E+03
0000891   1.4240E+06 -1.1688E+04  5.2520E+03
0000892   1.4016E+06 -3.5022E+03  9.6285E+03
0000893   1.3630E+06  3.0378E+04  6.9269E+02
0000894   1.3620E+06 -1.2751E+05  8.4224E+04
0000895   1.3527E+06  6.8139E+04 -1.2223E+04
0000896   1.3628E+06  9.8373E+04 -6.2212E+04
0000897   1.3844E+06  1.8153E+04 -4.3868E+04
0000898   1.3926E+06 -7.1523E+02 -4.0495E+04
0000899   1.4081E+06 -1.4380E+04  4.4641E+04
0000900   1.3787E+06 -1.7568E+04 -5.8721E+04
0000901   1.3539E+06 -2.0766E+04 -4.3035E+04
0000903   1.3483E+06 -1.2485E+04  1.3572E+03
0000904   1.3920E+06  4.8215E+04 -6.0006E+04
0000905   1.3535E+06 -6.5975E+04  1.4929E+04
0000906   1.3766E+06 -1.0036E+04  1.1011E+04
0000907   1.3830E+06 -2.1534E+04 -2.3154E+04
0000908   1.3623E+06  1.3223E+04  3.3624E+04
0000909   1.3723E+06 -1.1220E+04 -2.0418E+04
0000910   1.3585E+06  4.2058E+04 -7.7031E+03
0000911   1.3920E+06  4.0552E+04  7.2496E+04
0000912   1.3874E+06  3.3818E+04  2.6645E+04
0000913   1.3807E+06 -5.4715E+04  1.0632E+05
0000914   1.4027E+06 -6.9485E+03  3.5448E+04
0000915   1.3885E+06  7.0367E+04  2.7452E+04
0000916   1.3756E+06  2.6319E+04  3.6425E+04
0000917   1.3674E+06 -3.6171E+04  7.3855E+04
0000918   1.3865E+06  3.3672E+04 -8.0301E+04
0000919   1.3429E+06 -3.1255E+04  2.6784E+04
0000920   1.3676E+06  2.6501E+04 -3.2565E+04
0000921   1.3508E+06 -5.9263E+04  9.5570E+03
0000922   1.3633E+06  1.4223E+05  1.8555E+04
0000923   1.3806E+06 -1.5867E+04  6.1448E+04
0000924   1.3641E+06 -3.8658E+04  2.3056E+04
0000925   1.3634E+06 -1.2843E+05 -4.0101E+04
0000926   1.3876E+06  2.1535E+04 -3.3778E+03
0000927   1.4102E+06  4.8337E+04 -2.4918E+04
0000928   1.3841E+06  2.2796E+04  2.1485E+04
0000929   1.3415E+06  5.8435E+04 -4.4628E+04
0000930   1.3334E+06  1.5122E+04  1.0186E+04
0000931   1.4068E+06 -2.2425E+04  3.2026E+04
0000932   1.3450E+06  3.9061E+03 -3.7357E+04
0000933   1.3409E+06 -4.5947E+04  6.1038E+04
0000934   1.3430E+06 -4.9352E+04  3.8729E+03
0000935   1.3829E+06  1.5390E+04  9.5474E+03
0000936   1.3989E+06 -5.8369E+04 -2.9771E+04
0000937   1.3377E+06  5.2528E+04  3.5387E+04
0000938   1.4152E+06 -2.3089E+04 -2.6471E+04
0000939   1.3544E+06 -1.8433E+04  1.6835E+05
0000940   1.3547E+06  5.3622E+03 -3.4236E+04
0000941   1.3855E+06  6.7891E+04  1.1152E+05
0000942   1.3465E+06 -3.9076E+04 -7.1594E+04
0000943   1.3720E+06 -3.0693E+04  7.1273E+04
0000944   1.3890E+06 -2.8242E+03 -5.4155E+04
0000945   1.3913E+06  3.6755E+04  4.7538E+04
0000946   1.3925E+06  5.5654E+04 -1.8797E+04
0000947   1.3541E+06 -5.8161E+04 -6.8261E+04
0000948   1.3816E+06  9.3013E+04  7.8003E+03
0000949   1.3627E+06 -2.7779E+03 -6.7224E+04
0000950   1.3693E+06  1.0305E+04  4.4669E+04
0000951   1.3962E+06  4.1074E+04 -3.2122E+04
0000952   1.3699E+06 -6.2498E+04 -3.1188E+04
0000953   1.3966E+06  2.2628E+04  3.7495E+03
0000954   1.3481E+06 -4.2643E+04  7.7437E+03
0000955   1.3455E+06  1.7181E+04  4.5172E+04
0000956   1.3838E+06  6.0810E+04 -7.1861E+04
0000957   1.4135E+06 -5.4181E+04  1.8940E+04
0000958   1.3669E+06  9.9133E+03  5.9569E+04
0000959   1.3774E+06 -7.4118E+04  1.9128E+04
0000960   1.3953E+06  7.3900E+04  2.7239E+05
0000961   1.3897E+06 -1.9113E+04 -6.6055E+04
0000962   1.3712E+06  4.4697E+04 -6.3278E+04
0000963   1.3754E+06  6.7349E+04  4.1487E+04
0000964   1.3699E+06  3.3024E+04  2.6233E+04
0000965   1.4020E+06  1.8654E+04  8.0172E+03
0000966   1.3844E+06  5.5400E+04  2.8596E+04
0000967   1.3868E+06  4.2063E+02 -1.1574E+04
0000968   1.3916E+06 -2.8256E+03 -5.0938E+04
0000969   1.3298E+06  2.3459E+04 -4.5290E+04
0000970   1.3709E+06 -1.0359E+04 -6.1321E+04
0000971   1.3767E+06 -3.3466E+03 -6.1188E+04
0000972   1.4256E+06  2.7721E+04 -3.3910E+04
0000973   1.4021E+06  2.3131E+04 -3.1022E+04
0000974   1.3914E+06  6.0601E+03 -1.9664E+04
0000975   1.3835E+06  4.1771E+04  1.1896E+05
0000976   1.3717E+06 -1.8259E+04  3.9028E+04
0000977   1.4111E+06 -1.0994E+04  2.7948E+04
0000978   1.3914E+06  6.0543E+04  3.6095E+04
0000979   1.3419E+06  4.0633E+03  1.4779E+05
0000980   1.4040E+06 -3.8365E+04 -5.9415E+03
0000981   1.4026E+06 -3.6904E+03  2.1751E+04
0000982   1.3536E+06 -6.7226E+03 -4.4878E+04
0000983   1.4148E+06  1.3768E+04  6.5157E+04
0000984   1.4533E+06 -1.6992E+04 -9.1950E+03
0000985   1.3707E+06  2.1188E+04  2.6076E+03
0000986   1.4283E+06 -1.1287E+04  3.4611E+04
0000987   1.3620E+06  1.0091E+04 -5.1765E+04
0000988   1.3520E+06 -2.0673E+04  1.3157E+04
0000989   1.4030E+06 -2.7366E+04 -6.2802E+04
0000990   1.3851E+06 -1.9561E+04  5.6719E+04
0000991   1.3381E+06 -2.5088E+04 -4.6641E+04
0000992   1.3825E+06  7.5222E+03 -6.6171E+04
0000993   1.4227E+06 -6.6121E+03  5.3756E+04
0000994   1.3904E+06 -6.4349E+04 -1.1251E+04
0000995   1.3849E+06  2.1709E+04 -1.2334E+04
0000996   1.3519E+06 -1.7119E+04  1.7822E+05
0000997   1.3822E+06 -5.4416E+04 -3.9603E+04
0000998   1.3804E+06 -1.8765E+04 -4.0449E+04
0000999   1.3991E+06  9.3379E+03  6.2975E+04
0001000   1.3800E+06 -1.2389E+04  1.0133E+05
