============================== SRIM-2013.00 ==============================
==============================================================================
====== SRIM Outputs\RANGE_3D.txt : File of Final Ion Positions =====

Ion =  H (01)   Ion Mass= 001.0080
Energy  = 4000000.E-04 keV
Ion Angle to Surface = 00.0 degrees
==================== TARGET =======================
  Layer # 1 - Si_Top    
  Layer # 1 - Bottom Depth=300000.E+01 A
  Layer # 1 - Density =0002.3210 g/cm3
  Layer # 1 -  100 % of Si
икикикикикикикикикикикикикикикикикикикикикикикикикикикикикикикикикикикикикикикикикикикикикикикикикикикик
  Layer # 2 - Si_Bottom 
  Layer # 2 - Bottom Depth=600000.E+01 A
  Layer # 2 - Density =0002.3210 g/cm3
  Layer # 2 -  100 % of Si
икикикикикикикикикикикикикикикикикикикикикикикикикикикикикикикикикикикикикикикикикикикикикикикикикикикик
                                            
Ion       Depth  X   Lateral Y   Lateral Z  
Number    (Angstrom) (Angstrom)  (Angstrom) 
-------  ----------- ----------- -----------
0000001   4.4776E+04 -1.5338E+03 -1.9443E+03
0000002   4.3268E+04  3.0402E+03 -4.2203E+03
0000003   4.5852E+04  1.4167E+03 -3.2797E+03
0000004   4.6401E+04 -2.7824E+03 -4.6236E+03
0000005   4.5424E+04  1.3224E+03 -1.6338E+03
0000006   4.5951E+04 -1.5218E+03  4.2700E+02
0000007   4.4046E+04  1.2453E+03 -4.9666E+03
0000008   4.5120E+04  2.7563E+03  5.1595E+03
0000009   4.5661E+04  2.3910E+03  4.6496E+02
0000010   4.6341E+04  4.6579E+03 -2.4936E+03
0000011   4.4970E+04  3.8078E+02 -1.6491E+02
0000012   4.4006E+04  7.9058E+02 -8.1787E+02
0000013   4.5722E+04 -1.3764E+03  5.6938E+02
0000014   4.4569E+04 -2.4663E+02 -1.0596E+03
0000015   4.4604E+04 -1.9816E+03 -1.2898E+03
0000016   4.3842E+04  4.1245E+02  2.8866E+03
0000017   4.4018E+04  2.9922E+03 -2.5706E+03
0000018   4.4778E+04  2.5483E+03 -1.3661E+03
0000019   4.4974E+04  2.9327E+03 -1.0944E+02
0000020   4.6835E+04  1.9612E+03 -2.1307E+03
0000021   4.6524E+04 -5.2418E+03 -1.5551E+03
0000022   4.3617E+04  1.0197E+03 -4.5880E+03
0000023   4.6995E+04  1.6299E+03 -1.6177E+03
0000024   4.3864E+04 -1.0280E+03  2.7792E+03
0000025   4.4748E+04 -1.0140E+03 -5.5557E+03
0000026   4.3323E+04 -1.4360E+03  1.0686E+04
0000027   4.6450E+04  4.1599E+02  1.0789E+02
0000028   4.5723E+04  2.5761E+02 -1.8222E+02
0000029   4.5437E+04 -6.2920E+03  2.0032E+03
0000030   4.5986E+04  3.8927E+03 -4.0155E+03
0000031   4.6210E+04 -4.8169E+03  3.1814E+03
0000032   4.6701E+04  3.3956E+01  3.2171E+03
0000033   4.7518E+04  1.8426E+03 -5.6248E+02
0000034   4.4892E+04  3.8354E+03 -2.1493E+02
0000035   4.6593E+04 -4.8644E+03  8.8749E+02
0000036   4.5061E+04  8.8104E+02  2.4446E+03
0000037   4.6335E+04 -1.9265E+03  2.7220E+03
0000038   4.4338E+04 -2.8485E+02 -7.2543E+02
0000039   4.6921E+04  2.3693E+03  1.1609E+03
0000040   4.5246E+04 -4.1994E+02 -1.2491E+03
0000041   4.4319E+04  8.8047E+02  1.9561E+01
0000042   4.3982E+04 -4.5866E+03  1.6085E+03
0000043   4.5147E+04 -1.7064E+03  3.4246E+02
0000044   4.4578E+04  2.6580E+03 -2.4274E+03
0000045   4.2613E+04 -4.3315E+03  6.8553E+03
0000046   4.5271E+04  2.6931E+03 -1.4522E+03
0000047   4.3876E+04  8.7317E+02 -1.4789E+03
0000048   4.5319E+04  1.1287E+03  8.5515E+02
0000049   4.5050E+04 -4.0434E+03  1.8925E+03
0000050   4.6336E+04  6.2639E+02 -1.2562E+02
0000051   4.5637E+04 -1.8620E+03  2.9943E+03
0000052   4.3157E+04 -4.0289E+03  4.4773E+03
0000053   4.6209E+04  4.5099E+03  1.6923E+03
0000054   4.4541E+04  6.5841E+03  1.0304E+03
0000055   4.2404E+04 -2.5036E+03  5.2496E+03
0000056   4.6493E+04  2.0266E+03 -1.2597E+03
0000057   4.5875E+04  2.5609E+03  3.7819E+02
0000058   4.6620E+04 -3.3055E+01  3.1441E+02
0000059   4.5066E+04 -1.4962E+03 -1.1061E+03
0000060   4.5520E+04 -2.8613E+03 -4.8337E+02
0000061   4.4821E+04 -7.4507E+02 -2.1436E+03
0000062   4.4227E+04  2.2044E+03  4.4293E+01
0000063   4.6669E+04 -7.8065E+01 -2.0172E+02
0000064   4.4854E+04  2.3442E+03  5.0089E+03
0000065   4.7459E+04  3.2611E+02  6.7919E+02
0000066   4.5426E+04 -1.0702E+03 -2.5936E+02
0000067   4.3662E+04 -4.8819E+03  3.1372E+03
0000068   4.6054E+04  2.2157E+03  1.5874E+03
0000069   4.4409E+04 -2.0905E+03 -1.2401E+03
0000070   4.3747E+04  7.5019E+02  5.5009E+03
0000071   4.5203E+04 -4.8403E+03 -9.1140E+03
0000072   4.3310E+04  7.2126E+03 -3.1111E+03
0000073   4.4598E+04  4.4826E+03 -4.0647E+03
0000074   4.4882E+04 -2.1561E+03  1.1648E+02
0000075   4.8117E+04 -3.0535E+03 -4.9978E+03
0000076   4.5552E+04  4.4047E+01 -3.7769E+03
0000077   4.6419E+04 -8.5309E+02 -6.8538E+03
0000078   4.4900E+04  6.5823E+03 -2.3905E+03
0000079   4.8749E+04  6.7811E+02  6.6852E+02
0000080   4.5083E+04 -5.3214E+02 -3.7612E+03
0000081   4.5867E+04  1.0248E+03  2.7177E+03
0000082   4.7037E+04  4.4486E+02 -7.4298E+02
0000083   4.4031E+04  3.4929E+03 -2.5410E+03
0000084   4.5137E+04  7.7986E+02 -1.8414E+03
0000085   4.6056E+04  3.4075E+03  3.2373E+03
0000086   4.4350E+04  3.3276E+03  1.1891E+03
0000087   4.4473E+04 -3.3766E+02  1.7486E+03
0000088   4.5079E+04  2.3100E+03  1.6375E+03
0000089   4.0957E+04 -1.5759E+03  1.2002E+04
0000090   4.4855E+04  3.6157E+03  4.6973E+03
0000091   4.5088E+04 -4.4716E+03 -2.2428E+03
0000092   4.4454E+04  1.5907E+03 -3.1154E+03
0000093   4.4524E+04  1.6430E+03  6.2101E+02
0000094   4.4133E+04 -5.2911E+03 -3.5586E+03
0000095   4.5651E+04 -1.4315E+03  4.4262E+03
0000096   4.5056E+04 -1.1773E+03 -2.7047E+03
0000097   4.7028E+04 -1.1723E+03 -4.6550E+03
0000098   4.6919E+04  3.5671E+03 -8.7871E+02
0000099   4.6338E+04  1.6716E+02 -7.3799E+02
0000100   4.5289E+04 -2.8311E+03 -2.0021E+03
0000101   4.4893E+04 -3.7774E+03  1.3156E+02
0000102   4.5832E+04 -3.2260E+03 -3.8287E+03
0000103   4.6193E+04  8.7365E+02  9.4941E+02
0000104   4.4065E+04 -2.5662E+03 -9.3702E+03
0000105   4.5597E+04  2.0478E+03 -1.6019E+03
0000106   4.5380E+04 -6.9458E+03 -5.4988E+02
0000107   4.5128E+04 -2.9382E+03 -2.7978E+03
0000108   4.4660E+04  1.7971E+03  2.7456E+03
0000109   4.5152E+04  2.0803E+03  4.5240E+03
0000110   4.2372E+04 -2.0831E+03  6.7613E+03
0000111   4.5810E+04  2.2031E+03  1.0252E+03
0000112   4.6421E+04 -3.0305E+03  4.3473E+02
0000113   4.7765E+04  2.5433E+03  5.9540E+02
0000114   4.4985E+04 -1.3600E+03  1.3613E+03
0000115   4.6069E+04  1.6418E+03 -4.1316E+02
0000116   4.5527E+04 -3.0325E+03  2.7644E+03
0000117   4.4604E+04  1.0009E+03 -4.2952E+03
0000118   4.2847E+04 -2.1125E+03  6.1993E+03
0000119   4.4895E+04 -1.7146E+02  1.8221E+03
0000120   4.3610E+04 -8.0931E+03 -2.7114E+03
0000121   4.3936E+04  3.8485E+03  8.2538E+02
0000122   4.4588E+04  9.9335E+02 -4.6419E+03
0000123   4.3471E+04  8.8042E+03 -3.7299E+03
0000124   4.6584E+04  3.1881E+03  5.0483E+03
0000125   4.5857E+04 -7.4857E+02  2.2188E+03
0000126   4.4536E+04  6.8297E+02 -3.1291E+03
0000127   4.5462E+04 -2.1904E+02 -2.9626E+03
0000128   4.7125E+04 -1.0456E+03 -1.0218E+03
0000129   4.5840E+04  3.9107E+03  2.5114E+03
0000130   4.5573E+04 -1.1358E+03 -2.0391E+03
0000131   4.5936E+04  1.6881E+03  6.4803E+02
0000132   4.3980E+04 -7.1424E+03  2.1666E+03
0000133   4.6133E+04 -2.6043E+03 -5.2636E+02
0000134   4.5600E+04  5.3864E+02 -2.0420E+03
0000135   4.4869E+04  8.4568E+02 -4.1985E+02
0000136   4.6568E+04 -6.2480E+02 -3.2132E+02
0000137   4.6386E+04 -1.5346E+03 -2.4417E+03
0000138   4.3924E+04  2.8613E+01 -1.9620E+02
0000139   4.5493E+04 -8.4995E+02 -4.0691E+03
0000140   3.1819E+04 -2.2709E+03 -8.1984E+03
0000141   4.7325E+04  2.2084E+03 -1.4897E+03
0000142   4.3901E+04 -5.2104E+02  2.1996E+03
0000143   4.4156E+04 -2.3859E+03  5.3134E+03
0000144   4.5075E+04 -2.3274E+03 -3.3082E+03
0000145   4.3883E+04  1.8445E+03  4.3228E+02
0000146   4.4435E+04 -2.0334E+03  3.0650E+03
0000147   4.5171E+04 -2.0719E+03  1.0687E+02
0000148   4.4283E+04 -2.7353E+03 -1.6031E+03
0000149   4.4578E+04 -1.3491E+01  2.1768E+03
0000150   4.5894E+04 -2.3193E+03  5.9495E+02
0000151   4.4553E+04  6.4446E+02  7.4435E+02
0000152   4.5362E+04  4.7846E+03  2.2539E+01
0000153   4.3715E+04  4.3491E+03  4.1121E+02
0000154   4.4094E+04 -2.8443E+02 -1.7837E+02
0000155   4.5728E+04 -3.0390E+03  7.4517E+01
0000156   4.6900E+04 -2.5971E+00  2.9612E+03
0000157   4.4978E+04 -2.0521E+03 -2.2457E+02
0000158   3.5948E+04  2.4249E+04  1.4377E+04
0000159   4.3976E+04  2.5980E+03  2.2907E+03
0000160   4.6402E+04 -1.1835E+03 -1.9319E+03
0000161   4.5321E+04 -6.4099E+02  8.2674E+02
0000162   4.4285E+04 -3.3074E+03 -1.5521E+03
0000163   4.5774E+04  9.2955E+02  4.5437E+02
0000164   4.6932E+04 -3.0895E+03 -1.5766E+03
0000165   4.3251E+04 -1.9902E+03  2.6792E+03
0000166   4.7056E+04 -1.9608E+03 -1.8721E+02
0000167   4.5165E+04  1.4553E+03 -2.5958E+03
0000168   4.4476E+04 -8.3530E+02  2.6599E+03
0000169   4.5119E+04 -9.4368E+02 -5.6052E+03
0000170   4.4975E+04 -4.2239E+03  4.6274E+03
0000171   4.5530E+04  2.6037E+03  3.4129E+03
0000172   4.4129E+04 -2.9203E+03  2.6299E+03
0000173   4.4019E+04 -5.3650E+03 -2.1343E+03
0000174   4.4729E+04  2.9196E+03 -1.0261E+03
0000175   4.5423E+04 -1.0367E+03 -3.4735E+03
0000176   4.4744E+04 -2.5609E+03  8.0707E+00
0000177   4.4782E+04 -1.0115E+02 -2.3564E+03
0000178   4.5288E+04  1.6213E+03 -3.3870E+03
0000179   4.5853E+04  1.4249E+03  2.7354E+02
0000180   4.6769E+04  4.1539E+03 -6.4565E+02
0000181   4.5872E+04 -2.9260E+03 -1.9194E+03
0000182   4.8991E+04 -9.7017E+02 -4.7569E+03
0000183   4.7474E+04  1.7585E+03 -2.3836E+03
0000184   4.5354E+04  1.7021E+03 -1.5522E+03
0000185   4.4954E+04 -3.9016E+03 -2.3115E+03
0000186   4.5643E+04 -9.7921E+02  9.0035E+00
0000187   4.4978E+04  1.3021E+02  4.1377E+02
0000188   4.6541E+04 -3.9053E+03 -1.9713E+03
0000189   4.4623E+04  4.1844E+03  3.2069E+03
0000190   4.5592E+04 -5.0103E+02 -1.5815E+03
0000191   4.3415E+04 -2.8092E+03  4.5800E+03
0000192   4.1731E+04 -1.1754E+03 -6.7687E+03
0000193   4.3410E+04  5.4184E+03  1.0664E+04
0000194   4.3448E+04  2.1104E+03  2.6158E+03
0000195   4.5481E+04  1.2948E+03  1.9191E+03
0000196   4.6230E+04 -1.8417E+03 -3.8573E+02
0000197   4.5327E+04 -1.5179E+03  2.4901E+02
0000198   4.7152E+04  4.8595E+02 -4.3775E+02
0000199   4.5895E+04 -7.7261E+02 -7.7519E+01
0000200   4.4394E+04  2.7664E+02  9.8540E+02
0000201   4.4621E+04 -1.1296E+03 -1.0410E+03
0000202   4.5731E+04  3.9753E+02  1.1289E+03
0000203   4.7923E+04  3.0511E+03 -5.9957E+02
0000204   4.5092E+04 -2.3438E+03  3.5026E+03
0000205   4.4554E+04  5.1376E+03  2.2866E+03
0000206   4.7194E+04 -3.7864E+02  3.4134E+03
0000207   4.6356E+04 -3.8401E+02  4.0767E+01
0000208   4.5019E+04  3.0635E+03 -7.0239E+02
0000209   4.6301E+04 -5.7882E+02  4.3667E+02
0000210   4.3032E+04 -4.3264E+02  1.9612E+03
0000211   4.4261E+04  4.2053E+03 -3.0558E+02
0000212   4.4474E+04  2.8654E+03 -1.8957E+02
0000213   4.3730E+04  9.8577E+02 -5.7801E+03
0000214   4.6751E+04  2.8786E+03 -3.1343E+03
0000215   4.2000E+04  3.8796E+03 -3.3352E+03
0000216   4.4562E+04  2.0760E+03  2.6938E+03
0000217   4.6500E+04 -5.9154E+02  2.1399E+03
0000218   4.6866E+04  1.9721E+03  1.3449E+01
0000219   4.6379E+04  4.5366E+03 -3.5009E+02
0000220   4.5732E+04  9.9497E+02  2.0168E+02
0000221   4.4863E+04 -8.2443E+02 -4.7608E+01
0000222   4.5916E+04 -3.8160E+02 -1.4208E+03
0000223   4.5725E+04 -1.8546E+03  4.2459E+00
0000224   4.7085E+04  3.2360E+03 -2.8335E+03
0000225   4.6962E+04  1.9943E+03  1.7487E+03
0000226   4.4907E+04 -1.1261E+03 -4.6018E+03
0000227   4.5692E+04 -4.4949E+03 -2.0164E+03
0000228   4.4393E+04 -2.7672E+03  6.2410E+02
0000229   4.5595E+04  2.1014E+03  2.7156E+02
0000230   4.8793E+04 -2.4566E+03 -1.6232E+03
0000231   3.8108E+04 -1.2462E+04 -7.4485E+03
0000232   4.4905E+04  1.8957E+03  1.5213E+03
0000233   4.6566E+04 -3.8324E+03  5.9810E+03
0000234   4.5201E+04 -4.3634E+03 -2.8926E+01
0000235   4.4410E+04 -5.3072E+03  3.6869E+03
0000236   4.5792E+04 -6.9640E+02  2.0810E+02
0000237   4.6754E+04 -4.3877E+03  2.3309E+03
0000238   4.4689E+04  6.6474E+02  8.2892E+02
0000239   4.5070E+04  1.6019E+03  2.1345E+03
0000240   4.5404E+04  4.1265E+03  1.7028E+03
0000241   4.6727E+04 -9.7117E+02  2.4346E+03
0000242   4.6989E+04  1.3116E+03  1.4930E+03
0000243   4.4486E+04 -3.2146E+02  4.2733E+01
0000244   4.5254E+04 -5.6216E+03  2.5048E+03
0000245   4.4299E+04 -6.6505E+02 -2.8093E+03
0000246   4.5131E+04  4.6237E+03  7.7681E+02
0000247   4.6081E+04  4.4910E+02  7.6873E+02
0000248   4.5465E+04 -5.8169E+03 -3.2067E+03
0000249   4.5123E+04 -9.4670E+02  1.2412E+03
0000250   4.4062E+04 -1.2884E+03 -1.5512E+03
0000251   4.3533E+04  8.7465E+02  8.5643E+03
0000252   4.4346E+04  1.5188E+03  2.3715E+03
0000253   4.5171E+04 -1.7358E+03 -6.1661E+02
0000254   4.5766E+04 -2.1657E+03  1.0444E+02
0000255   4.3479E+04  2.6957E+03 -1.6081E+03
0000256   4.5497E+04 -4.7100E+03 -6.8990E+02
0000257   4.5452E+04  5.0908E+03 -2.2190E+03
0000258   4.5749E+04 -1.8992E+03 -1.9055E+02
0000259   4.7020E+04 -2.5793E+03 -5.4822E+02
0000260   4.5358E+04  2.8818E+03  5.0367E+02
0000261   4.3654E+04  2.0200E+02  4.7462E+03
0000262   4.5089E+04  1.0264E+03 -6.4235E+02
0000263   4.7231E+04  2.7582E+03 -1.3832E+03
0000264   4.4865E+04  1.2561E+03  2.6369E+03
0000265   4.3066E+04 -2.1366E+02  7.6374E+03
0000266   4.3372E+04 -2.4560E+03 -9.5355E+02
0000267   4.5311E+04  1.2231E+03 -4.6818E+02
0000268   4.5521E+04  8.9838E+01  3.7477E+02
0000269   4.4898E+04  2.2385E+02 -1.7795E+03
0000270   4.5631E+04  1.6838E+03 -1.1644E+02
0000271   4.3788E+04  1.3523E+03 -9.9233E+01
0000272   4.6336E+04  2.8934E+03 -3.3096E+03
0000273   4.5199E+04  2.0420E+03 -5.3175E+02
0000274   4.5351E+04 -8.4264E+02 -2.3889E+03
0000275   4.2929E+04  2.4311E+03  5.7894E+02
0000276   4.6878E+04 -6.7906E+02  1.5251E+03
0000277   4.2380E+04  1.5514E+03 -7.0709E+02
0000278   4.6050E+04  2.1291E+02  4.9010E+03
0000279   4.6128E+04  9.8152E-03 -1.8509E+03
0000280   4.5750E+04  4.2753E+03 -9.2583E+02
0000281   4.4761E+04 -1.4473E+03 -3.1147E+03
0000282   4.6993E+04 -1.3429E+03 -1.6191E+02
0000283   4.6642E+04  2.9607E+02 -2.4948E+03
0000284   4.4024E+04  4.8594E+03  1.5697E+03
0000285   4.3260E+04 -2.6285E+03  1.7513E+03
0000286   4.6333E+04  2.0362E+03 -1.3874E+03
0000287   4.5206E+04 -7.4661E+02 -4.2950E+03
0000288   4.5206E+04  3.0908E+03  4.2335E+03
0000289   4.3292E+04 -1.8098E+03 -2.3744E+02
0000290   4.6351E+04 -1.4541E+03  3.2432E+02
0000291   4.6744E+04 -2.1675E+03 -1.6670E+03
0000292   4.5496E+04 -1.5031E+03  1.8287E+02
0000293   4.5164E+04 -4.8355E+02 -3.6261E+01
0000294   4.6190E+04  1.7148E+03  2.1932E+03
0000295   4.5705E+04  4.4311E+03  5.2754E+02
0000296   4.5266E+04 -4.8396E+03 -3.5896E+02
0000297   4.3211E+04  1.5829E+04  7.6166E+03
0000298   4.4767E+04 -7.0384E+02  1.0301E+03
0000299   4.2469E+04  3.7889E+03  4.3805E+02
0000300   4.6306E+04  1.8633E+03  2.1504E+03
0000301   4.4854E+04 -1.1697E+03  2.3487E+03
0000302   4.4581E+04 -5.6716E+02  7.6254E+02
0000303   4.5380E+04  2.4539E+02  1.5336E+02
0000304   4.4291E+04  1.5038E+02  3.9070E+03
0000305   4.2129E+04 -3.2808E+03  4.5157E+02
0000306   4.3782E+04 -2.6377E+03 -1.1266E+03
0000307   4.4753E+04 -3.3480E+03 -2.6259E+03
0000308   4.6641E+04 -1.6178E+03 -9.5319E+02
0000309   4.8503E+04 -3.9080E+03 -2.6318E+02
0000310   4.3239E+04 -6.1748E+03 -2.1225E+03
0000311   4.4972E+04  3.4687E+03 -1.0450E+03
0000312   4.6974E+04  2.1322E+03  5.4406E+01
0000313   4.6374E+04  1.3637E+02  1.3297E+03
0000314   4.5154E+04  8.7006E+03 -1.4212E+03
0000315   4.6323E+04 -9.0654E+03  2.1475E+03
0000316   4.6038E+04 -7.7078E+03  1.8485E+03
0000317   4.4774E+04  2.7900E+03  2.0707E+03
0000318   4.8870E+04  1.1752E+03 -1.2528E+03
0000319   4.4625E+04  1.5301E+03  3.0620E+03
0000320   4.3078E+04 -1.3833E+03 -5.2091E+03
0000321   4.6459E+04 -1.0887E+03 -7.5079E+02
0000322   4.7199E+04  3.5873E+03 -3.1659E+02
0000323   4.6319E+04  3.0296E+03 -1.1262E+03
0000324   4.6898E+04 -1.6058E+03  2.5027E+02
0000325   4.3684E+04  1.6422E+03 -2.6734E+03
0000326   4.5776E+04 -3.2033E+03  3.7878E+03
0000327   4.5370E+04 -2.8671E+02  1.3256E+03
0000328   4.7944E+04  1.5857E+03 -1.7173E+03
0000329   4.6198E+04  3.3491E+01  2.5336E+02
0000330   4.5884E+04 -2.7915E+03  1.4138E+03
0000331   4.5602E+04 -1.6717E+03 -8.7601E+02
0000332   4.6282E+04 -3.3685E+03 -5.3919E+02
0000333   4.5859E+04  2.9497E+03 -8.0658E+03
0000334   4.4199E+04 -1.7191E+03 -3.0349E+03
0000335   4.5575E+04  3.3577E+03  1.8638E+03
0000336   4.5972E+04  5.9452E+02 -2.6520E+02
0000337   4.5365E+04  1.0199E+03 -4.4430E+02
0000338   4.4830E+04 -4.6290E+03 -2.2629E+03
0000339   4.5502E+04 -1.0629E+03  7.0035E+02
0000340   4.7708E+04  6.3100E+02 -3.4931E+03
0000341   4.6723E+04  3.2572E+02  3.9808E+02
0000342   4.2614E+04  5.4199E+03  4.0685E+03
0000343   4.4395E+04  7.6961E+02 -2.7937E+03
0000344   4.2910E+04 -7.9157E+03 -9.0575E+03
0000345   4.6117E+04  2.5140E+03 -1.7340E+03
0000346   4.4504E+04 -3.1674E+03 -6.7865E+02
0000347   4.8319E+04 -3.3551E+02 -1.1776E+03
0000348   4.5969E+04 -5.8110E+02 -2.4513E+03
0000349   4.4206E+04 -1.0362E+03  1.5744E+03
0000350   4.6471E+04 -8.5623E+02 -3.5476E+02
0000351   4.7909E+04 -3.8331E+02 -1.5185E+03
0000352   4.4919E+04 -1.7409E+03  3.4457E+03
0000353   4.2222E+04 -2.0521E+03 -3.1631E+03
0000354   4.6445E+04  1.5288E+03 -1.8830E+03
0000355   4.2016E+04 -3.8169E+03  7.6762E+03
0000356   4.5757E+04  1.6733E+03  2.6954E+03
0000357   4.8839E+04 -4.4755E+03  5.4004E+02
0000358   4.4564E+04  3.9206E+03  1.2909E+03
0000359   4.4292E+04 -3.5027E+03  1.6087E+03
0000360   4.7375E+04 -8.9374E+01  2.1872E+03
0000361   4.3945E+04  3.4366E+03 -1.9203E+03
0000362   4.4289E+04 -1.5727E+03  1.0011E+02
0000363   4.7335E+04 -3.6079E+03  1.5636E+03
0000364   4.4906E+04 -4.2023E+03  8.2714E+01
0000365   4.5398E+04 -2.0183E+03 -3.9151E+03
0000366   4.7299E+04  8.7500E+02  1.1549E+03
0000367   3.7582E+04 -2.4159E+03 -3.1854E+03
0000368   4.3317E+04  1.5654E+03  2.3823E+03
0000369   4.5249E+04 -2.7105E+03  3.0052E+03
0000370   4.5686E+04  4.5663E+03 -2.7061E+03
0000371   4.3762E+04 -2.0897E+03  4.4155E+02
0000372   4.4929E+04  2.0883E+03  4.3196E+03
0000373   4.5251E+04  1.8210E+03  6.7266E+02
0000374   4.5850E+04 -2.6098E+03  4.2719E+03
0000375   2.3725E+04  1.5943E+04 -1.6674E+04
0000376   4.5866E+04  1.1795E+03 -1.4660E+03
0000377   4.4971E+04 -2.6492E+02 -1.5383E+03
0000378   4.5193E+04  2.4047E+03  6.9778E+02
0000379   4.3081E+04  1.6025E+03  5.2779E+03
0000380   4.4516E+04  7.6426E+03 -2.6157E+03
0000381   4.6804E+04  1.8516E+03 -1.1624E+03
0000382   4.7625E+04  2.7053E+03  2.7326E+03
0000383   4.6121E+04  4.0619E+02  3.6795E+00
0000384   4.5887E+04 -2.8891E+03 -8.1449E+02
0000385   4.6391E+04 -1.4868E+03  1.5196E+03
0000386   4.6300E+04  9.7469E+01  1.6158E+03
0000387   4.7495E+04  2.7484E+03  1.4858E+03
0000388   4.6830E+04  4.2514E+02 -4.4487E+03
0000389   4.5229E+04 -2.4184E+03  1.9692E+03
0000390   4.5716E+04  4.7217E+03  3.3945E+03
0000391   4.5463E+04 -1.6938E+02 -2.1690E+03
0000392   4.4023E+04 -5.8294E+02  1.5795E+03
0000393   4.7203E+04  8.8642E+02  7.3635E+02
0000394   4.2485E+04 -3.3777E+03  5.8858E+03
0000395   4.5897E+04 -3.4898E+03 -1.4532E+03
0000396   4.5822E+04  1.3859E+03 -1.6203E+03
0000397   4.6259E+04  7.7858E+02  1.3600E+03
0000398   4.6736E+04 -5.0576E+02 -3.4528E+03
0000399   4.6183E+04 -7.3639E+03  1.3324E+01
0000400   4.4711E+04  1.1162E+02 -3.2109E+03
0000401   4.3090E+04 -1.8865E+02 -2.5701E+03
0000402   4.3446E+04 -1.5996E+03 -5.0704E+03
0000403   4.7570E+04 -1.9827E+03 -4.9087E+03
0000404   4.5465E+04  2.3055E+02  9.9351E+01
0000405   4.3771E+04 -5.5002E+02 -5.2432E+03
0000406   4.3680E+04  1.9660E+03 -7.0065E+03
0000407   4.4934E+04 -1.1646E+03 -1.3551E+03
0000408   4.3845E+04  2.9759E+03 -2.8075E+03
0000409   4.6605E+04 -1.4715E+03  1.5124E+03
0000410   4.6058E+04 -1.2443E+03  6.8354E+02
0000411   4.5148E+04 -1.9279E+03  7.5500E+03
0000412   4.4522E+04  1.2014E+03  1.7916E+03
0000413   4.6487E+04  6.9620E+02 -1.4296E+03
0000414   4.4496E+04 -1.4447E+03  1.0114E+03
0000415   4.8352E+04  2.1683E+03 -6.9023E+02
0000416   4.6863E+04  1.3898E+03  1.1295E+03
0000417   4.4262E+04  2.9849E+03 -2.3797E+02
0000418   4.4854E+04  2.6993E+03 -6.0105E+02
0000419   4.4981E+04  1.6966E+03 -2.1049E+03
0000420   4.4857E+04 -2.5340E+03 -7.7276E+02
0000421   4.3456E+04 -2.3962E+03  1.0623E+03
0000422   4.7651E+04 -1.8966E+03 -1.6144E+03
0000423   4.5795E+04 -1.1796E+03  2.0532E+03
0000424   4.6654E+04  8.0569E+03  3.5825E+02
0000425   4.3351E+04 -3.2441E+02 -1.1339E+02
0000426   4.5221E+04  1.4990E+03 -4.3711E+02
0000427   4.3049E+04  2.8952E+02 -7.5994E+02
0000428   4.4868E+04  3.9889E+03  3.8224E+03
0000429   4.5263E+04  2.2384E+03 -2.0685E+03
0000430   4.6106E+04 -1.5149E+03 -1.0694E+03
0000431   4.6848E+04  8.1069E+02 -9.8357E+02
0000432   4.6388E+04  1.5414E+03  6.8059E+02
0000433   4.4847E+04  2.2745E+02  2.5364E+03
0000434   4.6412E+04  1.0383E+03  3.9592E+03
0000435   4.5127E+04  4.2583E+03  2.0554E+02
0000436   4.4611E+04  7.5869E+03 -8.2722E+03
0000437   4.5257E+04 -1.3773E+03 -1.2010E+03
0000438   4.5593E+04 -3.6872E+03  1.9599E+03
0000439   4.4703E+04  3.7354E+03 -4.7272E+03
0000440   4.5077E+04 -3.3993E+03 -6.5607E+02
0000441   4.4485E+04  1.0226E+03  4.9778E+02
0000442   4.4848E+04 -7.6872E+02  6.2687E+03
0000443   4.5103E+04 -3.2725E+03 -1.2771E+01
0000444   4.4933E+04  2.3125E+03 -1.8657E+03
0000445   4.4887E+04 -9.6918E+02 -8.3692E+02
0000446   4.4452E+04 -1.9607E+03  1.6155E+03
0000447   4.5382E+04 -3.0173E+03  1.0664E+02
0000448   4.5596E+04 -1.5215E+03  2.6940E+03
0000449   4.5423E+04 -2.5240E+02 -5.2186E+03
0000450   4.7527E+04 -9.5880E+02  1.6989E+03
0000451   4.2969E+04 -6.2790E+03 -1.7724E+03
0000452   4.5488E+04  2.7591E+03  1.0873E+03
0000453   4.5519E+04 -2.2957E+03  1.9868E+03
0000454   4.5510E+04  5.4249E+02  2.4554E+03
0000455   4.6120E+04  1.7923E+02  2.3740E+03
0000456   4.6711E+04 -1.7609E+03 -2.9995E+03
0000457   4.6155E+04  4.4140E+03 -2.0067E+03
0000458   4.5139E+04 -4.8749E+02 -1.0736E+03
0000459   2.4551E+04 -1.7021E+04  5.2217E+03
0000460   4.3833E+04  4.7815E+03  2.5687E+02
0000461   4.6881E+04  1.6728E+03  3.1958E+02
0000462   4.3505E+04  1.5931E+03  1.3672E+03
0000463   4.7573E+04  4.0222E+03  2.1079E+03
0000464   4.5272E+04 -4.7157E+03  1.8501E+03
0000465   4.3500E+04 -6.3911E+03 -3.3814E+03
0000466   4.3378E+04 -3.6842E+03  1.2027E+03
0000467   4.7698E+04  2.7622E+03  3.0044E+02
0000468   4.4668E+04 -5.8853E+02  1.2032E+03
0000469   4.3839E+04  2.2120E+03 -3.5637E+03
0000470   4.5729E+04 -5.3826E+03  1.2030E+03
0000471   4.5458E+04 -4.6955E+02 -2.5054E+03
0000472   4.3137E+04 -1.3185E+03 -2.6184E+03
0000473   4.5710E+04  8.4879E+02 -1.1940E+03
0000474   4.4942E+04  1.8967E+03 -1.7411E+03
0000475   4.6142E+04 -1.3621E+02  1.1840E+03
0000476   4.5828E+04  1.0035E+03 -2.2361E+03
0000477   4.6655E+04 -1.8042E+03  3.6204E+03
0000478   4.7185E+04 -3.4607E+03  2.3984E+02
0000479   4.6646E+04  4.0155E+02 -9.6022E+02
0000480   4.4159E+04 -9.5605E+02 -1.0888E+03
0000481   4.4420E+04  3.4581E+03 -1.0023E+03
0000482   4.6855E+04 -7.6604E+02 -1.1794E+03
0000483   4.2995E+04  5.5337E+02  6.3712E+02
0000484   4.6518E+04 -2.6427E+03 -4.6129E+03
0000485   4.4201E+04  4.6428E+03  4.1471E+03
0000486   4.4905E+04  3.2211E+03  3.9848E+03
0000487   4.3309E+04 -2.8676E+03  1.5119E+03
0000488   4.3366E+04  2.1010E+03  5.5405E+02
0000489   4.2151E+04  5.6005E+03  1.5393E+03
0000490   4.6288E+04  2.5427E+03 -4.4939E+03
0000491   4.4355E+04 -7.4812E+03 -1.6562E+03
0000492   4.8042E+04 -1.6882E+02  1.9089E+03
0000493   4.4784E+04 -2.1060E+02  2.4582E+03
0000494   4.4947E+04  4.7236E+02 -6.4634E+02
0000495   4.7601E+04 -1.0521E+03 -3.3363E+03
0000496   4.5414E+04  6.9030E+03 -2.7374E+03
0000497   4.5072E+04 -8.3307E+02 -4.9773E+03
0000498   4.4859E+04  4.3948E+02  1.2220E+03
0000499   4.4248E+04  7.8427E+03  1.2009E+03
0000500   4.6089E+04 -2.1298E+03 -3.2493E+03
0000501   4.7318E+04  3.5537E+03  1.8539E+03
0000502   4.4401E+04  4.4478E+01 -1.0962E+03
0000503   4.3139E+04  3.2361E+02 -4.1615E+02
0000504   4.5458E+04 -1.3329E+03 -3.2714E+02
0000505   4.5294E+04 -2.2327E+03  2.4754E+03
0000506   4.6496E+04 -1.0288E+03  1.6148E+03
0000507   4.5871E+04 -1.8173E+03 -5.5563E+03
0000508   4.5700E+04  1.0077E+02  2.2611E+03
0000509   4.3723E+04 -4.1089E+03 -1.6798E+02
0000510   4.2351E+04 -3.2829E+03  5.3620E+03
0000511   4.5411E+04 -1.1639E+03  1.0773E+04
0000512   4.6806E+04  2.4102E+03 -1.1452E+03
0000513   4.5094E+04  2.1485E+03 -2.9276E+02
0000514   4.3720E+04 -1.5946E+03 -2.1464E+03
0000515   4.9137E+04  2.2959E+03  2.8953E+03
0000516   4.5079E+04  3.8956E+03 -3.2810E+03
0000517   4.5079E+04  3.4544E+01  1.1588E+03
0000518   4.7919E+04 -1.0054E+03  4.6810E+02
0000519   4.4278E+04  1.8729E+03 -2.8666E+03
0000520   4.5908E+04  2.9854E+03  1.4849E+03
0000521   4.4450E+04 -2.8222E+02  3.3299E+03
0000522   4.5956E+04 -1.6261E+03 -1.7970E+03
0000523   4.4988E+04  1.1265E+02 -5.8500E+02
0000524   4.5336E+04 -1.6003E+03 -5.7769E+03
0000525   4.4203E+04 -2.4521E+03 -4.0494E+03
0000526   4.4501E+04  2.5984E+03 -1.0623E+03
0000527   4.3922E+04  3.3820E+03 -3.1893E+03
0000528   4.5402E+04  1.6544E+03 -2.4275E+03
0000529   4.6505E+04 -4.1967E+03 -5.3631E+01
0000530   4.7665E+04 -3.0931E+03  1.2588E+03
0000531   4.4713E+04 -4.9294E+03  3.0029E+03
0000532   4.7087E+04  3.6553E+03 -1.6015E+03
0000533   4.4970E+04  9.3363E+02  3.3312E+03
0000534   4.4665E+04 -3.2669E+03 -7.1393E+02
0000535   4.4746E+04 -2.3969E+03  2.5650E+03
0000536   4.7244E+04 -2.8653E+03 -1.4943E+03
0000537   4.3311E+04 -4.0858E+03  4.2208E+02
0000538   4.2733E+04 -1.4882E+03  1.4960E+03
0000539   4.3978E+04 -1.1007E+03 -4.8884E+03
0000540   4.4372E+04  3.4322E+03  2.6410E+03
0000541   4.6086E+04  1.9871E+03 -4.5698E+03
0000542   4.5018E+04  1.1783E+03  7.4828E+02
0000543   4.4684E+04 -2.9163E+03 -1.5731E+03
0000544   4.4992E+04 -2.2956E+03  2.7384E+03
0000545   4.5557E+04  6.8048E+02 -1.9123E+03
0000546   4.3419E+04  2.6162E+02 -2.0937E+03
0000547   4.5052E+04 -1.2055E+03  1.3100E+03
0000548   4.5842E+04 -7.9939E+02  3.1846E+03
0000549   4.1804E+04  7.2072E+03  1.8338E+03
0000550   4.5936E+04 -1.7442E+03 -8.8406E+02
0000551   4.4569E+04  5.3427E+03  1.1270E+02
0000552   4.7865E+04 -1.2738E+03  3.1048E+03
0000553   4.5205E+04  2.3136E+03  1.1037E+03
0000554   4.7210E+04 -4.1352E+02 -1.1177E+03
0000555   4.4828E+04  1.0852E+03 -2.4574E+03
0000556   3.7889E+04  4.2151E+03  1.2188E+04
0000557   4.6534E+04  8.5806E+02 -6.0379E+02
0000558   4.6313E+04 -3.1030E+03 -6.8431E+02
0000559   4.3786E+04 -1.3582E+03  7.2122E+01
0000560   4.4931E+04  5.0888E+03 -3.7536E+02
0000561   4.4334E+04  3.7497E+03 -5.8532E+02
0000562   4.3283E+04 -3.0446E+03 -6.1345E+01
0000563   4.5460E+04  5.9445E+02 -2.6893E+03
0000564   4.5858E+04 -3.3005E+03 -3.0624E+01
0000565   4.7075E+04 -4.6514E+01  9.0965E+02
0000566   4.5129E+04 -4.3442E+03 -1.6557E+03
0000567   4.4424E+04 -4.9819E+03 -1.2448E+03
0000568   4.4058E+04  2.6501E+03  1.1462E+03
0000569   4.7874E+04  1.7841E+03  2.3379E+02
0000570   4.7950E+04  1.1543E+03 -3.8184E+02
0000571   4.4049E+04 -3.2670E+03  3.7860E+03
0000572   4.3421E+04  3.0186E+03 -3.7739E+03
0000573   4.7719E+04 -3.5247E+03  6.7002E+02
0000574   4.5877E+04 -2.0955E+03 -2.7220E+03
0000575   4.6275E+04  8.2222E+02 -2.0989E+03
0000576   4.4284E+04 -1.7124E+03  1.2932E+03
0000577   4.6242E+04  1.2413E+03  1.0360E+03
0000578   4.5525E+04 -1.4437E+03  2.0601E+03
0000579   4.5765E+04  2.9718E+03  4.7934E+03
0000580   4.5133E+04 -7.3371E+02  9.4235E+02
0000581   4.6889E+04  2.4652E+03  2.8253E+03
0000582   4.1210E+04 -7.0885E+02 -7.0471E+03
0000583   4.5694E+04  1.5708E+03  4.2531E+03
0000584   4.7025E+04  6.1479E+02 -3.5568E+02
0000585   4.4523E+04  3.6742E+03  1.4135E+03
0000586   4.4386E+04  2.3558E+02 -3.5563E+02
0000587   4.3072E+04 -5.2014E+03  1.3217E+03
0000588   4.5638E+04  9.4878E+02  3.5569E+02
0000589   4.3679E+04  2.5908E+03 -3.7239E+03
0000590   3.9977E+04 -4.3166E+03 -1.2364E+04
0000591   4.2710E+04 -7.0386E+03 -2.5830E+03
0000592   4.3871E+04  3.6080E+03 -3.7915E+03
0000593   4.4872E+04  3.6165E+02 -5.9051E+02
0000594   4.6713E+04  9.3280E+02 -2.8134E+03
0000595   4.6883E+04  4.8731E+02  3.3611E+03
0000596   4.4382E+04  2.4493E+03  3.5596E+03
0000597   4.5842E+04  2.1526E+03 -1.7556E+03
0000598   4.6496E+04  3.6045E+03  4.0461E+03
0000599   4.6242E+04 -1.3373E+03  2.2831E+03
0000600   4.8408E+04 -3.1177E+03  7.5100E+02
0000601   4.3161E+04  4.9142E+03  3.0929E+03
0000602   4.3406E+04  2.3100E+03  9.5845E+03
0000603   4.3307E+04 -3.6032E+03  3.4458E+02
0000604   4.0751E+04  2.5970E+03 -1.5148E+02
0000605   4.6128E+04  1.1866E+03 -9.4758E+02
0000606   4.5916E+04 -1.3406E+03  2.9852E+02
0000607   4.4283E+04  1.6903E+03 -1.3766E+03
0000608   4.5192E+04 -9.0118E+02 -1.0686E+03
0000609   4.4824E+04 -8.1702E+02  2.9086E+03
0000610   4.5581E+04  1.3729E+02 -1.0741E+03
0000611   4.5560E+04 -1.5050E+03  1.1747E+03
0000612   4.4288E+04 -1.2739E+03  1.4445E+03
0000613   4.5359E+04 -2.8198E+03  1.8867E+03
0000614   4.5038E+04 -8.7342E+02  6.6284E+02
0000615   4.5334E+04  6.9989E+02  1.6474E+03
0000616   4.5198E+04 -3.3059E+03  3.6590E+03
0000617   4.5072E+04 -1.4946E+03 -2.5901E+03
0000618   4.6244E+04 -1.4832E+03 -4.9756E+03
0000619   4.6677E+04 -1.7589E+03 -3.2838E+03
0000620   4.4526E+04  3.2449E+03  9.9877E+01
0000621   4.5889E+04 -5.7555E+02 -2.1098E+03
0000622   4.3403E+04 -9.9636E+02  9.4356E+02
0000623   4.4120E+04 -6.8455E+02  9.9225E+01
0000624   4.5510E+04  3.6142E+02 -1.0811E+03
0000625   4.4819E+04  4.6640E+02  1.3189E+03
0000626   4.7272E+04 -1.5709E+03  1.8194E+03
0000627   4.3412E+04  5.8379E+02 -2.9317E+03
0000628   4.6452E+04 -1.4673E+03  1.0988E+03
0000629   4.5039E+04 -3.2390E+03 -3.4974E+03
0000630   4.2518E+04 -9.1677E+03 -4.1227E+03
0000631   4.5355E+04  1.5594E+03 -6.8671E+03
0000632   4.4648E+04 -3.5521E+03 -3.3476E+03
0000633   4.5554E+04 -7.2132E+02  1.3810E+02
0000634   4.6559E+04  3.9662E+03 -1.2191E+03
0000635   4.6351E+04  8.8375E+02 -1.3778E+03
0000636   4.4993E+04  1.7261E+03  2.7006E+03
0000637   4.5739E+04 -6.2722E+02 -5.8685E+02
0000638   4.6036E+04  4.1671E+02  2.6822E+03
0000639   4.5602E+04 -6.9305E+03  3.0831E+03
0000640   4.4268E+04 -3.1195E+03 -2.8814E+03
0000641   4.5794E+04 -5.4878E+02 -1.1341E+03
0000642   4.8174E+04  1.1601E+03 -7.7934E+01
0000643   4.5331E+04  2.7148E+03 -2.2803E+03
0000644   4.5279E+04 -3.0590E+03 -2.1209E+03
0000645   4.4896E+04  4.0940E+03 -6.1300E+01
0000646   4.6629E+04  6.9402E+02  5.4506E+03
0000647   4.6862E+04  8.7704E+02 -6.3561E+02
0000648   4.5182E+04 -1.1202E+03  3.9425E+03
0000649   4.3890E+04 -6.4798E+02  5.5619E+03
0000650   4.5758E+04  8.1955E+02 -2.3236E+03
0000651   4.6532E+04  1.8019E+03 -1.4565E+03
0000652   4.5738E+04 -3.0707E+03  3.2859E+02
0000653   4.5802E+04 -1.3715E+03  3.2276E+03
0000654   4.5016E+04 -1.5592E+03 -3.9229E+02
0000655   4.5330E+04  1.5512E+03 -2.3579E+03
0000656   4.6418E+04  2.8459E+03 -9.9665E+02
0000657   4.4099E+04  3.6566E+03 -3.2367E+03
0000658   4.5156E+04 -3.0299E+03 -1.5577E+03
0000659   4.4106E+04  3.7240E+03  5.0580E+03
0000660   4.4883E+04 -5.8872E+02  1.0125E+02
0000661   4.4079E+04 -4.0971E+03  5.9046E+02
0000662   4.5520E+04 -1.4219E+03  1.8984E+03
0000663   4.5555E+04  3.8551E+03 -4.4653E+02
0000664   4.6182E+04 -7.3570E+02  1.6570E+03
0000665   4.4089E+04  4.2739E+03 -2.6977E+03
0000666   4.4410E+04 -3.2802E+03 -5.0537E+03
0000667   4.4789E+04  5.4057E+02 -3.5324E+02
0000668   4.5021E+04  2.9446E+03  1.0018E+04
0000669   4.4168E+04 -1.6077E+03  9.9507E+02
0000670   4.3765E+04 -1.4725E+03 -3.5255E+03
0000671   4.6221E+04 -1.9583E+03 -1.8337E+03
0000672   4.5408E+04  3.2090E+03  8.4484E+02
0000673   4.3435E+04 -4.0550E+03 -8.6293E+03
0000674   3.9104E+04  3.8349E+03  7.8845E+03
0000675   4.2760E+04 -3.2816E+03 -3.5084E+03
0000676   4.6193E+04  1.2877E+03  2.3089E+03
0000677   4.6670E+04 -4.1648E+03  2.3799E+03
0000678   4.6116E+04  6.8021E+02 -3.5938E+02
0000679   4.5616E+04  1.7109E+03  4.9878E+02
0000680   4.7421E+04 -1.6473E+03  2.0016E+03
0000681   4.5873E+04  1.8191E+03 -2.6649E+03
0000682   4.6388E+04  1.5114E+02 -2.7461E+02
0000683   4.5785E+04  7.0148E+02  5.6870E+02
0000684   4.5516E+04 -2.3951E+03 -3.1080E+03
0000685   4.1379E+04  7.9110E+03 -1.2320E+04
0000686   4.6344E+04  2.3877E+02 -3.8646E+03
0000687   4.4982E+04  1.9228E+03 -3.8049E+02
0000688   4.3297E+04  8.0328E+02 -3.3367E+03
0000689   4.5790E+04 -1.6518E+02 -6.6769E+02
0000690   4.5206E+04 -1.2549E+03 -2.0307E+03
0000691   4.6896E+04  2.4659E+03  2.4079E+03
0000692   4.3217E+04  2.9849E+03  2.5504E+03
0000693   4.3460E+04  7.1437E+02 -5.6936E+03
0000694   4.4834E+04 -3.0314E+03  1.8355E+03
0000695   4.6102E+04 -3.7713E+03 -2.5250E+03
0000696   4.6071E+04  2.0012E+03  2.2242E+03
0000697   4.2433E+04  5.3112E+02 -9.9275E+02
0000698   4.7716E+04 -5.2225E+02 -2.5674E+03
0000699   4.5278E+04 -1.7727E+02 -2.2908E+03
0000700   4.4007E+04  5.4905E+03  2.9542E+03
0000701   4.4175E+04  2.0479E+03  1.0669E+03
0000702   4.5641E+04  1.6445E+03 -1.9783E+03
0000703   4.4961E+04 -2.4455E+03 -4.5423E+03
0000704   4.5486E+04 -7.2314E+02  9.2505E+02
0000705   4.5254E+04 -3.3964E+03 -5.7043E+03
0000706   4.7195E+04 -1.3195E+03 -2.0782E+03
0000707   4.5217E+04 -1.7844E+03  2.5639E+02
0000708   4.6301E+04 -2.0030E+03 -5.8822E+01
0000709   4.5931E+04 -5.0208E+03 -1.9107E+03
0000710   4.3856E+04 -2.3049E+03 -1.0528E+03
0000711   4.3729E+04  2.1804E+02  9.1081E+03
0000712   4.6862E+04 -1.1277E+03 -6.8674E+02
0000713   4.7008E+04 -4.0288E+03  9.5089E+02
0000714   4.7151E+04 -8.4360E+02 -1.1404E+03
0000715   4.6779E+04 -3.0202E+03  6.7658E+03
0000716   4.4615E+04 -4.0931E+03 -4.4236E+03
0000717   4.4462E+04 -3.9436E+03  2.5521E+03
0000718   4.6795E+04  1.2185E+03 -1.3121E+03
0000719   4.5645E+04 -5.1692E+02 -2.1104E+03
0000720   4.6155E+04  1.0201E+03  1.2755E+03
0000721   4.5242E+04  9.6917E+02 -1.1672E+03
0000722   4.4267E+04 -2.2353E+03 -3.8997E+02
0000723   4.7088E+04  7.0286E+02  1.6831E+03
0000724   4.5247E+04  1.7101E+03  3.7037E+02
0000725   3.1733E+04 -9.5442E+03  2.1933E+04
0000726   4.4318E+04 -3.8409E+03  3.4697E+03
0000727   4.6351E+04  4.0741E+03  2.0537E+02
0000728   4.4965E+04  6.9596E+03 -3.0306E+03
0000729   4.4515E+04 -2.5459E+03 -1.9117E+03
0000730   4.5173E+04  2.0230E+03  6.8806E+03
0000731   4.3442E+04 -8.5602E+02  4.5220E+03
0000732   4.6884E+04 -5.5874E+02  5.8578E+02
0000733   4.5203E+04  4.3465E+03  2.3861E+03
0000734   4.4778E+04  3.0038E+03  1.2817E+02
0000735   4.1002E+04  7.5029E+03  1.0239E+04
0000736   4.7922E+04 -3.3235E+03  3.0462E+02
0000737   4.3808E+04 -3.6445E+03  1.1564E+03
0000738   4.4290E+04 -4.0670E+03  2.2234E+03
0000739   4.5959E+04 -1.7310E+03 -1.3638E+03
0000740   4.6606E+04 -3.1417E+03 -2.7565E+03
0000741   4.3258E+04  3.9984E+03 -1.6917E+03
0000742   4.4456E+04  2.0679E+03 -1.4304E+03
0000743   4.5480E+04 -1.2602E+03 -2.3951E+02
0000744   4.7114E+04  2.1896E+02 -9.0539E+02
0000745   4.6814E+04 -1.2158E+03  2.8464E+03
0000746   4.5128E+04 -7.5318E+02 -2.5603E+03
0000747   4.5306E+04 -6.0336E+03  6.8768E+02
0000748   4.5089E+04  1.7223E+03  2.2482E+03
0000749   2.9230E+04  4.6218E+03 -3.5714E+03
0000750   4.6527E+04  4.6236E+03  1.4218E+03
0000751   4.5726E+04 -4.2682E+03  1.5468E+02
0000752   4.5591E+04 -1.0127E+03  3.7534E+03
0000753   4.6447E+04  6.8975E+02  5.0737E+02
0000754   4.3460E+04  8.1203E+03  3.9064E+03
0000755   4.6980E+04 -3.5122E+02  1.4140E+03
0000756   4.7293E+04 -1.1788E+03 -1.5605E+03
0000757   4.4956E+04  4.5107E+03 -8.5837E+02
0000758   4.6938E+04 -1.2153E+03  3.0858E+02
0000759   4.6627E+04  2.1497E+03  6.9808E+02
0000760   4.6709E+04  1.4336E+03  1.6192E+03
0000761   4.5105E+04 -2.5878E+03  1.5946E+03
0000762   4.3561E+04  1.5599E+03  2.0263E+03
0000763   4.4935E+04 -5.1395E+03  8.1812E+03
0000764   4.4816E+04 -1.8507E+03 -2.4898E+03
0000765   4.4917E+04 -2.2713E+03 -2.9550E+03
0000766   4.2826E+04 -2.9954E+03  1.3617E+03
0000767   4.1308E+04  7.1118E+03 -1.5000E+04
0000768   4.4957E+04  2.4113E+03  5.6805E+02
0000769   4.6810E+04  2.8204E+02  1.3405E+03
0000770   4.6452E+04 -2.6399E+03 -4.1176E+03
0000771   4.6854E+04  7.4412E+02 -9.8128E+02
0000772   4.4809E+04  5.8274E+02 -4.4674E+03
0000773   4.4015E+04  1.9539E+03  3.1390E+03
0000774   4.7028E+04 -5.0950E+03 -1.8448E+03
0000775   4.4566E+04  1.5864E+02 -5.0520E+03
0000776   4.6449E+04 -5.2394E+03  1.2588E+03
0000777   4.3682E+04 -2.3572E+03 -1.5060E+03
0000778   4.4396E+04  2.4228E+02  6.5862E+02
0000779   4.5525E+04 -1.9412E+03  5.7748E+01
0000780   4.6189E+04  1.7199E+03 -2.6961E+03
0000781   4.6331E+04 -1.2441E+03 -4.6001E+02
0000782   4.6624E+04 -3.3437E+02  1.7130E+02
0000783   4.5434E+04  8.6671E+02 -6.4444E+02
0000784   4.2907E+04 -1.6036E+03  2.8634E+03
0000785   4.5524E+04  4.2380E+03 -2.6442E+03
0000786   4.7507E+04 -4.3157E+03 -4.1525E+01
0000787   4.5117E+04  2.3426E+03  3.0296E+03
0000788   4.3628E+04  2.6711E+03  1.9520E+03
0000789   4.3428E+04  1.1126E+03 -7.2738E+03
0000790   4.5565E+04 -4.7835E+03 -4.8302E+03
0000791   4.6947E+04  4.0824E+03  1.5995E+03
0000792   4.4291E+04  7.1701E+02 -8.2555E+02
0000793   4.5381E+04  8.9594E+02 -4.5202E+02
0000794   4.4834E+04  1.0357E+03 -1.0704E+03
0000795   4.4831E+04 -4.9363E+01 -2.1550E+03
0000796   4.5893E+04  1.9938E+03 -7.3114E+02
0000797   4.4666E+04  4.5642E+03  1.3953E+03
0000798   4.6899E+04  1.9748E+03 -2.1164E+03
0000799   4.4384E+04 -6.6539E+03 -3.5937E+03
0000800   4.5439E+04  1.6382E+03 -4.7209E+03
0000801   4.7038E+04  2.7387E+03 -6.6247E+01
0000802   4.7843E+04  4.4459E+03  4.0048E+02
0000803   4.5544E+04 -2.1870E+03 -1.4729E+03
0000804   4.4765E+04 -1.1845E+03 -3.1883E+03
0000805   4.7535E+04  7.7078E+02  1.2260E+03
0000806   4.8245E+04  2.2238E+03  3.4381E+03
0000807   4.4995E+04 -6.4925E+03  9.8736E+02
0000808   4.5024E+04  1.0281E+03 -7.2507E+02
0000809   4.4174E+04 -1.5765E+03 -2.0892E+03
0000810   4.3039E+04 -7.9149E+03 -3.1992E+03
0000811   4.4800E+04 -1.0271E+03 -2.0600E+03
0000812   4.6154E+04 -6.8720E+03  1.2198E+03
0000813   4.6279E+04 -1.6230E+02  2.2431E+03
0000814   4.3411E+04  4.0699E+03  2.6404E+03
0000815   4.4819E+04 -3.2704E+03  6.8142E+03
0000816   4.1676E+04  3.6568E+03  6.3049E+03
0000817   4.7144E+04 -1.5056E+03  1.5074E+03
0000818   4.4817E+04 -4.5945E+02 -1.4641E+03
0000819   4.4219E+04  7.5302E+01  2.6067E+03
0000820   4.5297E+04  2.9769E+03  7.1688E+02
0000821   4.5453E+04  2.5203E+03 -8.4202E+02
0000822   4.5379E+04  7.0652E+02 -3.6941E+03
0000823   4.3148E+04  1.2930E+03 -2.3272E+03
0000824   4.4730E+04 -1.0974E+03 -2.0834E+03
0000825   4.7630E+04  1.6478E+02  1.3792E+03
0000826   4.6300E+04 -5.9429E+02 -1.8468E+03
0000827   4.5670E+04  5.1681E+01  2.0663E+03
0000828   4.4852E+04  2.5560E+02 -1.7594E+03
0000829   4.4709E+04  3.1699E+03 -1.0197E+03
0000830   4.4188E+04 -2.7575E+03 -1.1734E+03
0000831   4.6566E+04  1.2411E+03 -8.0370E+02
0000832   4.4489E+04  6.8664E-01  2.9445E+03
0000833   4.5724E+04  3.1159E+03  2.3632E+03
0000834   4.7767E+04  1.3344E+03  3.2541E+02
0000835   4.5339E+04  2.8878E+03 -5.8573E+01
0000836   4.5078E+04 -2.4224E+03  5.2563E+02
0000837   4.4989E+04  2.7357E+02  2.1127E+03
0000838   4.6557E+04  1.2798E+03 -2.0212E+02
0000839   4.5684E+04  5.6492E+02 -4.0744E+02
0000840   4.5363E+04  2.5775E+03  2.8742E+03
0000841   4.5814E+04  3.6294E+03 -2.0659E+02
0000842   4.3821E+04  1.3308E+03 -2.0766E+03
0000843   4.4946E+04 -1.0498E+03 -1.5846E+03
0000844   4.5328E+04 -2.3027E+03  1.1671E+03
0000845   4.4146E+04 -1.6096E+02  3.1125E+03
0000846   4.3670E+04 -1.0899E+03  8.4594E+02
0000847   4.5307E+04  3.6020E+03  3.3641E+03
0000848   4.4482E+04 -3.8050E+03  3.0275E+03
0000849   4.5184E+04 -2.8939E+03 -3.4464E+02
0000850   4.1771E+04 -1.7722E+03 -3.8035E+03
0000851   4.4220E+04 -1.6389E+03 -1.7064E+03
0000852   4.5698E+04 -2.3129E+03 -3.4300E+02
0000853   4.3893E+04  2.7803E+03 -4.0653E+02
0000854   4.4491E+04 -1.2425E+03 -5.4294E+02
0000855   4.6641E+04  2.6913E+03  1.5210E+03
0000856   4.6656E+04 -5.6810E+03 -3.7246E+03
0000857   4.7062E+04  1.7597E+03  2.7795E+03
0000858   4.5551E+04  1.3319E+03  1.3967E+03
0000859   4.5882E+04 -1.4041E+03  1.7130E+03
0000860   4.4826E+04  3.5834E+03  5.9427E+03
0000861   4.1288E+04  2.4327E+03  4.7204E+03
0000862   4.5876E+04  2.3918E+03  9.4253E+02
0000863   4.5464E+04 -9.1831E+02  1.5938E+03
0000864   4.5762E+04 -8.1287E+02 -3.1365E+03
0000865   4.5531E+04 -4.4637E+01 -1.8867E+02
0000866   4.5606E+04  3.2464E+03  1.6688E+03
0000867   4.6302E+04 -5.4562E+02  4.8263E+01
0000868   4.5357E+04  3.9515E+02  7.1065E+02
0000869   4.3251E+04  4.7729E+03 -3.4394E+03
0000870   4.3707E+04  6.4697E+02 -7.0224E+02
0000871   4.5723E+04  5.9416E+03  2.6463E+03
0000872   4.6419E+04 -3.6998E+03  1.8922E+03
0000873   4.9631E+04  2.3397E+03  7.1619E+02
0000874   4.6062E+04  3.0210E+03 -3.1406E+03
0000875   4.4980E+04 -3.8975E+03  6.9697E+02
0000876   4.6186E+04 -7.0388E+03 -8.6265E+02
0000877   4.5589E+04  3.0285E+03 -2.2279E+02
0000878   4.5147E+04  5.6964E+02  5.6524E+02
0000879   4.7106E+04  1.2048E+03  2.3331E+03
0000880   4.6533E+04 -4.4973E+03 -8.0796E+02
0000881   4.5359E+04  1.3131E+03  1.9185E+02
0000882   4.4183E+04  3.6567E+03 -5.7714E+03
0000883   4.3997E+04  1.3108E+03  6.6106E+02
0000884   4.5368E+04 -1.7696E+03  3.4953E+03
0000885   4.5071E+04 -2.3182E+03 -5.9217E+03
0000886   4.5005E+04 -6.1716E+02  3.7720E+03
0000887   4.3557E+04 -3.5768E+02  9.4463E+02
0000888   4.3671E+04 -2.6819E+03 -1.7839E+03
0000889   4.4337E+04 -8.9348E+02  1.6909E+03
0000890   4.4047E+04 -3.7799E+03  2.8591E+03
0000891   4.6332E+04  6.7275E+02 -6.2972E+02
0000892   4.4248E+04 -4.9899E+03  3.0679E+03
0000893   4.4652E+04 -1.7416E+03 -1.7360E+02
0000894   4.6513E+04 -1.2052E+03 -4.9515E+02
0000895   4.4072E+04 -3.2350E+03 -3.5951E+03
0000896   4.2967E+04 -4.6016E+03 -1.1950E+03
0000897   4.5894E+04  3.7238E+02  2.2358E+03
0000898   4.4183E+04 -3.0823E+03  3.7739E+03
0000899   4.3961E+04  1.3194E+03 -1.4969E+02
0000900   4.4821E+04 -1.5349E+03 -4.4620E+03
0000901   4.6551E+04 -3.2393E+03  9.5730E+02
0000902   4.6420E+04  4.4256E+02  4.4704E+03
0000903   4.4626E+04  3.1315E+03  2.9472E+03
0000904   4.5693E+04 -6.8058E+02 -3.9421E+03
0000905   4.5299E+04  5.4678E+02  9.1592E+02
0000906   4.3538E+04 -2.2797E+03 -1.4528E+03
0000907   4.2973E+04  3.7392E+03  4.3850E+03
0000908   4.6866E+04  9.3291E+02 -2.2982E+02
0000909   4.3766E+04  1.6865E+03  1.1899E+03
0000910   4.4697E+04 -2.4113E+03  1.2336E+03
0000911   4.5619E+04  9.6421E+02 -2.3991E+03
0000912   4.4496E+04  2.5729E+03 -1.3284E+03
0000913   3.9888E+04 -2.8977E+03  4.5690E+03
0000914   4.4357E+04 -1.0677E+03 -1.8515E+03
0000915   4.4563E+04 -8.8477E+02  2.4347E+03
0000916   4.6609E+04  1.5885E+03 -1.9840E+03
0000917   4.5323E+04 -6.3426E+02 -5.4945E+03
0000918   4.5298E+04 -4.6576E+02 -3.6280E+03
0000919   4.3226E+04  2.0882E+03  4.0421E+03
0000920   4.6758E+04 -1.2023E+03  3.2547E+03
0000921   4.8129E+04 -2.5260E+03 -4.8616E+02
0000922   4.6315E+04 -5.4454E+02 -8.5863E+02
0000923   4.2668E+04 -7.2868E+03  3.4700E+03
0000924   4.5980E+04 -5.0192E+03 -1.3280E+03
0000925   4.4837E+04  3.8639E+03  9.7943E+02
0000926   4.7306E+04 -7.1988E+02  1.5144E+03
0000927   4.5080E+04 -3.2357E+03  1.7781E+03
0000928   4.5724E+04  1.7704E+03 -1.6760E+03
0000929   4.3869E+04  8.5236E+02 -2.9453E+03
0000930   4.3954E+04  1.9209E+02  1.4380E+03
0000931   4.4398E+04  3.8463E+03  2.6896E+03
0000932   4.4684E+04  6.7893E+02  2.1543E+03
0000933   4.6135E+04  1.6056E+03 -1.2083E+03
0000934   4.4996E+04  3.5901E+03  1.7683E+03
0000935   4.4567E+04 -3.5827E+03 -2.6545E+03
0000936   4.4448E+04 -4.3154E+03 -3.2863E+02
0000937   4.1390E+04  8.8148E+02 -6.6636E+03
0000938   4.5644E+04 -1.1088E+03  1.6197E+03
0000939   4.3700E+04  6.3302E+03 -1.5647E+03
0000940   4.3777E+04  1.0657E+03 -1.5435E+03
0000941   4.2054E+04 -1.4874E+03  7.4115E+03
0000942   4.5415E+04 -3.5344E+03  3.0949E+03
0000943   4.4373E+04  1.6475E+03  1.4522E+03
0000944   4.4904E+04  9.6902E+02  1.9115E+03
0000945   4.5259E+04  1.3229E+03  4.5851E+03
0000946   4.4895E+04 -8.8108E+02  4.7139E+01
0000947   4.4552E+04  3.4560E+02 -3.9850E+03
0000948   4.7310E+04 -5.6454E+02  1.8704E+03
0000949   4.6153E+04 -1.8449E+03  7.8765E+01
0000950   4.5026E+04 -2.1524E+03 -2.7229E+03
0000951   4.3335E+04  1.2919E+03  1.5542E+03
0000952   4.4917E+04 -5.0965E+02 -3.3836E+02
0000953   4.6541E+04 -2.9776E+03 -2.5483E+02
0000954   4.3152E+04  4.9087E+02 -7.8735E+02
0000955   4.5537E+04 -8.5269E+02 -8.9896E+02
0000956   4.4399E+04 -3.4337E+03 -1.4741E+02
0000957   4.5367E+04  2.7154E+01 -2.5634E+03
0000958   4.5654E+04  2.7929E+03 -3.6433E+03
0000959   4.3875E+04  3.6476E+03 -3.4906E+02
0000960   4.6953E+04  1.9599E+03 -2.2976E+03
0000961   4.6742E+04  1.5936E+03 -7.0449E+02
0000962   4.5805E+04  7.1997E+03  3.2379E+03
0000963   4.5864E+04  3.7744E+02 -3.5604E+03
0000964   4.4889E+04  1.0439E+03 -5.9118E+02
0000965   4.4996E+04  1.9391E+03  1.7896E+03
0000966   4.4184E+04  5.4960E+03 -6.9168E+03
0000967   4.5731E+04 -2.6494E+03  2.0021E+03
0000968   4.4116E+04 -1.3219E+03  1.8666E+03
0000969   4.4222E+04  2.0175E+02 -1.5930E+02
0000970   4.5938E+04 -1.3734E+03 -4.3259E+02
0000971   4.6559E+04 -1.1952E+03 -5.4625E+02
0000972   4.2583E+04 -7.4356E+02 -1.0874E+03
0000973   4.4422E+04  1.8769E+03  2.7488E+03
0000974   4.5882E+04 -1.9415E+03 -6.9509E+03
0000975   4.6201E+04  5.7904E+02  9.4151E+02
0000976   4.6862E+04 -2.6586E+03 -4.1078E+02
0000977   4.4838E+04  3.8980E+03  1.1790E+03
0000978   4.3538E+04 -1.3662E+03 -4.3443E+03
0000979   4.7635E+04  1.8620E+02  3.5918E+03
0000980   4.8063E+04 -2.3140E+02  1.7895E+03
0000981   4.4297E+04  6.8164E+03 -1.5285E+03
0000982   4.3643E+04 -5.0221E+03  2.1064E+03
0000983   4.3592E+04 -1.2679E+03  9.9447E+02
0000984   4.5388E+04  1.1291E+03 -5.2655E+03
0000985   4.5137E+04  3.7275E+03 -1.8377E+02
0000986   4.4872E+04  5.8822E+02 -2.6778E+03
0000987   4.6452E+04  4.8239E+02 -5.0284E+03
0000988   4.5718E+04 -2.4935E+03  1.9848E+03
0000989   4.5079E+04  1.7078E+03 -2.7059E+03
0000990   4.3546E+04 -1.5923E+03 -2.3593E+03
0000991   4.6322E+04  3.0795E+03 -3.4225E+03
0000992   4.5201E+04  1.1053E+03 -4.4034E+03
0000993   4.6383E+04  3.5316E+03  5.9000E+03
0000994   4.3513E+04  2.0774E+03  7.1258E+02
0000995   4.4558E+04  1.0252E+03  2.8000E+03
0000996   4.4497E+04 -2.6710E+03  2.6756E+03
0000997   4.4829E+04 -2.9866E+03 -1.9806E+03
0000998   4.2295E+04 -1.3410E+03  2.0901E+03
0000999   4.6623E+04  9.5969E+01 -3.9001E+03
0001000   4.6139E+04 -3.3260E+02  9.7934E+02
