============================== SRIM-2013.00 ==============================
==============================================================================
====== SRIM Outputs\RANGE_3D.txt : File of Final Ion Positions =====

Ion =  H (01)   Ion Mass= 001.0080
Energy  = 3100000.E-03 keV
Ion Angle to Surface = 00.0 degrees
==================== TARGET =======================
  Layer # 1 - Si_Top    
  Layer # 1 - Bottom Depth=300000.E+01 A
  Layer # 1 - Density =0002.3210 g/cm3
  Layer # 1 -  100 % of Si
икикикикикикикикикикикикикикикикикикикикикикикикикикикикикикикикикикикикикикикикикикикикикикикикикикикик
  Layer # 2 - Si_Bottom 
  Layer # 2 - Bottom Depth=600000.E+01 A
  Layer # 2 - Density =0002.3210 g/cm3
  Layer # 2 -  100 % of Si
икикикикикикикикикикикикикикикикикикикикикикикикикикикикикикикикикикикикикикикикикикикикикикикикикикикик
                                            
Ion       Depth  X   Lateral Y   Lateral Z  
Number    (Angstrom) (Angstrom)  (Angstrom) 
-------  ----------- ----------- -----------
0000001   9.7916E+05 -3.5057E+04 -1.1981E+04
0000002   9.8555E+05 -1.7191E+05  2.4320E+04
0000003   9.8079E+05  6.2257E+03  1.7793E+04
0000004   1.0004E+06  1.1981E+04 -5.8243E+04
0000005   9.8882E+05 -3.3166E+04  8.8479E+04
0000006   9.7342E+05 -1.7914E+04  3.8522E+04
0000007   9.9079E+05 -1.4728E+04 -7.9080E+04
0000008   9.7453E+05 -5.6706E+04  9.3356E+03
0000009   9.6064E+05  1.4256E+04  2.1482E+04
0000010   1.0065E+06  1.9277E+04  2.7186E+04
0000011   9.7773E+05 -5.8004E+04  2.3714E+04
0000012   9.9011E+05  4.1502E+04  2.6569E+04
0000013   9.9789E+05  7.1098E+03  1.0377E+03
0000014   9.6135E+05 -5.0159E+04  2.4825E+04
0000015   1.0057E+06  5.0096E+04 -4.8142E+04
0000016   9.9202E+05 -9.2492E+03 -1.4688E+04
0000017   9.9193E+05 -1.2866E+04 -4.1711E+04
0000018   9.5149E+05  2.1739E+04  2.8178E+04
0000019   9.8791E+05  1.7662E+04 -6.7454E+03
0000020   9.8111E+05  1.1453E+04  3.7192E+04
0000021   9.4625E+05  8.5574E+04 -2.3650E+04
0000022   9.7295E+05 -3.1167E+03 -2.5786E+04
0000023   9.9368E+05 -2.9271E+04  1.6724E+04
0000024   9.7110E+05 -6.0284E+04 -4.1479E+04
0000025   1.0051E+06  1.5542E+04  2.7946E+04
0000026   9.7106E+05 -8.8987E+03  1.1393E+05
0000027   9.7594E+05 -1.4287E+04  4.1415E+03
0000028   9.6955E+05 -4.8924E+03 -1.1943E+04
0000029   9.5454E+05  2.1838E+05 -4.6549E+03
0000030   9.9219E+05  6.5030E+02  3.5660E+04
0000031   9.8909E+05  2.3325E+04 -2.7184E+04
0000032   9.6993E+05  3.9007E+04  4.7035E+04
0000033   9.7968E+05 -2.6451E+04  1.0655E+04
0000034   9.9663E+05  4.4679E+04  1.9873E+04
0000035   8.4879E+05  2.1236E+05  2.4528E+05
0000036   9.7179E+05 -2.7123E+04  5.0594E+04
0000037   9.8297E+05  2.6682E+04  4.9793E+04
0000038   9.8779E+05 -2.1845E+04  5.8267E+03
0000039   1.0054E+06  2.2573E+04  4.4112E+04
0000040   9.6803E+05 -9.3463E+03 -1.3832E+03
0000041   9.6139E+05 -5.6023E+04  7.0174E+04
0000042   9.9686E+05  2.2786E+03 -3.4626E+04
0000043   9.8747E+05  4.7068E+04  2.5861E+04
0000044   9.8133E+05 -1.5101E+04  1.5425E+04
0000045   1.0077E+06  1.8371E+04  1.6548E+04
0000046   9.8332E+05 -1.0802E+02  6.4626E+03
0000047   9.7314E+05 -5.4208E+04  8.6918E+04
0000048   9.6139E+05  7.4574E+04  2.3297E+04
0000049   9.9650E+05  5.1893E+04 -2.8766E+04
0000050   9.7837E+05  4.6744E+04  1.2598E+03
0000051   9.8441E+05  8.8177E+03 -1.6141E+04
0000052   9.8454E+05 -6.9173E+04  3.8884E+03
0000053   9.9684E+05  7.0022E+03  1.3252E+04
0000054   9.7552E+05 -2.7762E+04 -7.4746E+04
0000055   9.8703E+05  6.1462E+03 -2.4257E+04
0000056   9.9462E+05  1.7294E+04 -4.6153E+04
0000057   9.9051E+05  4.8665E+04 -1.9275E+04
0000058   9.7281E+05 -6.3808E+04  4.3253E+03
0000059   9.8270E+05 -1.1111E+04  6.2742E+04
0000060   9.9880E+05  1.2408E+04 -1.0771E+03
0000061   9.9152E+05 -4.2847E+04  1.6587E+04
0000062   9.8083E+05  2.9074E+04  3.4690E+02
0000063   1.0173E+06  1.8577E+04 -9.7295E+03
0000064   9.7516E+05  9.5423E+04 -3.1043E+04
0000065   1.0053E+06  2.5702E+03 -1.4766E+04
0000066   9.8885E+05  2.6984E+04  6.6970E+04
0000067   9.7818E+05  3.0801E+03  6.0765E+02
0000068   9.8772E+05  1.3226E+04 -2.1547E+03
0000069   9.6696E+05 -2.1397E+04 -3.8764E+04
0000070   9.6531E+05 -2.4464E+04  3.5001E+04
0000071   9.8232E+05 -1.4488E+04  2.0786E+03
0000072   9.9481E+05  3.2280E+04 -5.1623E+04
0000073   9.9885E+05  2.3040E+04  5.2295E+04
0000074   9.9980E+05  3.7639E+02 -2.5409E+04
0000075   9.9214E+05  7.1890E+04 -6.0294E+04
0000076   9.7452E+05 -3.1880E+04 -1.9329E+04
0000077   9.7208E+05  1.8122E+02 -3.5343E+04
0000078   1.0037E+06  1.8363E+03  6.9314E+04
0000079   9.9472E+05  7.1649E+04 -2.5255E+04
0000080   9.6054E+05  2.0569E+04  5.4236E+04
0000081   1.0099E+06 -4.7516E+04  2.4105E+04
0000082   9.9496E+05  3.8913E+03  2.2710E+04
0000083   9.7563E+05  4.7774E+04  1.2771E+04
0000084   1.0057E+06  3.6905E+04 -1.1619E+04
0000085   9.8638E+05 -9.2122E+03 -8.8516E+03
0000086   9.6722E+05 -8.3273E+03  2.0797E+04
0000087   9.9432E+05 -1.1822E+04 -4.9336E+04
0000088   9.5331E+05  1.5009E+04  2.2940E+04
0000089   9.8521E+05 -5.3979E+04  6.0586E+04
0000090   9.7845E+05  7.0287E+04  1.8583E+04
0000091   9.8187E+05  2.6623E+04 -2.6259E+04
0000092   9.9237E+05  5.1569E+04 -2.6513E+04
0000093   9.7419E+05  2.6542E+04  2.5407E+04
0000094   9.8538E+05  3.1205E+04 -3.5057E+04
0000095   9.8387E+05 -4.1442E+03  2.9337E+04
0000096   1.0203E+06  3.9984E+04 -1.5861E+04
0000097   9.7546E+05 -3.0389E+04  9.1968E+03
0000098   1.0246E+06  2.7387E+04 -3.5638E+04
0000099   9.9590E+05 -2.0381E+04  2.1007E+04
0000100   9.8111E+05 -1.5205E+04 -2.9916E+04
0000101   9.8578E+05 -4.0090E+04  1.3551E+04
0000102   9.5886E+05 -2.1697E+04 -3.5370E+04
0000103   9.8209E+05  3.1553E+04  1.5632E+04
0000104   9.7760E+05 -4.0139E+03 -3.3858E+04
0000105   1.0171E+06 -1.5419E+04 -2.5230E+04
0000106   1.0014E+06  4.2749E+04 -3.4106E+04
0000107   9.6316E+05  1.3093E+05  1.7448E+04
0000108   1.0314E+06  2.1887E+03  4.4139E+04
0000109   9.9074E+05 -5.4309E+04  7.8113E+04
0000110   9.9251E+05 -1.3375E+04  9.5263E+03
0000111   9.9063E+05  2.5773E+04 -2.3226E+04
0000112   9.9601E+05 -2.3261E+04  1.5309E+04
0000113   9.5971E+05 -4.9032E+04 -1.4734E+04
0000114   1.0037E+06 -5.3928E+04  3.8041E+02
0000115   1.0113E+06 -2.8354E+03  4.4034E+02
0000116   9.9865E+05 -5.4801E+04 -1.9635E+04
0000117   1.0204E+06 -1.9031E+04 -3.5779E+03
0000118   9.7596E+05 -4.4602E+04 -6.9973E+03
0000119   1.0025E+06 -3.6925E+04 -4.3572E+04
0000120   9.6909E+05  2.5127E+04 -3.0859E+04
0000121   9.8630E+05 -1.9478E+04 -1.6799E+04
0000122   9.8459E+05  7.9603E+04 -5.4507E+04
0000123   9.7688E+05 -5.5474E+03 -1.1177E+04
0000124   9.8443E+05 -7.2254E+04 -2.4906E+04
0000125   9.6384E+05  4.7070E+04 -3.3844E+04
0000126   9.7100E+05 -2.0580E+04 -1.6306E+04
0000127   9.7486E+05 -3.7984E+04  2.8136E+04
0000128   9.6219E+05  5.3552E+04 -5.9038E+04
0000129   9.9431E+05  9.5512E+03 -4.8390E+04
0000130   1.0151E+06  1.3773E+04 -1.3145E+04
0000131   1.0017E+06 -9.4542E+03  3.8006E+03
0000132   9.8559E+05 -1.7266E+04  1.8354E+04
0000133   9.8382E+05 -1.2016E+04 -4.2156E+04
0000134   1.0032E+06 -1.6914E+04 -1.2998E+04
0000135   9.8040E+05 -1.8044E+04  1.4187E+04
0000136   9.9343E+05 -8.0678E+04  3.0024E+04
0000137   1.0090E+06 -5.3772E+03 -1.1772E+04
0000138   9.8198E+05  1.6453E+04 -6.6167E+04
0000139   9.6969E+05  5.8808E+03  1.5151E+04
0000140   9.6893E+05  3.8785E+04 -4.2372E+04
0000141   9.8415E+05 -5.1494E+04  7.9184E+04
0000142   9.8013E+05 -2.8762E+04 -1.9563E+03
0000143   9.7219E+05  4.2848E+04 -1.2869E+05
0000144   1.0127E+06 -8.3848E+03  1.0140E+03
0000145   1.0086E+06 -9.3000E+03  2.1741E+04
0000146   9.9999E+05 -9.9939E+03  9.5890E+03
0000147   9.8012E+05 -9.0766E+02 -3.7734E+04
0000148   9.8911E+05 -1.6372E+04  6.0511E+03
0000149   1.0170E+06  2.3778E+04  2.4308E+03
0000150   9.9587E+05 -2.6390E+04  2.8080E+04
0000151   9.7841E+05  9.4322E+03 -2.6161E+04
0000152   1.0136E+06 -1.6384E+04  2.5960E+04
0000153   1.0070E+06  6.2237E+04 -1.8173E+04
0000154   9.8558E+05  2.3009E+04  3.2054E+03
0000155   9.7500E+05  1.2179E+04 -2.7609E+04
0000156   9.7950E+05  9.6732E+03 -2.8690E+04
0000157   9.7593E+05  5.8354E+04 -3.4544E+04
0000158   9.7685E+05  1.5542E+04  2.1136E+04
0000159   9.7881E+05 -5.3127E+04  1.3251E+04
0000160   9.7386E+05  3.6417E+04 -1.2475E+04
0000161   1.0032E+06  2.8665E+04 -3.4917E+04
0000162   9.7720E+05 -2.0471E+04  2.3742E+04
0000163   9.8497E+05  1.1742E+04  1.9328E+04
0000164   1.0192E+06 -2.7598E+04 -4.0415E+04
0000165   9.6789E+05 -1.0807E+04  3.5064E+04
0000166   9.5886E+05  2.9604E+04 -2.2762E+04
0000167   9.6485E+05  3.5971E+04  1.1182E+03
0000168   1.0003E+06  8.7191E+03  3.4688E+04
0000169   9.6514E+05  1.2630E+05  5.2592E+02
0000170   9.9569E+05  4.5594E+04 -3.3609E+04
0000171   9.8630E+05 -2.9647E+04  5.4280E+04
0000172   9.3961E+05  9.4992E+04  1.0104E+05
0000173   9.6835E+05  1.5820E+04 -1.3327E+04
0000174   9.5889E+05  5.9741E+04 -1.9311E+04
0000175   1.0037E+06 -1.9362E+04  2.5537E+04
0000176   9.8942E+05 -5.6870E+04  5.1827E+04
0000177   9.9383E+05  6.5873E+04 -2.3976E+04
0000178   9.9867E+05  2.9798E+04 -7.2882E+03
0000179   9.9197E+05 -4.2882E+04  3.8619E+04
0000180   9.6546E+05  8.4483E+04 -1.4824E+04
0000181   9.9453E+05 -1.8650E+04  3.9747E+04
0000182   9.8904E+05 -2.8379E+04  3.5707E+03
0000183   1.0015E+06  3.5814E+04 -4.2151E+04
0000184   9.4027E+05  8.0419E+03 -2.1055E+04
0000185   1.0224E+06 -1.9463E+04 -2.0735E+04
0000186   9.9257E+05 -3.6276E+04 -1.0319E+05
0000187   9.7508E+05 -1.8548E+04  5.1559E+03
0000188   9.8470E+05 -1.6326E+04  7.2201E+02
0000189   9.7872E+05  1.6049E+04 -3.0928E+04
0000190   9.7810E+05  3.2618E+04 -5.9211E+03
0000191   9.7610E+05 -2.6653E+04  9.1861E+02
0000192   9.8859E+05 -1.8340E+04  4.3368E+03
0000193   9.9216E+05 -2.8621E+03 -3.0369E+04
0000194   9.9970E+05  1.4931E+04  2.3141E+04
0000195   9.9289E+05 -4.3465E+04 -5.7069E+04
0000196   9.7283E+05  3.6043E+04 -3.5125E+04
0000197   1.0014E+06 -4.1862E+04 -8.8548E+03
0000198   9.9832E+05  8.9459E+03  1.9023E+04
0000199   1.0135E+06  1.2746E+04 -2.6790E+04
0000200   9.8259E+05  4.4628E+04 -7.2147E+04
0000201   9.6646E+05  1.9776E+04 -6.5458E+04
0000202   9.8480E+05 -3.7485E+04  8.7150E+04
0000203   9.8763E+05  1.9328E+04  2.5764E+03
0000204   9.7504E+05  3.6155E+04 -5.5770E+03
0000205   9.8983E+05  3.1210E+04 -2.7200E+04
0000206   9.8719E+05 -1.9789E+04  5.1108E+04
0000207   9.5743E+05 -7.5328E+04 -3.2256E+03
0000208   9.6273E+05 -3.8602E+03  1.7761E+05
0000209   9.8457E+05 -7.8104E+03  2.4876E+04
0000210   9.6590E+05 -2.8351E+04  1.5070E+04
0000211   9.6365E+05  4.2172E+04 -3.7622E+04
0000212   9.9990E+05  2.6191E+04 -4.6059E+04
0000213   9.8327E+05 -5.2303E+04 -3.4484E+03
0000214   1.0149E+06 -4.6672E+03 -2.9702E+04
0000215   9.7337E+05 -2.0269E+04  8.0813E+04
0000216   9.9610E+05 -3.1812E+04 -4.6730E+03
0000217   9.8366E+05 -3.4494E+03  7.5451E+02
0000218   9.7863E+05 -2.2792E+04  1.6041E+03
0000219   9.7555E+05  9.7106E+03 -3.2940E+04
0000220   9.7783E+05  2.8801E+04 -1.7477E+04
0000221   9.8701E+05 -9.9402E+04  5.8394E+04
0000222   9.9764E+05 -4.7497E+04  1.8447E+03
0000223   9.8051E+05 -2.9357E+04  4.5375E+03
0000224   9.5540E+05  2.5313E+04  5.9444E+04
0000225   9.8609E+05 -1.3385E+04 -7.5349E+04
0000226   9.9997E+05 -1.8936E+04 -1.0421E+04
0000227   1.0185E+06 -1.3729E+04  1.2821E+04
0000228   9.9858E+05  2.4604E+02 -2.8758E+04
0000229   1.0046E+06 -4.1807E+04 -1.5694E+03
0000230   9.7509E+05 -4.4538E+03 -1.3195E+04
0000231   9.7357E+05 -1.9870E+04  1.6862E+04
0000232   1.0004E+06  5.4488E+04  2.8246E+04
0000233   9.8733E+05  1.2206E+04 -6.6462E+03
0000234   9.7756E+05  1.2126E+04 -2.2468E+04
0000235   9.6543E+05 -2.6878E+04 -1.1416E+05
0000236   1.0322E+06  1.5762E+03 -2.3323E+04
0000237   9.7596E+05 -2.3449E+04  9.3280E+03
0000238   9.8966E+05 -7.2429E+04  2.4171E+04
0000239   1.0124E+06 -3.2371E+04 -4.3469E+03
0000240   9.8259E+05  5.6958E+04 -1.8894E+04
0000241   1.0047E+06 -8.4110E+04 -4.0593E+04
0000242   9.9230E+05  2.4099E+04 -3.8532E+04
0000243   9.7360E+05  8.2820E+04 -5.6095E+04
0000244   9.8947E+05  3.6346E+04  9.7725E+02
0000245   9.6800E+05  3.7344E+04  4.0827E+04
0000246   9.5219E+05 -3.4697E+04 -1.1071E+04
0000247   9.8610E+05  1.4927E+04 -2.3575E+04
0000248   9.8572E+05 -4.5095E+04 -3.6819E+04
0000249   9.8522E+05  3.8970E+04  2.0538E+03
0000250   9.8444E+05 -5.6246E+04 -2.2762E+04
0000251   9.5398E+05 -1.6750E+05 -3.4377E+04
0000252   9.8067E+05 -3.4469E+03  1.4893E+04
0000253   9.7926E+05  1.2412E+04 -1.3523E+04
0000254   9.8068E+05 -1.9547E+04 -1.5044E+04
0000255   9.9002E+05  4.8941E+02 -3.2730E+04
0000256   9.6470E+05 -2.2463E+04 -4.6711E+03
0000257   9.6296E+05  6.5188E+04 -1.0373E+04
0000258   1.0133E+06  6.4113E+04  1.7455E+04
0000259   9.8162E+05 -3.4917E+04 -1.8821E+04
0000260   9.7853E+05  9.3417E+03  5.0481E+04
0000261   9.8642E+05 -1.9021E+04 -6.1683E+04
0000262   9.9826E+05  8.7961E+02  4.3992E+04
0000263   9.9038E+05  3.6602E+04 -2.6269E+04
0000264   9.9512E+05 -7.2342E+02  2.0460E+04
0000265   9.7659E+05 -2.8280E+04 -2.9733E+04
0000266   9.9708E+05  6.2155E+03 -7.7683E+04
0000267   9.9213E+05  2.3343E+04  2.3332E+04
0000268   9.8673E+05 -1.4616E+04 -1.6730E+03
0000269   9.8123E+05 -7.4878E+04  1.5509E+04
0000270   9.4981E+05 -1.2103E+05 -2.9847E+04
0000271   9.9153E+05  5.3941E+04  3.7718E+04
0000272   1.0265E+06  1.6012E+04  3.5408E+03
0000273   9.6465E+05  6.0869E+04 -5.4826E+03
0000274   9.9611E+05  3.8986E+04 -8.2950E+04
0000275   9.6885E+05  2.3433E+04 -9.0115E+04
0000276   9.4369E+05  3.8477E+04  7.7548E+04
0000277   1.0020E+06  1.5197E+04 -3.2742E+04
0000278   9.8219E+05 -9.4657E+03  1.9554E+04
0000279   9.7981E+05  4.2322E+04  1.8368E+04
0000280   9.8918E+05 -1.6825E+04  2.7577E+04
0000281   9.5973E+05 -6.4605E+04 -3.9068E+04
0000282   9.5805E+05 -1.5877E+04  4.7335E+04
0000283   9.8091E+05 -3.4587E+04 -1.5940E+03
0000284   9.9674E+05  6.9685E+04 -3.5209E+04
0000285   9.9558E+05  8.5073E+03 -5.7423E+04
0000286   9.6246E+05 -6.4552E+02 -7.8985E+03
0000287   8.2958E+05  3.6044E+05 -9.3086E+04
0000288   9.7409E+05 -6.6394E+04 -2.3092E+03
0000289   9.7789E+05 -1.5305E+04  4.0310E+04
0000290   1.0008E+06 -5.8544E+04  9.1015E+03
0000291   9.8207E+05  2.0876E+03 -2.5223E+04
0000292   1.0181E+06 -3.8336E+04  1.8599E+04
0000293   9.9357E+05 -2.7334E+04  2.6498E+04
0000294   9.7517E+05 -2.8224E+04  2.8522E+04
0000295   9.7064E+05 -2.6725E+04 -1.6065E+03
0000296   9.8993E+05 -3.4973E+04  5.3339E+04
0000297   9.5612E+05  1.0400E+04  2.0839E+04
0000298   9.8844E+05  2.3518E+04 -2.6628E+04
0000299   9.5844E+05  1.3432E+04  8.6637E+03
0000300   9.5795E+05  1.7632E+03  2.5764E+04
0000301   9.8608E+05  3.1172E+04 -3.5969E+04
0000302   9.9841E+05  1.0841E+02  1.3543E+04
0000303   9.8504E+05  5.3919E+04 -5.2255E+03
0000304   1.0078E+06 -3.1534E+04 -3.5185E+04
0000305   9.7820E+05 -1.0395E+05  2.3772E+04
0000306   9.8179E+05  3.1655E+04 -5.7645E+04
0000307   9.9058E+05  9.6767E+04 -3.3996E+04
0000308   9.9236E+05  3.2106E+04 -7.5568E+03
0000309   1.0006E+06 -3.8556E+04  6.5109E+04
0000310   1.0108E+06  1.5720E+04 -5.1047E+03
0000311   9.9336E+05  4.9139E+04  1.9709E+04
0000312   9.8882E+05  1.0365E+04 -7.2481E+03
0000313   9.6870E+05 -6.3699E+04  1.0981E+05
0000314   1.0077E+06 -4.4425E+03  5.8379E+04
0000315   9.6852E+05 -1.3149E+04 -1.1096E+04
0000316   9.5699E+05  3.1480E+04 -2.5762E+04
0000317   9.9783E+05  1.1851E+04 -9.7943E+03
0000318   9.9026E+05  1.0767E+04  3.3992E+04
0000319   9.7255E+05 -7.5269E+03  7.8457E+03
0000320   9.7884E+05  1.1808E+04  3.1505E+03
0000321   9.8233E+05 -4.5077E+04 -2.4040E+04
0000322   1.0008E+06 -5.7520E+04 -4.7858E+04
0000323   9.6811E+05 -1.7849E+04  2.2137E+04
0000324   9.8910E+05 -2.9284E+03 -3.2336E+04
0000325   9.9825E+05 -2.4332E+04  4.0718E+03
0000326   9.9785E+05  1.4644E+04  6.3005E+03
0000327   9.7427E+05  4.9427E+04 -2.2324E+04
0000328   1.0006E+06  9.0190E+03  3.8476E+04
0000329   9.8520E+05 -3.0421E+04  2.9373E+04
0000330   9.7198E+05 -1.0614E+04 -1.5507E+04
0000331   9.7598E+05  6.2094E+04  9.7983E+04
0000332   1.0153E+06 -2.2610E+04  3.6948E+04
0000333   1.0001E+06 -2.8147E+03 -4.0771E+04
0000334   9.9040E+05 -2.3928E+04  4.1317E+04
0000335   9.8612E+05  1.9917E+04  2.3157E+04
0000336   9.6974E+05 -1.0957E+04  1.3364E+05
0000337   9.7250E+05  5.0128E+04 -1.9656E+03
0000338   9.9962E+05 -9.9154E+04  1.5254E+04
0000339   9.8364E+05 -2.0699E+04 -4.6145E+04
0000340   9.6461E+05 -3.3474E+04 -2.4731E+05
0000341   9.7412E+05 -3.4360E+03 -2.8052E+04
0000342   9.7511E+05  2.2272E+04  2.8984E+04
0000343   9.9228E+05 -5.8462E+03 -2.4660E+03
0000344   9.8511E+05  1.7290E+04 -1.1642E+04
0000345   1.0002E+06  2.8144E+04 -9.0166E+04
0000346   9.8452E+05 -3.5642E+04  1.6553E+04
0000347   9.8796E+05 -8.2510E+03 -2.4332E+04
0000348   9.9843E+05  4.0301E+04  1.4416E+04
0000349   9.9888E+05  7.8199E+03  5.5370E+04
0000350   9.5721E+05  4.8172E+04 -2.3838E+04
0000351   9.9141E+05 -9.0934E+03 -1.1091E+04
0000352   1.0178E+06 -1.6827E+04 -1.1886E+04
0000353   9.6515E+05  7.9235E+04  2.1855E+04
0000354   9.8585E+05 -1.8485E+04 -5.5725E+03
0000355   9.7666E+05 -8.5733E+03  5.3108E+03
0000356   9.7609E+05 -1.0744E+04  1.0035E+04
0000357   9.9736E+05 -2.6595E+04  1.8439E+04
0000358   9.6604E+05  2.5398E+04 -9.8027E+03
0000359   9.8311E+05 -4.3134E+04 -3.1243E+04
0000360   9.8261E+05 -3.3611E+04  1.8859E+04
0000361   9.7973E+05  1.2067E+04  8.1361E+04
0000362   9.9024E+05 -7.8964E+03  3.3815E+04
0000363   9.9376E+05  5.5965E+04 -1.3277E+04
0000364   9.8675E+05  2.7759E+04 -4.1905E+04
0000365   9.7725E+05  8.1891E+04 -7.0799E+04
0000366   1.0152E+06  1.4682E+03  1.7642E+04
0000367   1.0170E+06  1.2176E+04  1.1667E+04
0000368   9.9280E+05  6.2800E+03 -3.9749E+04
0000369   9.8150E+05 -1.2594E+03  2.6083E+04
0000370   9.7417E+05  5.4122E+04 -5.2999E+04
0000371   9.9938E+05  5.0962E+03 -4.4438E+03
0000372   9.7615E+05 -7.1313E+04  2.8580E+04
0000373   9.5914E+05  5.3099E+04 -8.2963E+04
0000374   9.9082E+05  2.9370E+04  7.7489E+01
0000375   9.7576E+05  1.2687E+04  2.4300E+04
0000376   9.8054E+05 -3.5924E+04  3.7645E+04
0000377   9.9401E+05  1.2543E+04 -1.7384E+04
0000378   9.8849E+05  2.8003E+04 -5.1535E+03
0000379   9.7986E+05 -2.2348E+04  1.8958E+04
0000380   9.9247E+05 -1.1038E+04 -1.3358E+04
0000381   1.0012E+06  2.1984E+02 -8.8429E+03
0000382   9.7755E+05  1.4475E+04  3.3008E+04
0000383   9.6927E+05  2.3383E+04  4.8473E+03
0000384   9.7923E+05 -3.1254E+04  4.5940E+04
0000385   9.7521E+05 -1.7624E+04  2.5467E+04
0000386   9.8364E+05  6.0965E+04  2.7591E+04
0000387   1.0123E+06 -1.4292E+04 -2.6662E+04
0000388   9.9323E+05 -6.2513E+03  2.4908E+03
0000389   9.8366E+05 -3.1524E+04  3.0214E+04
0000390   9.9683E+05 -2.1966E+04 -5.5927E+04
0000391   9.9055E+05  6.4303E+04 -4.1499E+04
0000392   9.9058E+05  1.8280E+04 -8.8714E+03
0000393   9.7692E+05  5.2778E+04  1.8576E+04
0000394   9.6441E+05 -2.0375E+04 -1.0002E+04
0000395   9.5949E+05 -1.5141E+04 -5.5077E+02
0000396   9.8539E+05  1.7818E+04  1.2386E+04
0000397   9.7371E+05  6.6280E+04 -1.8238E+04
0000398   1.0053E+06 -1.2793E+04 -3.2511E+04
0000399   1.0156E+06  2.9284E+04 -1.0710E+04
0000400   9.9083E+05 -6.3524E+04  3.5516E+04
0000401   9.8056E+05 -5.9154E+04  7.3057E+03
0000402   9.6963E+05 -2.0855E+03 -4.3083E+04
0000403   9.9479E+05  7.7442E+03  1.7465E+04
0000404   9.8382E+05  3.9791E+04  8.1226E+03
0000405   9.6688E+05  8.1796E+03 -1.8460E+03
0000406   9.7217E+05  1.1505E+04 -4.4164E+04
0000407   9.8385E+05  1.5209E+04 -8.8211E+03
0000408   9.5531E+05 -2.1581E+03 -5.9144E+04
0000409   9.8565E+05  1.3984E+04  7.6185E+03
0000410   9.9359E+05  2.3438E+04 -1.0196E+04
0000411   9.7812E+05 -1.4680E+04 -2.8937E+04
0000412   1.0138E+06 -3.8186E+04 -4.7504E+04
0000413   1.0010E+06  5.4136E+03 -6.7901E+04
0000414   9.5671E+05 -3.1977E+04 -1.5666E+04
0000415   9.7874E+05 -1.8407E+04  1.4330E+04
0000416   9.9801E+05  3.5462E+03 -1.8265E+04
0000417   9.8226E+05 -6.6638E+04  8.5095E+04
0000418   9.7749E+05 -7.0321E+03  8.4646E+03
0000419   9.9906E+05  5.9121E+04 -4.5671E+04
0000420   1.0035E+06  3.2285E+04 -1.3059E+03
0000421   1.0031E+06  1.9655E+04 -8.6167E+03
0000422   1.0076E+06  6.4143E+04 -4.3577E+04
0000423   9.8569E+05 -2.7050E+04 -2.7990E+04
0000424   9.8725E+05 -4.7457E+03 -8.8239E+03
0000425   9.5946E+05  1.5568E+04 -1.9498E+04
0000426   9.6918E+05  2.7263E+04  1.1985E+04
0000427   9.5089E+05  9.1696E+04 -2.5152E+04
0000428   9.7728E+05  2.2115E+04  7.1742E+04
0000429   1.0037E+06  4.5420E+04  7.6630E+04
0000430   9.6883E+05  4.2579E+04  3.8158E+04
0000431   9.7104E+05 -2.4060E+04 -2.9707E+04
0000432   9.7602E+05  1.3989E+04  9.6989E+03
0000433   9.7229E+05  1.6331E+04  1.8903E+03
0000434   9.8236E+05  2.5191E+04  2.1880E+04
0000435   9.8960E+05 -3.3367E+04 -1.4831E+04
0000436   9.6234E+05 -4.7901E+03  2.7547E+04
0000437   9.8017E+05  1.7228E+04  8.4991E+03
0000438   9.8870E+05 -3.9051E+04 -1.7645E+04
0000439   1.0051E+06  5.0787E+03  2.3919E+04
0000440   1.0254E+06 -7.9840E+04 -8.8880E+03
0000441   9.8126E+05 -1.0809E+04 -9.2802E+03
0000442   9.7252E+05  3.2378E+03 -9.8878E+01
0000443   9.8470E+05 -5.0843E+04 -2.7292E+03
0000444   1.0006E+06  4.7511E+03 -5.5122E+03
0000445   9.6722E+05 -6.3651E+04 -2.8657E+04
0000446   9.9206E+05  1.8902E+03  1.8323E+04
0000447   9.6832E+05  5.7096E+04  1.8056E+04
0000448   9.9482E+05 -2.2348E+04 -1.6650E+04
0000449   9.7836E+05  2.1820E+04 -1.5200E+03
0000450   9.7336E+05 -1.8572E+04 -2.9331E+04
0000451   9.3487E+05 -7.1143E+04  2.4601E+04
0000452   9.8099E+05 -4.4856E+04  2.2339E+03
0000453   9.7440E+05  2.8991E+04 -3.4797E+04
0000454   9.7411E+05  9.5382E+03  4.0876E+04
0000455   9.5998E+05  3.4324E+04  4.7108E+04
0000456   9.7423E+05  4.7460E+04  2.6799E+04
0000457   1.0072E+06  9.6114E+03  3.5826E+04
0000458   9.9234E+05 -1.5905E+04  2.0857E+04
0000459   9.7447E+05  1.8732E+03 -4.2682E+04
0000460   9.5684E+05 -4.0750E+04 -2.9572E+04
0000461   9.9818E+05 -7.9088E+02 -1.0316E+04
0000462   9.7533E+05  6.2074E+04  5.6369E+04
0000463   1.0158E+06  1.3939E+04 -1.8699E+04
0000464   9.7304E+05 -2.5117E+04 -1.1928E+04
0000465   9.7635E+05 -5.0784E+04  1.7525E+04
0000466   9.8206E+05 -1.8458E+04 -1.2607E+04
0000467   9.8465E+05 -1.4692E+04 -2.8274E+03
0000468   9.9292E+05 -3.9716E+04  9.1558E+03
0000469   9.5399E+05 -4.6970E+04  4.0410E+04
0000470   1.0163E+06 -1.1084E+05 -1.5145E+04
0000471   9.6414E+05 -1.3744E+04 -7.8912E+04
0000472   9.8033E+05  7.0349E+03  9.7059E+03
0000473   9.9417E+05 -2.2759E+04 -2.9039E+04
0000474   9.8789E+05  3.6145E+04 -5.4840E+04
0000475   9.7375E+05  1.0775E+04 -1.2958E+05
0000476   9.7559E+05  3.7119E+03  1.4503E+04
0000477   9.7353E+05  9.8994E+04  4.3656E+04
0000478   9.6044E+05 -2.9386E+04  1.9513E+03
0000479   9.9240E+05 -6.7936E+04  3.6123E+04
0000480   9.5850E+05 -2.2035E+04 -1.1996E+04
0000481   9.7391E+05  4.5872E+04 -2.6717E+04
0000482   9.7982E+05 -1.7016E+04 -1.6223E+03
0000483   9.8471E+05  6.7042E+03  2.6789E+03
0000484   9.7365E+05 -4.2303E+04 -5.7201E+03
0000485   9.7030E+05 -8.2186E+02 -3.8556E+03
0000486   9.6177E+05  9.0434E+04  1.3438E+04
0000487   9.9627E+05 -3.8774E+03 -3.5427E+04
0000488   9.7760E+05 -7.4850E+03 -2.8792E+04
0000489   9.8456E+05  9.6023E+03  2.3599E+04
0000490   9.7634E+05  1.6052E+04  4.8681E+04
0000491   9.6059E+05 -5.5214E+03  1.2745E+04
0000492   9.9568E+05 -3.5773E+04 -4.6691E+03
0000493   9.8401E+05 -4.2146E+04  4.7887E+04
0000494   9.8959E+05 -4.6741E+03  6.6660E+04
0000495   1.0160E+06  3.6788E+04  1.1649E+03
0000496   9.6080E+05  2.5766E+04  3.9566E+04
0000497   9.5988E+05  1.6140E+04  3.5920E+04
0000498   9.8269E+05  3.1310E+04  4.7356E+03
0000499   9.7972E+05 -2.5275E+04 -3.3904E+04
0000500   1.0033E+06 -3.1963E+04  2.2716E+04
0000501   9.8486E+05 -3.0931E+04  1.1820E+04
0000502   1.0056E+06 -2.7838E+03  3.0160E+04
0000503   9.6225E+05 -3.4131E+02  1.0764E+03
0000504   9.9792E+05  1.9756E+04 -5.1603E+04
0000505   1.0221E+06  6.0005E+03  9.3083E+03
0000506   9.5881E+05  1.1290E+04 -1.1216E+03
0000507   9.6227E+05  1.3787E+04  2.8552E+03
0000508   9.6057E+05 -3.0657E+04 -4.7144E+04
0000509   9.8591E+05 -4.4876E+04 -2.4347E+04
0000510   9.6769E+05 -2.7531E+04  8.6878E+03
0000511   9.9614E+05  3.7098E+04 -2.8675E+04
0000512   9.5959E+05 -1.0899E+05 -7.8541E+04
0000513   1.0071E+06 -2.3872E+04  3.1454E+03
0000514   9.8880E+05 -3.8207E+03 -6.7321E+03
0000515   9.5997E+05  9.1101E+04  1.0946E+05
0000516   1.0041E+06  9.0956E+03  4.1711E+04
0000517   1.0086E+06 -2.0257E+04 -1.6490E+04
0000518   9.7382E+05  4.4942E+04  3.9597E+04
0000519   9.7818E+05  7.6044E+03 -4.9191E+03
0000520   9.9085E+05  9.2668E+03 -8.2668E+03
0000521   9.6215E+05  2.1255E+04 -4.7510E+04
0000522   9.7350E+05 -9.3757E+04  9.8465E+04
0000523   9.5045E+05  1.2510E+05  9.3331E+04
0000524   9.9210E+05 -3.0569E+03 -4.4527E+04
0000525   9.7585E+05  1.3425E+04  3.2554E+03
0000526   9.6462E+05  1.2549E+04 -3.1636E+04
0000527   8.8226E+05 -2.0928E+05  2.6069E+05
0000528   9.9223E+05  1.2917E+04 -2.5613E+04
0000529   9.7462E+05 -1.1686E+04 -1.3542E+04
0000530   9.9007E+05 -1.5414E+04 -1.1678E+04
0000531   9.7877E+05  6.8454E+03 -5.4682E+03
0000532   1.0179E+06 -1.9024E+04  1.2046E+04
0000533   9.7023E+05 -9.1365E+03  3.8126E+04
0000534   9.6651E+05  3.7459E+03  4.2207E+04
0000535   9.7401E+05  7.1282E+04 -1.0173E+04
0000536   9.9246E+05 -1.3495E+04 -1.1714E+05
0000537   9.3347E+05  1.2264E+05 -4.5634E+04
0000538   9.8572E+05 -2.3287E+04  1.3232E+04
0000539   9.8911E+05 -2.9976E+03  5.6958E+04
0000540   1.0111E+06  5.0968E+04  1.5300E+04
0000541   1.0055E+06 -3.6684E+04 -3.9390E+04
0000542   9.9419E+05 -5.7273E+04 -6.4219E+03
0000543   9.7083E+05  1.1067E+05 -9.9931E+04
0000544   9.7285E+05  9.4974E+03  8.3941E+04
0000545   1.0014E+06 -3.1744E+04 -4.2563E+03
0000546   9.4915E+05  2.9915E+04 -2.8255E+04
0000547   9.8874E+05  2.3527E+04 -3.8648E+04
0000548   1.0026E+06  1.9880E+04  8.6204E+03
0000549   1.0238E+06 -4.9799E+04 -3.5093E+04
0000550   9.9578E+05 -4.7534E+04 -8.7241E+03
0000551   9.8047E+05 -3.0301E+04 -6.3900E+03
0000552   1.0025E+06 -3.7252E+03 -4.6173E+04
0000553   9.7977E+05  8.5201E+04  6.7065E+04
0000554   9.9574E+05 -5.2958E+02 -1.0903E+04
0000555   1.0032E+06 -1.0718E+04  3.9665E+03
0000556   9.8677E+05  4.1029E+04 -1.6417E+04
0000557   1.0222E+06 -3.8047E+04 -1.9518E+03
0000558   1.0051E+06  3.4886E+04 -2.4864E+04
0000559   9.7471E+05  3.1944E+04 -4.2647E+03
0000560   1.0048E+06 -3.3050E+04  4.2607E+03
0000561   1.0047E+06 -2.3599E+03  8.7892E+02
0000562   9.7794E+05  3.6374E+04 -5.4673E+03
0000563   9.4725E+05 -1.2583E+04  4.9010E+04
0000564   9.9052E+05  5.7791E+04  6.8100E+02
0000565   9.8311E+05  9.9301E+03 -2.1692E+04
0000566   9.9221E+05 -1.1135E+03 -3.6420E+04
0000567   9.8495E+05 -2.2546E+04  3.2765E+04
0000568   9.6342E+05 -3.2819E+04  3.6121E+02
0000569   9.8415E+05  1.3696E+04 -4.1995E+04
0000570   9.9860E+05  5.4456E+02 -9.0969E+03
0000571   9.8204E+05 -3.7655E+03  3.3400E+04
0000572   9.7138E+05 -2.2934E+04  9.9223E+03
0000573   9.7958E+05  3.9737E+04  1.1756E+05
0000574   9.9154E+05  9.2807E+03  6.9998E+04
0000575   9.8234E+05 -7.5601E+04  8.9290E+04
0000576   9.4506E+05  5.1184E+03  4.2764E+04
0000577   1.0123E+06 -8.1343E+03  1.7704E+04
0000578   9.9874E+05  3.8871E+04  3.0110E+04
0000579   9.8813E+05  1.6531E+04  1.1086E+04
0000580   9.8585E+05  3.0189E+04  1.0462E+04
0000581   1.0035E+06  3.6078E+04  2.3558E+03
0000582   9.9656E+05  1.0424E+04  1.0143E+04
0000583   9.7476E+05  3.5993E+03  5.2385E+04
0000584   9.7485E+05 -3.5005E+04  5.8510E+04
0000585   9.9315E+05 -9.0931E+03 -5.6077E+03
0000586   1.0100E+06  1.2473E+04 -1.5834E+04
0000587   9.7607E+05  2.5708E+04 -8.0827E+03
0000588   9.4608E+05 -7.6072E+02  1.0811E+04
0000589   9.9165E+05  7.9601E+03 -4.1115E+04
0000590   9.7914E+05 -1.1648E+04  1.9963E+04
0000591   9.7278E+05 -1.5240E+04  5.8547E+04
0000592   9.8637E+05 -1.6328E+04 -2.1275E+04
0000593   9.8408E+05  1.7970E+03 -2.2671E+04
0000594   1.0207E+06 -1.4393E+04  2.0730E+04
0000595   9.6093E+05 -5.7245E+04 -4.4063E+04
0000596   1.0093E+06 -1.3753E+04 -2.7856E+04
0000597   9.7843E+05  2.5968E+03 -5.2379E+03
0000598   9.8768E+05 -1.6519E+04  2.9386E+04
0000599   9.5583E+05  5.3044E+04  7.3735E+04
0000600   9.9942E+05 -2.6612E+03 -5.4266E+03
0000601   9.6770E+05 -3.8661E+04 -3.3695E+04
0000602   9.6969E+05  4.0679E+03  2.0032E+04
0000603   1.0163E+06  2.8373E+04  4.4398E+04
0000604   9.6547E+05  1.1933E+04 -9.4371E+04
0000605   9.9577E+05  3.1503E+03 -6.4174E+04
0000606   9.8213E+05  3.3856E+04 -4.8345E+04
0000607   9.9115E+05 -2.2301E+04  4.5437E+04
0000608   9.9203E+05  2.1568E+04  4.2704E+04
0000609   9.9442E+05 -1.2520E+04  1.3684E+04
0000610   1.0187E+06 -1.7292E+04 -5.0327E+04
0000611   9.6215E+05  8.4557E+02 -1.1417E+04
0000612   9.7534E+05 -7.6942E+03  1.6019E+04
0000613   1.0097E+06  5.8791E+03  2.4824E+04
0000614   9.5903E+05 -8.5747E+02  4.9558E+04
0000615   1.0045E+06 -2.6846E+04 -1.2623E+04
0000616   9.5723E+05 -3.4861E+04 -6.2747E+02
0000617   1.0020E+06 -8.5974E+03 -4.3423E+04
0000618   1.0083E+06 -2.5256E+03 -7.6329E+03
0000619   9.8044E+05  3.8521E+04 -3.9076E+04
0000620   9.6079E+05 -4.3473E+04  2.1324E+04
0000621   1.0044E+06 -4.5707E+04 -5.3064E+03
0000622   1.0003E+06  2.3763E+04  1.2910E+04
0000623   9.9472E+05  8.3852E+03  2.0296E+04
0000624   9.8913E+05  5.4062E+04  1.9045E+04
0000625   9.8330E+05  1.3897E+04 -9.6201E+03
0000626   9.8421E+05 -3.4397E+04  2.2549E+04
0000627   9.7535E+05  2.2702E+04 -4.7790E+04
0000628   9.4970E+05  5.4557E+04 -7.7796E+03
0000629   9.9047E+05 -1.4508E+04  6.9884E+04
0000630   9.9009E+05 -3.5137E+04  6.7401E+04
0000631   9.9485E+05  2.2310E+03  3.1533E+04
0000632   1.0086E+06  2.2230E+04  3.8451E+03
0000633   1.0021E+06 -5.2934E+04 -1.3866E+04
0000634   1.0216E+06 -1.6402E+03 -6.2853E+04
0000635   9.9091E+05 -4.7202E+04  6.3707E+03
0000636   9.7601E+05 -4.1273E+04 -6.2480E+04
0000637   1.0075E+06 -1.5710E+04 -2.5582E+04
0000638   1.0003E+06  2.8212E+04 -1.7646E+04
0000639   9.9323E+05  7.1647E+04 -2.3027E+04
0000640   1.0059E+06  2.2203E+04  2.1026E+04
0000641   9.6955E+05  7.7152E+03  1.7765E+04
0000642   9.7128E+05 -7.3215E+03  2.8492E+03
0000643   9.9314E+05 -2.9566E+04  2.0076E+04
0000644   9.7864E+05  7.9661E+04 -3.0188E+04
0000645   9.7554E+05  7.4993E+04 -6.6954E+03
0000646   9.9735E+05 -3.3761E+03  4.9627E+04
0000647   9.8005E+05  5.0354E+02 -5.7253E+02
0000648   9.9486E+05  4.8828E+04  5.6396E+04
0000649   9.8827E+05 -2.9982E+04  1.0743E+04
0000650   9.6702E+05  5.3428E+03 -2.8929E+04
0000651   1.0074E+06  2.7259E+04 -3.8982E+03
0000652   9.8252E+05 -2.1645E+03 -1.7758E+04
0000653   9.9185E+05  4.3485E+03  1.1481E+04
0000654   9.7819E+05 -2.9765E+04  2.9409E+04
0000655   9.9805E+05 -2.3388E+04 -1.2436E+05
0000656   9.7786E+05  8.1518E+03 -1.9407E+04
0000657   9.7465E+05 -2.9339E+04  1.6327E+04
0000658   9.9701E+05 -7.1664E+03 -9.9445E+03
0000659   9.8662E+05  4.2385E+04 -4.5287E+03
0000660   9.6642E+05  2.4251E+04 -3.2964E+04
0000661   9.5824E+05  5.1042E+04 -1.7131E+04
0000662   9.9756E+05 -4.5710E+03  3.9363E+04
0000663   9.7665E+05 -9.3722E+03  5.2069E+04
0000664   9.8029E+05  7.3666E+03 -2.1812E+03
0000665   9.9004E+05 -4.9521E+04  8.6042E+03
0000666   9.8234E+05 -5.6517E+03 -4.6140E+03
0000667   9.6561E+05  4.2368E+04 -2.1962E+04
0000668   9.6888E+05  1.2084E+05 -7.2730E+04
0000669   9.8911E+05  6.7800E+03 -6.8488E+04
0000670   9.7592E+05  4.2777E+04 -2.8676E+04
0000671   9.8535E+05 -2.9005E+04  5.3648E+04
0000672   9.6483E+05 -9.8953E+04 -9.2108E+04
0000673   9.7051E+05 -2.2259E+04  3.8221E+04
0000674   9.9493E+05 -3.4851E+04 -7.5289E+04
0000675   1.0124E+06  3.0819E+04  3.3015E+04
0000676   9.6927E+05 -1.7822E+04 -1.4780E+04
0000677   9.8591E+05  2.0225E+04  1.8966E+04
0000678   9.9914E+05 -5.1198E+04  4.6482E+02
0000679   9.5407E+05  5.1100E+04 -4.5548E+04
0000680   9.8874E+05  1.4651E+04  1.1893E+04
0000681   9.7310E+05 -4.7396E+03 -5.2574E+02
0000682   9.6728E+05  2.1236E+04  1.9517E+04
0000683   1.0050E+06  8.8004E+03 -4.7846E+04
0000684   1.0091E+06 -2.6940E+04 -1.0317E+03
0000685   9.8094E+05  2.2515E+04 -4.2772E+04
0000686   1.0180E+06 -1.6341E+04 -2.5952E+04
0000687   9.7649E+05  1.4940E+05  2.4124E+04
0000688   1.0044E+06 -5.5588E+03 -2.7362E+04
0000689   9.9151E+05 -1.9845E+04  6.4363E+03
0000690   1.0002E+06  5.1430E+04 -5.1562E+03
0000691   9.8794E+05 -1.6310E+04  3.1694E+04
0000692   9.7639E+05  8.1080E+04  6.1534E+03
0000693   1.0134E+06 -1.0404E+04  4.4623E+03
0000694   9.7467E+05  1.7057E+04 -4.9620E+03
0000695   9.9977E+05  6.6409E+04 -1.7078E+04
0000696   9.7971E+05  1.7776E+04 -4.0731E+04
0000697   9.7062E+05 -4.0563E+03 -4.1976E+04
0000698   9.8375E+05 -7.2590E+03 -5.9347E+03
0000699   9.8337E+05 -3.2265E+04  4.1582E+04
0000700   1.0088E+06  3.8428E+03 -2.8901E+04
0000701   9.8754E+05  2.6301E+03  4.5910E+04
0000702   1.0187E+06  7.8367E+03  8.1544E+04
0000703   1.0120E+06 -1.9457E+04  3.9014E+04
0000704   9.7675E+05  1.7650E+04  7.6690E+03
0000705   9.6184E+05  7.9363E+02  1.2709E+04
0000706   9.7964E+05 -2.5366E+03 -2.6813E+04
0000707   9.7444E+05  2.4579E+02  2.5813E+04
0000708   9.9947E+05  1.1138E+04  2.8706E+03
0000709   9.7294E+05  8.0171E+03 -3.7577E+03
0000710   9.9780E+05 -1.1977E+04  2.6274E+04
0000711   9.7382E+05 -1.2129E+04 -2.0139E+04
0000712   9.5739E+05 -8.0460E+03  2.5314E+04
0000713   9.8502E+05  1.5852E+03  1.9375E+04
0000714   9.8549E+05 -7.3699E+04 -7.5618E+03
0000715   9.8792E+05 -1.0363E+04 -8.0638E+04
0000716   9.5574E+05  1.5764E+04  2.7213E+04
0000717   9.8036E+05 -6.0831E+03  2.1256E+04
0000718   9.5599E+05  1.8976E+04 -2.2454E+04
0000719   9.9615E+05  5.5285E+04 -3.9343E+04
0000720   9.4758E+05 -1.7312E+04 -4.5351E+04
0000721   9.8947E+05  9.4981E+03 -5.5212E+03
0000722   9.7753E+05  7.6537E+04 -3.0753E+03
0000723   9.7456E+05 -1.0238E+04  3.7256E+04
0000724   9.7474E+05  1.1066E+04 -4.7281E+04
0000725   9.9164E+05  2.8606E+03 -1.3275E+04
0000726   1.0158E+06 -2.0879E+04  3.5772E+04
0000727   9.9033E+05  4.9166E+04 -1.0644E+04
0000728   9.9335E+05 -2.8534E+04 -2.7868E+04
0000729   9.9406E+05  1.2626E+04 -1.2595E+04
0000730   9.8373E+05  5.7722E+04  8.8118E+04
0000731   9.8202E+05 -7.0375E+03  4.8546E+04
0000732   9.5388E+05 -4.5779E+04  1.7657E+04
0000733   1.0048E+06  1.0689E+04 -3.7801E+04
0000734   1.0043E+06 -2.3260E+04  2.6053E+04
0000735   9.9396E+05  4.2605E+04  3.8652E+04
0000736   9.8725E+05  2.9795E+04 -2.3761E+04
0000737   9.7556E+05  2.8447E+04  3.8967E+04
0000738   9.9792E+05 -1.5052E+04  2.5265E+04
0000739   9.8799E+05  3.0867E+04 -7.9337E+04
0000740   1.0051E+06 -2.1767E+04  4.8112E+03
0000741   9.8838E+05  1.8136E+04  9.2055E+03
0000742   9.9471E+05  6.2445E+04  3.0325E+03
0000743   9.8771E+05 -5.2150E+03  1.8318E+04
0000744   9.7069E+05 -7.3138E+04 -3.0041E+04
0000745   9.6977E+05  3.1434E+04 -4.8201E+04
0000746   9.8585E+05  2.7780E+04 -3.3294E+04
0000747   9.8319E+05  1.8367E+04 -8.0934E+03
0000748   9.9843E+05 -2.7417E+04  3.2120E+04
0000749   9.6658E+05 -6.4811E+04  6.6734E+04
0000750   1.0205E+06  1.9557E+04  1.2585E+04
0000751   9.9491E+05  1.1937E+04  8.6436E+03
0000752   9.7032E+05  5.2656E+04 -3.3136E+04
0000753   9.7738E+05  6.4002E+03  2.1983E+04
0000754   9.8818E+05  1.0974E+05  5.3623E+04
0000755   9.8254E+05  1.2296E+04  7.5294E+04
0000756   9.8462E+05 -2.0127E+04  1.5219E+04
0000757   9.6243E+05 -8.8111E+03 -5.1152E+04
0000758   9.7143E+05  2.2313E+04  8.7427E+03
0000759   9.7638E+05  1.2929E+03  1.4671E+05
0000760   1.0071E+06 -4.5468E+04  2.6932E+03
0000761   9.9291E+05  5.7197E+03  2.4833E+04
0000762   9.8520E+05  1.1177E+03  4.3670E+03
0000763   1.0156E+06 -1.5333E+04 -3.3672E+04
0000764   9.7547E+05  1.6394E+04 -4.3042E+04
0000765   9.8374E+05  6.1092E+03  2.9083E+04
0000766   9.9972E+05 -1.0779E+04  1.0094E+04
0000767   9.9556E+05 -8.9003E+02  1.2921E+04
0000768   9.5347E+05 -6.4442E+03  7.2737E+03
0000769   1.0077E+06  2.4513E+04  3.8308E+04
0000770   9.8096E+05 -8.5548E+03 -6.6182E+03
0000771   1.0029E+06 -5.9132E+04 -4.9520E+03
0000772   9.4562E+05 -5.8970E+03  9.2623E+03
0000773   9.7227E+05 -2.2493E+04  5.2065E+04
0000774   9.8642E+05  1.8492E+05  2.9053E+04
0000775   9.9039E+05  1.8764E+03 -4.1764E+04
0000776   9.5376E+05 -1.3888E+02 -1.8965E+04
0000777   9.9710E+05 -1.2649E+04 -3.4615E+04
0000778   9.7198E+05  3.6495E+04  6.0232E+04
0000779   9.8921E+05 -4.0813E+03 -2.0384E+04
0000780   1.0029E+06  2.1564E+04  1.8068E+04
0000781   9.6733E+05 -3.1256E+04 -4.3864E+03
0000782   9.8752E+05  3.3150E+04  9.6584E+03
0000783   9.6932E+05  9.9237E+03  5.7813E+04
0000784   9.7228E+05  7.6045E+04  3.7533E+03
0000785   9.6891E+05  1.5072E+04 -3.8343E+03
0000786   1.0133E+06  1.9947E+04  7.0066E+03
0000787   9.7957E+05 -1.8589E+04  1.5535E+04
0000788   9.7524E+05 -7.5454E+04 -1.9771E+04
0000789   9.9939E+05 -2.9250E+04 -3.0812E+04
0000790   9.5652E+05  3.6048E+03 -1.6571E+04
0000791   1.0016E+06 -2.5961E+04 -7.1151E+03
0000792   9.6573E+05  6.0261E+04  3.2432E+04
0000793   9.8139E+05  5.3748E+03  1.2475E+04
0000794   1.0098E+06 -4.6174E+03 -3.6461E+03
0000795   1.0087E+06 -1.2685E+04 -1.3897E+04
0000796   1.0001E+06  2.9924E+04  8.0676E+03
0000797   9.7994E+05 -5.0198E+03 -1.9491E+04
0000798   1.0120E+06 -2.4583E+04  4.6763E+04
0000799   1.0079E+06 -3.2671E+04 -1.4452E+04
0000800   9.7105E+05  6.4768E+03  2.1910E+04
0000801   9.8117E+05  9.1607E+03  1.2628E+04
0000802   9.4590E+05 -5.3997E+03  5.5953E+04
0000803   9.7010E+05  1.5748E+04  2.5871E+04
0000804   1.0006E+06  1.3816E+04 -3.5501E+04
0000805   1.0052E+06 -2.5734E+04  8.2321E+03
0000806   9.4567E+05  4.6823E+03  1.1745E+05
0000807   9.8636E+05  3.8670E+04 -4.6290E+04
0000808   9.8362E+05  4.2109E+03 -5.3276E+04
0000809   1.0043E+06  4.4253E+04  7.5046E+04
0000810   9.7409E+05 -3.1759E+04 -3.1994E+04
0000811   9.9163E+05  7.8531E+04 -4.3894E+04
0000812   9.5402E+05 -2.1193E+04  4.7591E+04
0000813   9.9714E+05  8.1971E+03 -4.0084E+04
0000814   9.9040E+05  7.2436E+02  3.3985E+04
0000815   9.9257E+05  1.9713E+04  5.5196E+04
0000816   1.0001E+06  1.8493E+04 -2.3433E+04
0000817   9.8529E+05  3.1736E+04  8.9468E+04
0000818   9.5579E+05  1.2516E+04  2.0535E+04
0000819   9.6362E+05  1.0681E+04  8.0770E+03
0000820   9.7618E+05  4.1143E+04 -8.1803E+04
0000821   1.0066E+06  3.3209E+04  6.2495E+04
0000822   1.0044E+06  5.8351E+04 -2.2959E+04
0000823   9.9143E+05 -9.1020E+04 -1.1303E+05
0000824   1.0139E+06 -1.1443E+04  1.2474E+04
0000825   9.7584E+05 -2.8194E+04  8.5902E+04
0000826   9.6976E+05  2.6919E+04 -6.4769E+03
0000827   9.8728E+05 -3.0948E+04 -2.8921E+04
0000828   9.9151E+05 -4.4885E+04 -5.4186E+04
0000829   9.5482E+05  5.9914E+04 -2.5747E+02
0000830   1.0101E+06 -7.3684E+03  2.7014E+04
0000831   1.0001E+06 -2.0339E+04  1.8606E+04
0000832   9.7742E+05 -6.7738E+04 -3.0271E+04
0000833   1.0119E+06  8.8105E+03 -4.6900E+02
0000834   9.7542E+05 -4.1809E+03 -1.6372E+04
0000835   9.8671E+05 -3.2664E+04 -2.3057E+04
0000836   9.8212E+05  1.0280E+04  3.7099E+04
0000837   9.8138E+05  2.6925E+04 -3.6133E+03
0000838   9.9052E+05  2.5039E+04  9.5399E+03
0000839   9.9230E+05 -2.7254E+04 -2.6691E+04
0000840   9.9606E+05  2.7439E+04 -5.8246E+04
0000841   9.7342E+05  5.3022E+00  6.4039E+04
0000842   9.6873E+05  3.6184E+04  2.4995E+04
0000843   1.0129E+06  6.4470E+04  5.5879E+03
0000844   9.4094E+05  6.4471E+04  4.5816E+04
0000845   9.9944E+05 -4.2998E+04  2.8361E+04
0000846   9.7176E+05  2.7084E+04  2.6591E+04
0000847   9.6850E+05 -1.6059E+04  2.0223E+03
0000848   9.9728E+05  4.2160E+03 -5.6317E+03
0000849   9.5111E+05 -8.9276E+04  1.8937E+04
0000850   1.0096E+06  7.7404E+03 -2.2191E+04
0000851   9.6080E+05 -7.8202E+04  8.9939E+04
0000852   9.8114E+05  5.3133E+04 -8.8501E+04
0000853   9.9539E+05  1.9839E+04  1.7396E+04
0000854   9.8587E+05  2.8589E+04 -3.5331E+02
0000855   9.9386E+05  1.5394E+04  8.8443E+03
0000856   9.8578E+05 -5.3806E+04 -4.7365E+04
0000857   9.9747E+05 -2.9493E+04  1.6554E+04
0000858   9.6418E+05  3.5175E+03  4.3637E+03
0000859   9.8693E+05  2.8113E+03  3.4371E+03
0000860   1.0004E+06 -4.3383E+04  6.9995E+04
0000861   9.7132E+05 -4.8929E+04  2.7704E+04
0000862   9.7022E+05  1.5982E+04 -3.0043E+04
0000863   9.8671E+05  1.1594E+05 -2.3305E+04
0000864   9.7624E+05 -3.0794E+02 -2.6137E+04
0000865   9.7432E+05 -2.5128E+04  7.2811E+04
0000866   9.7947E+05 -1.0313E+04 -8.9893E+03
0000867   9.7332E+05 -3.5611E+04  2.8206E+04
0000868   9.7705E+05  2.6328E+04  3.9259E+04
0000869   1.0202E+06  2.1468E+04  1.3510E+04
0000870   9.8405E+05 -1.6848E+04 -2.2790E+04
0000871   9.4293E+05  2.0078E+04  3.7915E+04
0000872   9.9865E+05  1.6829E+03 -1.3569E+04
0000873   9.8822E+05 -3.2348E+04 -4.9262E+04
0000874   9.7209E+05 -2.1220E+03  3.3312E+04
0000875   1.0011E+06  4.4967E+03  5.3763E+03
0000876   9.7204E+05 -4.5055E+04  4.8309E+04
0000877   9.7608E+05 -3.3589E+04 -4.3619E+04
0000878   9.5555E+05 -9.2886E+03  2.1542E+04
0000879   9.8024E+05  3.4821E+04 -1.1129E+05
0000880   9.7408E+05  9.7961E+03 -4.9482E+04
0000881   9.8099E+05 -9.3840E+04 -4.0978E+04
0000882   9.7772E+05  6.4919E+03  4.0198E+03
0000883   9.9478E+05 -5.8322E+04 -1.0688E+04
0000884   9.9334E+05 -1.0180E+04 -2.0111E+04
0000885   1.0314E+06 -1.2542E+04  7.8721E+04
0000886   9.9848E+05  1.0032E+04 -5.8556E+04
0000887   9.7825E+05 -4.3416E+04 -3.3665E+04
0000888   9.5351E+05  5.2180E+04  1.2569E+05
0000889   9.6938E+05  1.7991E+04  1.0494E+03
0000890   9.9236E+05  9.1053E+04 -2.4777E+04
0000891   9.3367E+05 -2.1850E+04  5.9254E+03
0000892   9.8172E+05  2.4596E+04 -4.4858E+03
0000893   9.8482E+05  2.6198E+04  1.2307E+04
0000894   9.8577E+05  2.4127E+04  2.8631E+03
0000895   9.9063E+05  2.6842E+04  3.0571E+04
0000896   9.7438E+05  1.7380E+04  1.2166E+04
0000897   9.5424E+05  4.8945E+04  1.2561E+05
0000898   9.7835E+05 -5.8149E+04 -4.5407E+04
0000899   9.4992E+05 -2.8653E+04 -2.4509E+04
0000900   9.8054E+05 -1.1508E+04  2.8097E+03
0000901   9.8156E+05 -1.4592E+04 -3.0879E+04
0000902   8.8979E+05  2.2506E+04 -3.8504E+04
0000903   9.9653E+05  1.6189E+04 -5.3203E+03
0000904   9.9640E+05  1.3656E+04  9.3913E+03
0000905   9.9532E+05  1.9211E+04  2.0080E+04
0000906   1.0006E+06  3.4196E+04  3.4623E+04
0000907   9.8641E+05 -4.5620E+04  9.2201E+02
0000908   9.8552E+05 -2.6097E+04 -2.7280E+03
0000909   9.6534E+05 -9.7023E+02  7.0935E+04
0000910   9.9383E+05 -3.5996E+04 -4.6295E+03
0000911   9.9319E+05  8.4315E+03 -6.1043E+03
0000912   1.0045E+06  9.6849E+03  5.5231E+04
0000913   9.6820E+05  9.6972E+03  3.6097E+04
0000914   9.6904E+05 -9.8649E+04  2.9334E+04
0000915   9.7857E+05 -3.2358E+04 -1.0214E+03
0000916   1.0050E+06  2.4274E+04 -5.0546E+04
0000917   1.0141E+06 -3.3023E+03  1.0146E+03
0000918   9.8617E+05 -4.4213E+04 -2.5421E+03
0000919   9.9856E+05  1.8002E+04  6.3627E+04
0000920   9.6828E+05 -9.3954E+03  1.0117E+04
0000921   9.9150E+05  6.0399E+03  1.0092E+04
0000922   9.6771E+05 -1.5311E+04 -1.9197E+04
0000923   9.9644E+05 -4.3058E+03 -3.0610E+03
0000924   9.6041E+05  5.9284E+03  1.6607E+04
0000925   9.7903E+05 -4.8000E+04  3.5950E+04
0000926   9.9825E+05 -5.9574E+04 -2.9086E+04
0000927   9.8229E+05 -3.4209E+04 -9.3681E+03
0000928   9.8113E+05  6.9866E+03  3.0335E+04
0000929   9.9893E+05 -9.9943E+03  2.5630E+03
0000930   9.7824E+05  1.2654E+04 -3.1374E+04
0000931   9.9913E+05  2.0166E+04 -5.2283E+04
0000932   9.9475E+05  3.7921E+04 -1.2444E+04
0000933   9.8016E+05  1.4003E+04 -4.4778E+03
0000934   9.8911E+05  2.0070E+03 -5.3263E+03
0000935   9.8068E+05 -3.7120E+04  7.6569E+03
0000936   9.8891E+05 -4.4092E+03  8.2647E+01
0000937   9.6169E+05 -9.8753E+03  1.0697E+05
0000938   9.8425E+05 -3.1555E+04  4.9797E+04
0000939   1.0010E+06  7.1723E+04 -2.5231E+04
0000940   9.6186E+05 -5.3855E+04  2.8760E+04
0000941   9.6182E+05 -1.2633E+04  1.3796E+04
0000942   9.5871E+05  2.2325E+04 -4.1406E+04
0000943   9.8599E+05  2.3768E+04 -1.2167E+05
0000944   9.9331E+05 -1.8603E+04 -3.6587E+04
0000945   9.7402E+05 -2.7468E+04  2.8117E+04
0000946   9.6463E+05 -5.8008E+04 -1.0703E+05
0000947   9.7072E+05  5.4011E+04 -4.5663E+04
0000948   9.9611E+05 -2.6733E+04 -1.0098E+04
0000949   9.7784E+05  1.8819E+04  1.4367E+04
0000950   9.9776E+05  1.5896E+04  4.5630E+04
0000951   9.7806E+05 -1.1270E+03  2.0191E+04
0000952   9.9548E+05 -1.3227E+04  7.1940E+03
0000953   9.9409E+05  5.9607E+04 -7.4052E+04
0000954   9.6811E+05  5.5680E+03  8.9469E+03
0000955   9.7720E+05 -4.5190E+04  1.6445E+04
0000956   9.9656E+05 -4.1495E+04  1.4393E+04
0000957   9.8707E+05  9.4824E+04 -1.0818E+04
0000958   1.0021E+06  1.7217E+04 -7.1679E+03
0000959   1.0159E+06 -8.0250E+03  2.9241E+04
0000960   1.0069E+06  5.8969E+04 -1.0038E+05
0000961   9.8779E+05  1.0556E+04 -2.7835E+03
0000962   9.9386E+05 -1.7026E+04  4.7870E+03
0000963   9.8356E+05  1.9412E+03 -8.1619E+04
0000964   1.0054E+06  1.1744E+04 -1.8355E+04
0000965   9.8284E+05  6.0896E+04  1.7879E+04
0000966   9.7720E+05  1.0167E+05  5.8876E+04
0000967   9.6410E+05 -5.5225E+03  4.9950E+04
0000968   9.5849E+05  5.4119E+04 -6.5161E+04
0000969   9.8328E+05  3.7601E+04  1.8894E+04
0000970   9.9203E+05 -1.7483E+03 -2.1566E+04
0000971   9.7341E+05 -2.1398E+04  1.1930E+04
0000972   9.9104E+05  5.7806E+04 -1.1279E+05
0000973   1.0247E+06  2.8129E+04  2.2508E+03
0000974   9.5324E+05  2.1746E+04  3.5513E+04
0000975   9.9623E+05 -1.9352E+04 -4.3660E+04
0000976   9.6904E+05  1.7887E+04  1.0829E+05
0000977   1.0193E+06  6.9036E+03  4.5348E+04
0000978   1.0234E+06 -1.2496E+04  1.7298E+04
0000979   9.6701E+05 -4.7988E+03  2.1772E+04
0000980   1.0007E+06 -1.8025E+04 -1.0579E+04
0000981   9.6498E+05 -1.5985E+04  5.4864E+04
0000982   9.7521E+05  2.2987E+04 -4.0899E+04
0000983   9.7923E+05  5.2171E+04 -3.4108E+04
0000984   1.0131E+06  8.9881E+03  1.4119E+04
0000985   9.7149E+05  3.2383E+04  6.3112E+04
0000986   9.7141E+05 -1.2210E+04  2.6695E+04
0000987   9.9874E+05  4.3949E+03  1.3529E+04
0000988   1.0055E+06  5.7225E+04  4.1234E+03
0000989   9.9915E+05 -5.6879E+03  6.5567E+04
0000990   1.0089E+06  4.3950E+04  1.1118E+04
0000991   9.7423E+05  1.2696E+04 -1.2220E+04
0000992   9.5733E+05 -4.1235E+04  3.2125E+03
0000993   9.8688E+05  5.4894E+04 -1.4830E+04
0000994   9.8804E+05 -6.7159E+04  5.3481E+01
0000995   9.7830E+05  1.1394E+04  1.8757E+04
0000996   9.7615E+05 -1.1172E+04  9.5620E+04
0000997   9.7404E+05  1.2459E+04 -6.6688E+04
0000998   9.8905E+05 -5.0969E+03  1.7445E+04
0000999   9.8977E+05  4.7453E+04 -4.0702E+04
0001000   1.0032E+06  6.5690E+03 -1.2361E+04
