============================== SRIM-2013.00 ==============================
==============================================================================
====== SRIM Outputs\RANGE_3D.txt : File of Final Ion Positions =====

Ion =  H (01)   Ion Mass= 001.0080
Energy  = 2200000.E-03 keV
Ion Angle to Surface = 00.0 degrees
==================== TARGET =======================
  Layer # 1 - Si_Top    
  Layer # 1 - Bottom Depth=300000.E+01 A
  Layer # 1 - Density =0002.3210 g/cm3
  Layer # 1 -  100 % of Si
икикикикикикикикикикикикикикикикикикикикикикикикикикикикикикикикикикикикикикикикикикикикикикикикикикикик
  Layer # 2 - Si_Bottom 
  Layer # 2 - Bottom Depth=600000.E+01 A
  Layer # 2 - Density =0002.3210 g/cm3
  Layer # 2 -  100 % of Si
икикикикикикикикикикикикикикикикикикикикикикикикикикикикикикикикикикикикикикикикикикикикикикикикикикикик
                                            
Ion       Depth  X   Lateral Y   Lateral Z  
Number    (Angstrom) (Angstrom)  (Angstrom) 
-------  ----------- ----------- -----------
0000001   5.6275E+05 -1.7209E+04 -1.0891E+04
0000002   5.5001E+05 -2.4470E+04  2.3318E+04
0000003   5.6199E+05  2.2305E+03 -1.0426E+04
0000004   5.7143E+05  4.5593E+03  2.6284E+04
0000005   5.5711E+05  5.3661E+03 -8.4332E+02
0000006   5.7152E+05  1.0424E+04 -3.3403E+04
0000007   5.5700E+05  1.0890E+04 -2.6286E+03
0000008   5.6695E+05 -2.8372E+04  7.4287E+02
0000009   5.7701E+05 -1.9902E+04  3.4797E+04
0000010   5.5447E+05  1.2372E+04 -1.5083E+04
0000011   5.5761E+05 -8.3928E+03 -1.1991E+03
0000012   5.6377E+05 -1.7124E+03  1.7073E+04
0000013   5.6075E+05  3.2833E+04 -2.0760E+04
0000014   5.6690E+05 -6.0101E+03 -4.5066E+04
0000015   5.6321E+05  3.4391E+04 -1.8366E+04
0000016   5.6695E+05  5.4605E+03 -2.1956E+03
0000017   5.6495E+05  5.1729E+04  1.0017E+04
0000018   5.6467E+05  1.9054E+04 -5.8708E+03
0000019   5.6073E+05 -8.3919E+03  9.3014E+03
0000020   5.6844E+05  2.6772E+04 -1.5006E+04
0000021   5.5548E+05 -1.1950E+04 -8.2039E+03
0000022   5.7637E+05 -4.3576E+03  1.7880E+04
0000023   5.6201E+05 -5.7429E+04  1.3252E+04
0000024   5.6647E+05 -5.8042E+03  2.6358E+04
0000025   5.2750E+05  5.6521E+02 -8.4484E+04
0000026   5.6146E+05  1.8824E+04  5.9540E+03
0000027   5.7660E+05  4.2342E+04  1.7831E+04
0000028   5.6558E+05 -5.1094E+03 -2.1702E+04
0000029   5.7397E+05 -6.1251E+04 -1.8976E+04
0000030   5.5808E+05 -1.8874E+04 -1.7798E+04
0000031   5.6595E+05 -5.3811E+02  1.6244E+04
0000032   5.7175E+05  1.6957E+04  4.0334E+03
0000033   5.5740E+05  2.9519E+04  6.5634E+03
0000034   5.3974E+05 -4.3722E+04 -1.7246E+03
0000035   5.6887E+05 -1.3817E+04 -3.8073E+04
0000036   5.9066E+05  3.3194E+04  2.3510E+03
0000037   5.5306E+05  2.0214E+03  2.8487E+04
0000038   5.5535E+05  1.2066E+04 -2.6087E+04
0000039   5.6345E+05  6.0582E+03  5.7717E+03
0000040   5.5239E+05 -3.3477E+04  4.0434E+04
0000041   5.5544E+05  6.3294E+02  4.6596E+04
0000042   5.7352E+05  3.4445E+04  1.5615E+04
0000043   5.6562E+05  3.0228E+04  1.4136E+04
0000044   5.7254E+05 -5.1521E+03 -3.2026E+04
0000045   5.6226E+05  1.1147E+04  3.5693E+03
0000046   5.7393E+05  3.3999E+04 -6.5468E+03
0000047   5.8047E+05  3.6466E+04  5.1815E+04
0000048   5.4948E+05 -1.6156E+04  5.1720E+03
0000049   5.5848E+05  2.6525E+04  8.0535E+04
0000050   5.6217E+05  3.7714E+03  2.5221E+04
0000051   5.6844E+05 -5.3054E+03 -2.9050E+04
0000052   5.5637E+05 -6.5763E+02 -4.7465E+04
0000053   5.6009E+05 -2.7619E+04 -1.5575E+04
0000054   5.7012E+05  6.8557E+03  2.2471E+02
0000055   5.6266E+05 -3.8622E+03 -1.2569E+04
0000056   5.6879E+05 -1.9791E+04  3.0234E+04
0000057   5.4923E+05  3.5447E+04  3.7826E+04
0000058   5.6701E+05 -2.0397E+04  4.1250E+04
0000059   5.8190E+05  4.8085E+03  3.7207E+03
0000060   5.7390E+05  3.1888E+03  1.7491E+04
0000061   5.6938E+05  1.9483E+04  8.5159E+03
0000062   5.7482E+05 -2.0741E+04  6.5758E+03
0000063   5.7114E+05  8.9258E+01  3.5775E+03
0000064   5.6692E+05  1.3673E+04  9.3841E+02
0000065   5.6021E+05  4.3082E+04  5.8729E+04
0000066   5.5310E+05  3.9227E+04  2.2957E+04
0000067   5.8222E+05 -2.9440E+04 -1.4894E+04
0000068   5.7143E+05 -4.0832E+03 -3.6310E+04
0000069   5.6368E+05 -4.0872E+04  1.6989E+04
0000070   5.5027E+05 -2.1214E+03 -2.7752E+04
0000071   5.6228E+05  3.0115E+04  2.5375E+04
0000072   5.6440E+05  2.1639E+04 -6.1988E+03
0000073   5.6450E+05  2.9108E+04  7.6000E+03
0000074   5.6653E+05 -8.9265E+01  5.6945E+03
0000075   5.7574E+05 -3.5774E+02  1.1260E+04
0000076   5.6081E+05  3.1850E+04  4.8797E+04
0000077   4.5934E+05  1.7149E+05 -2.1834E+05
0000078   5.4448E+05  1.9173E+04  1.9592E+04
0000079   5.5844E+05  1.8354E+04 -2.5660E+04
0000080   5.8769E+05 -9.6316E+03 -6.9925E+03
0000081   5.5708E+05 -1.3385E+03 -1.3073E+03
0000082   5.5633E+05 -2.2025E+04  1.8363E+04
0000083   5.6384E+05 -9.0140E+03  2.4873E+04
0000084   5.7677E+05  2.0635E+04  2.9778E+03
0000085   5.9139E+05 -8.0472E+03 -1.1245E+04
0000086   5.7317E+05  8.2387E+03  5.5468E+03
0000087   5.7903E+05 -3.3588E+04 -2.7324E+03
0000088   5.6979E+05 -7.1178E+02 -1.5225E+04
0000089   5.6569E+05 -8.1318E+03 -4.3055E+04
0000090   5.6211E+05  1.0619E+04  1.6094E+03
0000091   5.4442E+05 -8.1792E+03 -7.1946E+03
0000092   5.5321E+05  3.8855E+04 -2.4158E+04
0000093   5.7123E+05 -7.5954E+03 -3.1573E+04
0000094   5.7244E+05 -3.6810E+04 -2.5743E+04
0000095   5.5126E+05 -1.9931E+04  2.5450E+03
0000096   5.5561E+05 -1.5289E+04  1.5360E+04
0000097   5.5568E+05 -8.0404E+03 -6.2911E+03
0000098   5.6815E+05  1.1015E+04  7.0634E+03
0000099   5.5589E+05 -5.0560E+04  2.2727E+04
0000100   5.8394E+05  1.3265E+04  2.4594E+04
0000101   5.5977E+05 -1.4927E+04  7.5720E+03
0000102   5.5418E+05  3.1471E+04  9.0581E+03
0000103   5.7638E+05 -6.9847E+02  1.2519E+04
0000104   5.7080E+05 -5.4543E+03 -4.0170E+04
0000105   5.5252E+05  2.0444E+04  2.2834E+03
0000106   5.6715E+05 -5.0027E+03  5.2321E+04
0000107   5.5048E+05 -5.0044E+03 -4.4036E+04
0000108   5.6502E+05  6.3244E+03 -5.8870E+03
0000109   5.7482E+05  1.1049E+04  1.2689E+04
0000110   5.6417E+05  4.7290E+04 -5.0792E+03
0000111   5.7102E+05  2.7508E+03 -8.3367E+03
0000112   5.6984E+05 -5.0131E+03 -2.1022E+04
0000113   5.8148E+05  1.9224E+03  2.2973E+04
0000114   5.8062E+05 -5.0516E+03 -1.5957E+04
0000115   5.7524E+05 -1.5288E+04  2.6213E+03
0000116   5.6401E+05 -8.8350E+03 -4.0737E+04
0000117   5.6694E+05  3.0020E+04  2.0799E+04
0000118   5.6717E+05 -7.3970E+03  1.5314E+04
0000119   5.6023E+05  2.6470E+04  1.3866E+04
0000120   5.6662E+05  2.1218E+04 -4.3401E+03
0000121   5.4007E+05 -4.0301E+03 -4.5337E+03
0000122   5.6835E+05 -8.5660E+03  6.3983E+03
0000123   5.6008E+05 -1.7024E+04 -1.2742E+04
0000124   5.8294E+05 -2.2197E+04  3.0823E+04
0000125   5.7436E+05 -5.2815E+03 -1.3955E+04
0000126   5.6896E+05 -1.3927E+04 -3.4081E+04
0000127   5.5925E+05 -3.5118E+04  8.4219E+03
0000128   5.6991E+05 -2.8984E+04  5.9987E+04
0000129   5.6176E+05 -2.6482E+04  1.0584E+04
0000130   5.7246E+05  2.0533E+03  4.3854E+03
0000131   5.5314E+05 -5.6492E+03  1.5197E+04
0000132   5.5760E+05  1.4751E+04 -1.7124E+04
0000133   5.7347E+05  1.8863E+04 -3.5524E+03
0000134   5.4862E+05  8.6260E+03  3.4714E+04
0000135   5.6758E+05 -3.7324E+04  3.2842E+04
0000136   5.6871E+05  2.3730E+03  2.1908E+04
0000137   5.5938E+05 -6.8115E+03  2.6439E+03
0000138   5.7402E+05  3.1319E+04 -1.8546E+04
0000139   5.8385E+05  6.0940E+03 -1.5059E+04
0000140   5.6307E+05  4.5429E+03  1.8896E+04
0000141   5.7010E+05 -2.5075E+04 -4.9202E+03
0000142   5.8419E+05  1.6654E+04 -3.9793E+03
0000143   5.5788E+05  2.2672E+04  9.5742E+02
0000144   5.6978E+05  9.2043E+03  1.4136E+04
0000145   5.7547E+05 -4.5421E+04 -4.8255E+04
0000146   5.8069E+05 -2.9430E+03  5.8594E+03
0000147   5.7075E+05  1.4159E+04 -6.0828E+02
0000148   5.6712E+05  1.0645E+03  1.0257E+04
0000149   5.4965E+05  1.9515E+04  3.9018E+04
0000150   5.5171E+05 -1.2879E+04  3.1087E+03
0000151   5.7377E+05  1.2992E+04 -4.8749E+03
0000152   5.5665E+05 -7.2868E+03 -7.7884E+03
0000153   5.7435E+05  5.2962E+03 -1.8368E+04
0000154   5.6057E+05  3.2801E+04 -6.1213E+03
0000155   5.6454E+05 -1.6352E+03 -3.0434E+03
0000156   5.7470E+05  4.8877E+03 -1.4629E+04
0000157   5.6859E+05 -3.9559E+03  1.0830E+04
0000158   5.6547E+05  2.2596E+04  1.8533E+04
0000159   5.7104E+05  1.2822E+04 -7.5711E+03
0000160   5.7127E+05  7.3700E+03  1.3631E+04
0000161   5.6201E+05  3.9717E+03  1.1442E+04
0000162   5.6595E+05 -1.2319E+04 -2.8352E+04
0000163   5.6628E+05  1.0390E+05 -3.5370E+04
0000164   5.8292E+05 -2.7706E+04 -1.2050E+04
0000165   5.6209E+05  1.7691E+04 -8.9071E+02
0000166   5.5312E+05  7.4686E+03  1.2606E+04
0000167   5.5653E+05  3.1637E+04  9.3666E+03
0000168   5.6235E+05 -4.2571E+04  4.2274E+04
0000169   5.6426E+05 -1.3585E+04  3.8819E+03
0000170   5.6478E+05 -3.4774E+04 -4.4304E+04
0000171   5.5440E+05  1.7846E+04  1.2467E+05
0000172   5.6883E+05 -6.8687E+03  2.4083E+04
0000173   5.6281E+05  2.1591E+04 -1.7229E+04
0000174   5.7469E+05  3.6989E+03 -9.2485E+03
0000175   5.6128E+05  2.1975E+04  2.7746E+03
0000176   5.6732E+05  1.9638E+03 -2.2164E+03
0000177   5.6531E+05  6.3193E+03  7.6294E+03
0000178   5.5814E+05  2.4774E+04  8.1021E+03
0000179   5.6914E+05 -2.4462E+03  9.9661E+03
0000180   5.6597E+05  5.5805E+03  3.5242E+02
0000181   5.7436E+05  1.9300E+04 -1.1159E+04
0000182   5.7331E+05  1.6047E+04  3.6717E+04
0000183   5.6698E+05  3.5244E+03  1.5423E+04
0000184   5.6927E+05  6.8034E+03  4.6711E+01
0000185   5.7887E+05 -3.8809E+03  1.1008E+02
0000186   5.8836E+05  1.4287E+04  1.6287E+04
0000187   5.5471E+05 -1.0146E+04  4.6474E+04
0000188   5.5974E+05  1.5841E+04  1.0242E+04
0000189   5.6533E+05 -1.9603E+04 -1.5507E+04
0000190   5.5645E+05  1.7067E+04  2.7020E+03
0000191   5.9056E+05 -2.2838E+04  5.0462E+03
0000192   5.7751E+05  1.4663E+03  5.1003E+03
0000193   5.7182E+05 -2.5966E+04  2.6059E+04
0000194   5.5915E+05  4.6254E+04  1.1576E+04
0000195   5.8824E+05  3.3856E+04 -3.3435E+04
0000196   5.6550E+05 -4.1135E+03  4.1335E+03
0000197   5.5787E+05 -1.5408E+04  8.2618E+03
0000198   5.7172E+05 -2.5889E+04 -1.1550E+04
0000199   5.7112E+05 -3.2552E+03  2.4980E+04
0000200   5.8932E+05 -2.3581E+04 -1.0712E+04
0000201   5.5508E+05  3.0247E+04  2.2672E+04
0000202   5.6000E+05 -1.3567E+04 -4.8791E+04
0000203   5.6664E+05 -6.4160E+03 -2.3613E+04
0000204   5.5222E+05 -6.1081E+04  4.8566E+03
0000205   5.1764E+05  1.1130E+05 -3.5561E+04
0000206   5.4821E+05  4.2564E+03 -1.3430E+04
0000207   5.5550E+05  4.3348E+03 -2.1921E+04
0000208   5.7964E+05  7.1825E+03  3.0325E+04
0000209   5.7731E+05  4.0345E+03  2.1015E+04
0000210   5.6993E+05 -1.6512E+04 -6.7897E+03
0000211   5.7464E+05  1.8031E+04 -1.0496E+04
0000212   5.6357E+05  5.7835E+03  1.1518E+04
0000213   5.6642E+05 -2.3871E+04  2.6724E+03
0000214   5.7225E+05 -1.2289E+04  2.4345E+04
0000215   5.7033E+05 -1.0650E+04  6.6937E+03
0000216   5.8267E+05 -3.2354E+04 -1.7261E+04
0000217   5.6105E+05 -1.5226E+04  3.8178E+03
0000218   5.7248E+05 -2.5390E+04  2.1145E+04
0000219   5.5515E+05 -1.9276E+03  1.3066E+04
0000220   5.7547E+05  6.1511E+04  3.9029E+04
0000221   5.6446E+05 -2.3826E+03  1.7168E+03
0000222   5.5631E+05 -5.8940E+03  3.8731E+04
0000223   5.5424E+05  6.2485E+03 -1.3969E+04
0000224   5.6457E+05 -2.0825E+04 -2.0950E+04
0000225   5.8025E+05 -1.0376E+04 -6.1347E+03
0000226   5.6930E+05 -4.2280E+03 -1.2386E+04
0000227   5.8360E+05  8.0216E+03  1.8928E+04
0000228   5.5867E+05  2.7144E+03  1.5832E+04
0000229   5.7167E+05 -1.6094E+04  1.1088E+04
0000230   5.8115E+05 -1.9957E+04 -1.3755E+04
0000231   5.5894E+05 -1.7317E+03  2.7523E+03
0000232   5.6818E+05  9.3405E+03  7.2236E+03
0000233   5.6801E+05 -2.5036E+02  7.4510E+03
0000234   5.6009E+05  2.6137E+04  1.9618E+04
0000235   5.7602E+05  1.1273E+04 -2.5096E+04
0000236   5.8360E+05 -1.7575E+03  1.5390E+04
0000237   5.7774E+05 -1.3560E+04  1.0244E+04
0000238   5.4672E+05 -7.0556E+03  9.2960E+03
0000239   5.7239E+05  1.7067E+04 -4.5064E+03
0000240   5.6656E+05  1.5271E+04 -5.4385E+04
0000241   5.6351E+05 -3.3446E+04  4.4640E+04
0000242   5.6623E+05  4.0356E+04 -1.1452E+04
0000243   5.7240E+05 -3.3885E+02 -1.1938E+04
0000244   5.6596E+05  4.1482E+04 -2.7663E+04
0000245   5.6815E+05  9.1307E+03  6.2842E+03
0000246   5.6434E+05 -1.5388E+04 -3.1422E+04
0000247   5.5862E+05 -2.5869E+04  1.7138E+04
0000248   5.5131E+05  1.1239E+04  2.6007E+03
0000249   5.6282E+05  1.0769E+04 -6.0787E+03
0000250   5.7227E+05  1.1331E+03  1.9425E+04
0000251   5.7238E+05  2.6872E+03 -9.6096E+03
0000252   5.6529E+05  4.1121E+04  2.4506E+04
0000253   5.4449E+05  1.2499E+04  6.6953E+03
0000254   5.6809E+05 -1.3387E+04 -8.7558E+03
0000255   5.5153E+05  1.3460E+04  9.4957E+03
0000256   5.8884E+05  1.8481E+04 -1.3256E+04
0000257   5.6017E+05 -4.6504E+04  2.3050E+04
0000258   5.6655E+05 -8.9474E+03  3.8807E+03
0000259   5.6658E+05  6.9780E+03 -3.2735E+04
0000260   5.7125E+05 -1.7739E+04  9.0363E+03
0000261   5.6129E+05 -1.4638E+04  1.7762E+04
0000262   5.6582E+05 -8.6386E+03  1.1288E+04
0000263   5.5525E+05 -3.2170E+03  2.2349E+03
0000264   5.6235E+05 -2.6204E+04 -5.4331E+04
0000265   5.5829E+05  1.6349E+04  2.2202E+04
0000266   5.6001E+05 -1.2189E+04  3.4488E+04
0000267   5.8237E+05 -3.4971E+04  2.6957E+04
0000268   5.4314E+05  3.9138E+04  1.5215E+04
0000269   5.7363E+05  5.0772E+04  2.5885E+04
0000270   5.7863E+05  2.0447E+02 -6.1213E+03
0000271   5.7600E+05  9.0870E+03  1.1183E+04
0000272   5.6175E+05 -5.4762E+03 -4.7230E+03
0000273   5.5184E+05 -1.9792E+04 -1.2788E+04
0000274   5.5588E+05  2.3496E+04 -8.0180E+03
0000275   5.5909E+05 -4.6461E+03  1.0839E+04
0000276   5.7365E+05 -5.1154E+03  5.4589E+03
0000277   5.5785E+05  6.6058E+03 -9.7013E+03
0000278   5.5581E+05  8.0420E+03  1.5365E+04
0000279   5.5863E+05  1.4080E+04  5.2156E+03
0000280   5.6838E+05 -3.1352E+04  1.2388E+04
0000281   5.5621E+05 -4.1404E+04 -5.9058E+04
0000282   5.9637E+05 -2.1985E+04  1.3480E+04
0000283   5.6883E+05 -5.5095E+02 -9.7615E+03
0000284   5.5143E+05 -1.4567E+04 -1.5897E+04
0000285   5.5782E+05 -7.6403E+03  2.4748E+04
0000286   5.8430E+05  1.9156E+04  1.9354E+04
0000287   5.6351E+05 -8.5898E+03  4.4574E+04
0000288   5.8551E+05  3.6304E+04 -1.5039E+04
0000289   5.7230E+05 -2.4868E+04 -4.9677E+03
0000290   5.6723E+05 -1.4233E+02 -8.0824E+03
0000291   5.5535E+05 -2.9016E+04  5.6757E+04
0000292   5.6097E+05 -2.4281E+04  1.2800E+04
0000293   5.6593E+05  3.6084E+04  2.3611E+03
0000294   5.3569E+05 -3.0881E+04 -2.9908E+04
0000295   5.6172E+05  8.7716E+03 -4.6274E+04
0000296   5.5973E+05  1.0006E+04  1.2483E+04
0000297   5.5867E+05  4.0795E+02 -2.9858E+04
0000298   5.5812E+05 -1.4729E+04  2.5849E+04
0000299   5.6701E+05  3.5483E+04  3.2990E+04
0000300   5.4098E+05 -4.7217E+04  4.8493E+04
0000301   5.6338E+05 -1.4340E+04 -2.9851E+03
0000302   5.9182E+05  8.4580E+03  2.2317E+04
0000303   5.7033E+05  4.0281E+03  5.3730E+03
0000304   5.5914E+05 -3.3354E+03  2.7497E+03
0000305   5.6638E+05 -3.1503E+03 -1.1491E+04
0000306   5.5367E+05  1.5911E+04  4.2187E+03
0000307   5.6536E+05  2.9667E+04 -1.2597E+04
0000308   5.6004E+05  1.3453E+04 -2.6128E+04
0000309   5.9805E+05  2.1544E+03 -3.7648E+03
0000310   5.6775E+05  4.5736E+03 -5.7128E+03
0000311   5.5547E+05  1.7530E+04  2.2295E+04
0000312   5.8217E+05 -6.4365E+02  2.3708E+04
0000313   5.5876E+05  2.3772E+03 -2.9948E+04
0000314   5.6534E+05 -1.6797E+04  4.1930E+03
0000315   5.7598E+05 -3.2358E+04 -8.7229E+03
0000316   5.7938E+05  1.0851E+04 -1.6291E+04
0000317   5.6738E+05  2.7318E+04  2.0570E+04
0000318   5.7544E+05  6.1950E+03  2.8776E+04
0000319   5.6647E+05  2.7868E+04  1.1639E+04
0000320   5.5329E+05  4.1676E+04  8.9386E+02
0000321   5.6444E+05 -2.3010E+04 -1.7757E+04
0000322   5.6509E+05  3.3136E+04  5.9933E+03
0000323   5.6084E+05  1.8584E+04  2.5359E+04
0000324   5.6877E+05  3.8147E+04  2.4455E+04
0000325   5.8161E+05 -1.1086E+04  8.0474E+03
0000326   5.6615E+05 -1.8396E+03 -8.3710E+03
0000327   5.5894E+05  1.0314E+04  2.9724E+04
0000328   5.5212E+05 -1.2549E+04 -5.1259E+04
0000329   5.5314E+05  9.1131E+03  4.2253E+04
0000330   5.3918E+05 -4.2563E+04 -1.4557E+04
0000331   5.7945E+05 -1.3630E+04  1.9376E+04
0000332   5.5534E+05  3.1580E+03  1.5147E+04
0000333   5.5748E+05 -1.2111E+04  2.0658E+04
0000334   5.6917E+05  1.6835E+04 -6.1937E+03
0000335   5.6337E+05  1.4927E+04 -6.1915E+02
0000336   5.6082E+05  1.0060E+04  6.1056E+03
0000337   5.6998E+05  1.3055E+04  2.5511E+04
0000338   5.7074E+05 -1.4286E+04  2.9263E+04
0000339   5.5958E+05  3.1578E+04 -1.1839E+04
0000340   5.5439E+05  5.0085E+03 -2.4577E+04
0000341   5.7013E+05 -3.9537E+04  3.4862E+04
0000342   5.6016E+05  2.9318E+03  2.0416E+03
0000343   4.5965E+05 -1.3382E+05 -3.1686E+04
0000344   5.4668E+05  8.1140E+03 -2.7400E+04
0000345   5.5749E+05 -2.6905E+04  9.3765E+03
0000346   5.7439E+05 -8.0144E+03 -7.4196E+03
0000347   5.5857E+05  1.7628E+04  1.9020E+04
0000348   5.6756E+05 -8.3228E+03 -7.7836E+03
0000349   5.7843E+05 -7.1437E+03  1.5128E+03
0000350   5.6921E+05 -1.5366E+04 -3.3663E+03
0000351   5.8074E+05  2.5073E+03  1.1463E+04
0000352   5.5268E+05 -3.5822E+04  7.2285E+03
0000353   5.6187E+05  3.0689E+04  1.3479E+04
0000354   5.7284E+05 -2.1978E+04  1.7681E+04
0000355   5.6055E+05  1.5604E+04  7.3325E+03
0000356   5.6242E+05 -3.7413E+04  8.3802E+03
0000357   5.6709E+05  6.5553E+03  5.9075E+03
0000358   5.5956E+05  1.6268E+04 -3.8377E+03
0000359   5.5986E+05 -1.0713E+04  1.0174E+04
0000360   5.6360E+05  3.4647E+03  2.8308E+04
0000361   5.6889E+05  1.5072E+04  5.0469E+03
0000362   5.6535E+05 -8.7894E+03 -1.1305E+04
0000363   5.7434E+05  2.5707E+03 -2.9027E+04
0000364   5.7180E+05  2.3932E+04 -4.2891E+03
0000365   5.6904E+05  1.9347E+04 -1.3429E+04
0000366   5.6368E+05  5.0951E+03  3.5086E+04
0000367   5.7458E+05 -1.5722E+04 -1.9332E+04
0000368   5.6057E+05 -1.7249E+04 -6.2134E+04
0000369   5.7279E+05  1.3106E+04 -9.3285E+03
0000370   5.8141E+05  1.5038E+04 -1.0347E+04
0000371   5.7894E+05 -9.9101E+03  2.0377E+03
0000372   5.7269E+05 -2.2384E+04  2.7568E+04
0000373   5.6879E+05  6.7934E+03  5.7614E+03
0000374   5.4902E+05 -3.4105E+04  1.5892E+04
0000375   5.7344E+05 -3.6998E+04 -2.6494E+03
0000376   5.7513E+05  1.2397E+04 -1.8653E+04
0000377   5.6517E+05  1.6634E+04  1.7999E+03
0000378   5.5254E+05  1.2657E+04 -2.2001E+04
0000379   5.5869E+05 -2.4291E+04  7.0086E+03
0000380   5.7830E+05  4.1403E+03  2.5696E+04
0000381   5.6940E+05  3.2040E+04  4.8071E+04
0000382   5.5241E+05  1.0335E+04 -8.0304E+02
0000383   5.4975E+05 -2.2222E+04  5.8155E+03
0000384   5.7338E+05  7.0450E+03  1.8720E+04
0000385   5.6464E+05 -4.1012E+04 -2.1921E+04
0000386   5.7245E+05 -4.5734E+03 -2.8511E+04
0000387   5.7746E+05  1.5337E+04 -4.3428E+03
0000388   5.5520E+05 -3.0761E+04  3.0093E+04
0000389   5.7506E+05 -1.3384E+04 -1.6928E+03
0000390   5.7348E+05 -6.1313E+03 -4.4153E+03
0000391   5.5933E+05  2.4006E+04 -3.0108E+04
0000392   5.7057E+05 -1.4241E+03 -5.5990E+03
0000393   5.6120E+05  1.1172E+04  9.1744E+03
0000394   5.7181E+05 -7.5945E+03  4.1748E+03
0000395   5.7734E+05  1.9311E+03 -6.0524E+03
0000396   5.4845E+05  9.4829E+04 -5.9475E+04
0000397   5.8148E+05  1.1364E+04  7.9730E+03
0000398   5.7929E+05  2.6779E+03  4.7489E+04
0000399   5.6478E+05  6.3006E+02  3.6216E+04
0000400   5.7722E+05 -2.3514E+04  7.4728E+03
0000401   5.5997E+05 -9.9074E+03 -1.7142E+04
0000402   5.7546E+05  5.2802E+03  1.9622E+04
0000403   5.5669E+05 -2.4491E+04 -1.1232E+04
0000404   5.7475E+05 -2.4291E+04 -3.1442E+04
0000405   5.4742E+05 -1.5640E+04 -3.1899E+04
0000406   5.4770E+05  6.5403E+04  2.1331E+04
0000407   5.6871E+05  1.0753E+03 -5.3406E+03
0000408   5.5474E+05 -1.1806E+04 -1.4220E+04
0000409   5.8242E+05  2.3914E+04  1.2743E+04
0000410   5.5978E+05  2.2432E+04 -1.9882E+03
0000411   5.7266E+05 -6.0501E+03  1.1279E+04
0000412   5.6878E+05 -1.4637E+02 -8.4055E+03
0000413   5.6103E+05 -5.4605E+02 -1.0603E+04
0000414   5.6828E+05  2.7610E+03 -3.1955E+04
0000415   5.7315E+05 -3.1762E+04 -3.7341E+04
0000416   5.7988E+05 -2.8006E+04 -2.9615E+04
0000417   5.7126E+05  4.6637E+03  3.0981E+04
0000418   5.6201E+05  8.4057E+03  1.0623E+04
0000419   5.5598E+05  3.2500E+04 -2.1416E+04
0000420   5.6450E+05  2.7956E+03  1.0126E+04
0000421   5.5908E+05 -3.0321E+04  1.8176E+04
0000422   5.5902E+05 -3.7551E+04 -1.9373E+04
0000423   5.8295E+05  5.0354E+03 -1.3860E+04
0000424   5.5628E+05 -7.6804E+03  4.6527E+03
0000425   5.5132E+05 -1.5442E+04 -1.2079E+04
0000426   5.6757E+05  1.5595E+04  1.0343E+04
0000427   5.7205E+05 -1.6234E+04  1.0502E+04
0000428   5.5837E+05  1.1893E+04 -1.3980E+03
0000429   5.3863E+05  1.2007E+05 -4.3987E+04
0000430   5.6353E+05  1.2020E+04 -6.9461E+03
0000431   5.7904E+05 -6.2535E+03 -2.7830E+04
0000432   5.5722E+05 -6.6284E+03  1.4609E+04
0000433   5.6142E+05  1.1931E+04  1.4912E+04
0000434   5.7490E+05  3.8663E+04  1.2029E+04
0000435   5.7399E+05 -1.7407E+04 -3.4480E+03
0000436   5.5462E+05 -1.0229E+04  2.2159E+04
0000437   5.6474E+05  4.1218E+04 -2.6772E+04
0000438   5.7540E+05 -9.5496E+03 -1.2541E+04
0000439   5.6120E+05 -2.2868E+04  1.2932E+04
0000440   5.7579E+05  1.1993E+04  2.4130E+04
0000441   5.7220E+05  1.0251E+04  3.0469E+03
0000442   5.5458E+05  1.9241E+04  2.8331E+04
0000443   5.5871E+05  2.9822E+02 -2.3507E+03
0000444   5.7680E+05  8.1410E+03 -6.4411E+03
0000445   5.6541E+05  1.9426E+04  4.4155E+04
0000446   5.5529E+05  2.2700E+04  7.5421E+02
0000447   5.7899E+05  1.1117E+04  1.4973E+04
0000448   5.6011E+05  5.4523E+03  8.9298E+03
0000449   5.5592E+05 -2.0470E+04 -2.8893E+04
0000450   5.6300E+05 -7.8465E+04  3.3958E+04
0000451   5.7365E+05 -1.7053E+04 -1.2163E+04
0000452   5.6151E+05 -1.0451E+04 -2.2692E+03
0000453   5.6760E+05  1.0355E+04 -1.2020E+04
0000454   5.6359E+05 -4.5748E+03  5.7073E+02
0000455   5.7933E+05 -1.9865E+03 -3.6964E+03
0000456   5.6909E+05 -2.7217E+04 -1.2693E+04
0000457   5.7584E+05  8.1712E+03  1.7202E+04
0000458   5.6629E+05 -4.4288E+03  1.2553E+04
0000459   5.6333E+05  2.2084E+04  2.7762E+04
0000460   5.6166E+05  9.5281E+03 -8.4948E+02
0000461   5.5886E+05  1.6179E+04 -1.6086E+04
0000462   5.7185E+05 -3.3814E+03  3.5312E+04
0000463   5.7186E+05 -1.1330E+04 -1.4281E+04
0000464   5.3886E+05  2.0436E+04  2.3231E+04
0000465   5.6322E+05 -1.1110E+04  2.6195E+04
0000466   5.6096E+05 -1.3866E+03 -2.7208E+04
0000467   5.6138E+05  9.3147E+04 -5.1328E+04
0000468   5.5538E+05 -3.6791E+04  1.3404E+04
0000469   5.6607E+05  9.8593E+03  1.6357E+04
0000470   5.6085E+05 -5.8355E+03  4.8324E+04
0000471   5.6401E+05  2.5889E+03  8.2183E+03
0000472   5.6301E+05 -2.3844E+04 -3.5710E+03
0000473   5.6549E+05 -7.8419E+03  8.6551E+03
0000474   5.5426E+05  1.3018E+04  3.0888E+04
0000475   5.5931E+05  5.1684E+04 -4.7369E+03
0000476   5.8262E+05  4.1214E+03  2.4864E+03
0000477   5.8266E+05  1.9711E+04  2.0371E+04
0000478   5.7757E+05 -4.3628E+04  3.0274E+04
0000479   5.7127E+05 -1.9048E+04 -4.4888E+04
0000480   5.5960E+05  4.9935E+03 -3.5953E+02
0000481   5.7252E+05 -1.2182E+04  1.7299E+04
0000482   5.6003E+05  1.2314E+04 -2.2058E+04
0000483   5.6902E+05 -2.5195E+04  4.3878E+04
0000484   5.5131E+05  4.2224E+03 -2.7563E+03
0000485   5.5624E+05 -2.0486E+04 -2.8328E+03
0000486   5.5641E+05  7.4472E+03  1.4779E+04
0000487   5.6655E+05  2.1931E+04 -3.0550E+04
0000488   5.6757E+05  8.4487E+03  4.7029E+03
0000489   5.6523E+05 -4.9543E+03  1.9389E+04
0000490   5.7299E+05  1.5234E+04  1.6154E+04
0000491   5.6823E+05  2.2676E+04 -6.3954E+03
0000492   5.6009E+05  2.3938E+04  4.9319E+04
0000493   5.5515E+05 -2.8354E+04  1.1681E+04
0000494   5.5250E+05 -4.4931E+04 -1.4809E+03
0000495   5.6344E+05 -3.5090E+04  1.8585E+04
0000496   5.6597E+05  9.0562E+02 -1.1760E+04
0000497   5.6710E+05 -7.3176E+01  1.8164E+03
0000498   5.6785E+05  1.2412E+04  1.3835E+04
0000499   5.5302E+05 -2.0522E+04 -1.5510E+04
0000500   5.6592E+05  2.4107E+04 -6.6982E+03
0000501   5.6670E+05  4.4602E+04 -3.4259E+04
0000502   5.8112E+05  1.3226E+02  1.6063E+04
0000503   5.8249E+05  6.1106E+03  1.4339E+04
0000504   5.5848E+05 -2.0547E+04 -6.0292E+04
0000505   5.6425E+05 -1.6316E+04  3.8488E+03
0000506   5.6451E+05  1.0318E+04 -2.4508E+04
0000507   5.6096E+05 -1.1180E+04 -4.6233E+03
0000508   5.6063E+05 -2.5462E+04  4.4299E+03
0000509   5.6709E+05  1.7900E+04  1.0431E+04
0000510   5.5171E+05  1.0465E+04 -3.9699E+04
0000511   5.6095E+05  7.3398E+03 -3.5404E+04
0000512   5.8027E+05  3.2023E+04 -3.5242E+03
0000513   5.5768E+05 -4.1233E+04 -7.5695E+04
0000514   5.5980E+05  3.0821E+03  2.2854E+04
0000515   5.5199E+05 -1.2715E+04 -2.1777E+04
0000516   5.6706E+05  2.1705E+04  1.2382E+04
0000517   5.6379E+05  8.3736E+03  5.2588E+03
0000518   5.6737E+05 -8.8707E+03  2.0061E+03
0000519   5.6492E+05 -3.2702E+04  3.9030E+04
0000520   5.5587E+05 -1.8969E+04 -6.6171E+02
0000521   5.5877E+05  3.3937E+03  1.2568E+04
0000522   5.8081E+05  9.4562E+03 -2.7889E+04
0000523   5.8639E+05 -1.9353E+04  6.1900E+03
0000524   5.5871E+05  4.4146E+04  4.6595E+03
0000525   5.6042E+05 -6.6774E+03  2.0763E+03
0000526   5.6720E+05 -4.3466E+04  1.6142E+04
0000527   5.6841E+05  1.5382E+03 -1.0825E+04
0000528   5.6507E+05 -1.0999E+04  6.3103E+03
0000529   5.7910E+05 -1.1152E+03  1.9904E+03
0000530   5.7046E+05  1.1408E+03 -1.8907E+04
0000531   5.4901E+05  2.8719E+04 -1.5182E+04
0000532   5.5753E+05  2.7168E+04 -3.2252E+04
0000533   5.7977E+05  3.2585E+04 -1.2145E+04
0000534   5.4733E+05 -7.2107E+03  1.6403E+04
0000535   5.9064E+05  2.5997E+04  6.9470E+03
0000536   5.5281E+05  2.9930E+04 -5.4411E+03
0000537   5.5067E+05  4.1812E+03 -2.3149E+04
0000538   5.4988E+05 -1.1595E+04  1.1710E+04
0000539   5.7955E+05  2.2600E+04 -2.0534E+04
0000540   5.7036E+05 -9.3369E+02  1.0416E+04
0000541   5.4750E+05  3.0328E+03  8.7380E+03
0000542   5.6003E+05  1.5681E+03  2.9053E+04
0000543   5.5778E+05 -1.3941E+04 -1.3168E+04
0000544   5.5512E+05 -1.7098E+04  3.2703E+04
0000545   5.5163E+05 -3.1565E+03 -1.4805E+04
0000546   5.7947E+05 -3.2551E+03 -7.1773E+03
0000547   5.6307E+05 -3.8125E+02  3.8869E+03
0000548   5.6312E+05  2.4498E+04 -7.3883E+03
0000549   5.6999E+05  1.6186E+04 -1.2420E+04
0000550   5.4935E+05  1.7762E+04  1.8722E+04
0000551   5.6313E+05 -1.4423E+04 -3.2997E+04
0000552   5.5771E+05 -4.9325E+04 -1.0664E+04
0000553   5.7481E+05 -2.0092E+04 -1.8485E+04
0000554   5.6504E+05 -1.3954E+03 -4.1305E+03
0000555   5.5075E+05  1.5403E+04  3.7689E+04
0000556   5.6337E+05 -1.8487E+04  2.6923E+04
0000557   5.6534E+05 -2.1115E+03  4.5406E+03
0000558   5.6932E+05  1.1325E+04  3.4492E+04
0000559   5.5396E+05  6.0358E+04  1.6561E+04
0000560   5.7446E+05  3.6458E+03  2.4520E+04
0000561   5.4598E+05  2.4130E+04  2.5323E+04
0000562   5.7835E+05 -6.3184E+04 -3.2220E+03
0000563   5.6603E+05 -2.2411E+04 -1.7627E+04
0000564   5.6177E+05  6.5230E+03 -9.9537E+03
0000565   5.5784E+05  3.3053E+04  5.0367E+03
0000566   5.7756E+05 -1.4059E+04 -2.4367E+04
0000567   5.6602E+05 -8.3933E+03  6.2801E+04
0000568   5.4282E+05  1.2277E+05 -3.4570E+04
0000569   5.6152E+05 -2.7387E+03  2.0950E+03
0000570   5.6173E+05 -1.6057E+04  1.3333E+04
0000571   5.6712E+05  2.3596E+04 -1.0158E+04
0000572   5.5469E+05  7.8348E+03  1.7703E+04
0000573   5.6207E+05 -1.8079E+04 -5.1552E+04
0000574   5.4626E+05  9.5130E+03 -2.3738E+03
0000575   5.6166E+05  3.1158E+04  2.4673E+04
0000576   5.6377E+05  1.6459E+04  3.6086E+04
0000577   5.6341E+05  1.0260E+04 -3.1894E+04
0000578   5.7008E+05 -1.4913E+04 -3.7472E+03
0000579   5.6064E+05 -2.6803E+04 -5.6257E+03
0000580   5.5028E+05 -1.1513E+04  8.2335E+03
0000581   5.5611E+05 -5.1438E+04 -4.1561E+03
0000582   5.6030E+05 -1.0018E+04  1.5230E+04
0000583   5.7364E+05  1.4333E+03  3.6363E+04
0000584   5.5635E+05 -1.1799E+04 -1.3627E+04
0000585   5.7062E+05  1.8666E+04  1.2775E+04
0000586   5.6921E+05 -1.9656E+04 -2.0624E+04
0000587   5.5853E+05  1.8659E+04  5.5938E+04
0000588   5.6267E+05  1.6133E+04 -6.0753E+03
0000589   5.7992E+05  4.2978E+03 -7.8879E+03
0000590   5.6923E+05  1.0284E+04 -7.7427E+04
0000591   5.7430E+05 -2.5640E+04  3.3484E+04
0000592   5.7295E+05 -1.8094E+04  7.7966E+03
0000593   5.8634E+05 -1.5032E+04 -7.2761E+03
0000594   5.5279E+05 -5.3123E+02  1.8350E+04
0000595   5.4774E+05  2.1825E+04  1.7797E+04
0000596   5.6386E+05 -1.9498E+04 -1.1250E+04
0000597   5.7441E+05 -2.2731E+04  2.3813E+03
0000598   5.7468E+05 -2.7747E+04 -2.7687E+04
0000599   5.5344E+05  2.9769E+04 -4.3124E+03
0000600   5.6690E+05  1.5418E+04  3.4297E+04
0000601   5.6405E+05  1.2573E+04 -1.2153E+03
0000602   5.5380E+05 -3.3979E+03  4.1635E+02
0000603   5.8125E+05  3.9435E+04  7.6195E+03
0000604   5.6739E+05  1.0483E+04 -9.8892E+02
0000605   5.7001E+05 -8.5459E+02  1.0451E+04
0000606   5.6882E+05  1.4373E+04  1.4306E+03
0000607   5.4170E+05  1.0967E+04 -2.6635E+04
0000608   5.4504E+05  2.0820E+04 -3.0408E+03
0000609   5.5799E+05 -2.1553E+03 -5.2876E+04
0000610   5.6109E+05  6.5939E+03 -4.3340E+03
0000611   5.5666E+05 -2.4900E+04  8.6017E+03
0000612   5.7359E+05 -8.1837E+02 -2.2468E+04
0000613   5.7000E+05 -1.1947E+04  1.9204E+04
0000614   5.7562E+05 -1.0280E+04 -1.7203E+04
0000615   5.6320E+05  3.8956E+04 -1.4598E+04
0000616   5.5969E+05  4.3613E+04 -3.2243E+04
0000617   5.5879E+05  3.0890E+04  1.4986E+04
0000618   5.7818E+05  2.6347E+04 -1.2618E+04
0000619   5.4207E+05  1.5880E+04  6.3545E+02
0000620   5.6680E+05  4.0356E+04 -1.0407E+04
0000621   5.6281E+05  5.7571E+03  3.5162E+03
0000622   5.6400E+05 -1.7003E+03 -2.4677E+04
0000623   5.5833E+05 -1.2917E+04 -5.4434E+03
0000624   5.6502E+05 -1.5368E+04 -1.1768E+04
0000625   5.7071E+05 -4.5531E+03 -6.0406E+03
0000626   5.5072E+05 -8.6532E+04 -5.6410E+04
0000627   5.6344E+05 -6.1681E+03 -2.2216E+04
0000628   5.6555E+05  6.0823E+03  8.5793E+03
0000629   5.6926E+05 -1.4347E+04  7.0623E+03
0000630   5.6939E+05  1.1853E+04  2.0674E+03
0000631   4.8684E+05 -1.2030E+03 -2.5160E+05
0000632   5.7498E+05  1.4957E+04 -3.7379E+03
0000633   5.7229E+05 -9.0035E+02  4.2081E+03
0000634   5.7323E+05  2.9982E+04  1.0618E+04
0000635   5.6374E+05 -2.7240E+03 -1.5624E+04
0000636   5.6255E+05 -2.4145E+03  5.7330E+03
0000637   5.8545E+05 -3.0191E+03  3.8105E+02
0000638   5.5045E+05  1.1742E+04 -1.3048E+04
0000639   5.5016E+05 -5.8719E+03 -1.5744E+04
0000640   5.6561E+05 -9.5234E+03  1.2983E+02
0000641   5.5434E+05 -5.3721E+03  7.0776E+02
0000642   5.8625E+05 -3.4685E+04 -1.1375E+04
0000643   5.3162E+05 -2.7341E+04  5.8819E+04
0000644   5.4745E+05 -1.8000E+04  1.2117E+04
0000645   5.6675E+05 -1.8925E+03 -2.9187E+04
0000646   5.6070E+05 -2.0042E+04  5.0732E+04
0000647   5.6551E+05 -1.3660E+04  1.0356E+04
0000648   5.5414E+05  2.2640E+04  1.1029E+04
0000649   5.9098E+05  9.4323E+03  6.4784E+04
0000650   5.5525E+05 -6.5134E+03 -1.2397E+04
0000651   5.5917E+05  1.3733E+02  5.5700E+04
0000652   5.5455E+05 -4.9248E+04 -2.3227E+04
0000653   5.6042E+05  1.0276E+04  2.0759E+04
0000654   5.5422E+05 -8.0788E+03  2.9587E+04
0000655   5.8024E+05 -7.8642E+03 -2.5767E+03
0000656   5.8689E+05 -1.4477E+04 -6.4796E+02
0000657   5.9051E+05  3.1768E+04  3.6525E+04
0000658   5.6001E+05 -1.4567E+04 -6.1300E+03
0000659   5.7059E+05  1.0987E+04 -5.2361E+04
0000660   5.4046E+05  4.4662E+04 -6.4204E+04
0000661   5.8634E+05 -2.7288E+04  2.2795E+03
0000662   5.5290E+05 -2.9941E+04  1.3326E+04
0000663   5.6265E+05 -1.7378E+04 -1.6752E+04
0000664   5.7522E+05 -4.0261E+03  7.7579E+03
0000665   5.6006E+05 -2.4652E+04 -5.5984E+03
0000666   5.6720E+05  2.2482E+04  3.4994E+03
0000667   5.5898E+05 -2.9384E+03  2.1657E+03
0000668   5.7527E+05  2.3065E+04 -6.9795E+02
0000669   5.5881E+05 -1.1248E+04 -3.8087E+03
0000670   5.7181E+05 -1.2424E+04  1.7255E+02
0000671   5.7495E+05 -5.9581E+01  2.6459E+03
0000672   5.6349E+05  9.1269E+03 -4.0870E+03
0000673   5.5775E+05 -2.4817E+04 -4.4495E+03
0000674   5.6837E+05 -1.4780E+04 -3.4340E+04
0000675   5.6664E+05  6.0533E+03 -6.5607E+03
0000676   5.6307E+05  1.1489E+04 -6.3037E+03
0000677   5.5819E+05 -6.7776E+03  2.1179E+04
0000678   5.6988E+05 -1.7457E+04  1.9440E+04
0000679   5.5452E+05 -1.8812E+04  7.3863E+03
0000680   5.6836E+05 -2.8660E+04  1.8770E+03
0000681   5.7843E+05 -1.4229E+04  1.2570E+04
0000682   5.5828E+05  1.1274E+04  9.7756E+03
0000683   5.7778E+05  3.2711E+04 -1.7669E+04
0000684   5.4627E+05 -1.3077E+04 -7.2630E+03
0000685   5.5672E+05  6.1188E+04 -4.6332E+04
0000686   5.5528E+05 -9.2379E+03  3.1006E+04
0000687   5.6039E+05 -6.1735E+03 -2.0830E+04
0000688   5.7983E+05 -1.3103E+04 -1.4305E+04
0000689   5.6123E+05  7.0881E+03 -3.0629E+04
0000690   5.8169E+05  1.4828E+04 -2.0215E+03
0000691   5.8069E+05 -7.9635E+03 -1.5043E+04
0000692   5.5314E+05 -4.6487E+03 -1.9814E+04
0000693   5.8116E+05 -1.1535E+04 -2.9427E+04
0000694   5.6549E+05  1.5391E+04 -1.1138E+04
0000695   5.6509E+05 -2.6179E+04 -2.7256E+03
0000696   5.7026E+05  7.4434E+03  1.0444E+04
0000697   5.6392E+05  1.5854E+04 -6.3549E+03
0000698   5.6515E+05 -3.0356E+03  1.1419E+03
0000699   5.6609E+05 -1.3255E+04 -7.6501E+03
0000700   5.7185E+05  1.0028E+04 -1.1961E+04
0000701   5.8774E+05  7.4408E+03  1.6146E+04
0000702   5.5762E+05  9.2361E+03  1.1027E+04
0000703   5.3344E+05 -1.0061E+03 -3.1823E+03
0000704   5.6384E+05  5.8676E+03  6.4838E+03
0000705   5.6039E+05  4.4754E+03  8.0488E+03
0000706   5.6198E+05  1.4490E+04 -2.9548E+04
0000707   5.6433E+05  3.8433E+04  2.9473E+04
0000708   5.5070E+05 -1.1620E+04  1.1801E+04
0000709   5.5341E+05 -1.0467E+04 -7.6918E+03
0000710   5.8454E+05  5.8140E+03 -9.5518E+03
0000711   5.6923E+05  6.8834E+02  1.5263E+04
0000712   5.5061E+05  3.3297E+03  1.6475E+04
0000713   5.7446E+05  4.6072E+03  1.3283E+03
0000714   5.6490E+05 -1.3579E+03 -9.3633E+03
0000715   5.5982E+05  3.7159E+03  2.5421E+04
0000716   5.5225E+05  2.2347E+04  1.1613E+04
0000717   5.6422E+05  7.2934E+03 -1.2240E+03
0000718   5.5443E+05  3.4001E+04 -2.0435E+04
0000719   5.5476E+05 -2.0935E+04 -3.4317E+04
0000720   5.5824E+05 -8.5434E+03 -8.7856E+03
0000721   5.7997E+05 -3.5123E+03 -3.1018E+04
0000722   5.5568E+05  2.3445E+04  3.4350E+04
0000723   5.7639E+05 -3.0221E+02  1.4079E+04
0000724   5.5608E+05 -1.8249E+04  1.0722E+04
0000725   5.6669E+05 -3.4698E+04  3.2012E+04
0000726   5.5709E+05 -8.6052E+03  1.8234E+04
0000727   5.6664E+05  1.0716E+04  2.2228E+04
0000728   5.7385E+05  1.7947E+04 -8.3710E+03
0000729   5.6181E+05  3.5021E+04 -1.9647E+04
0000730   5.7368E+05 -2.9251E+04 -9.5821E+03
0000731   5.6305E+05  5.2943E+04 -2.1817E+04
0000732   5.7445E+05 -4.5592E+02  2.4870E+04
0000733   5.7389E+05 -2.5359E+04 -5.5533E+03
0000734   5.5508E+05  4.3102E+04 -4.5320E+03
0000735   5.6675E+05  1.6020E+03  1.7982E+04
0000736   5.4899E+05 -2.9921E+04  2.5648E+04
0000737   5.6618E+05  4.7489E+03  1.2632E+04
0000738   5.7194E+05  2.1003E+04 -1.4723E+04
0000739   5.7274E+05 -3.3166E+03  3.8290E+03
0000740   5.5834E+05  1.2860E+04 -3.7483E+04
0000741   5.4805E+05  3.1432E+04  1.6584E+03
0000742   5.7428E+05  4.7861E+03  1.1314E+04
0000743   5.7251E+05  2.7137E+03 -7.6966E+03
0000744   5.8002E+05  9.4964E+03  3.4447E+03
0000745   5.7599E+05  5.8412E+03 -1.8156E+04
0000746   5.7306E+05 -2.6319E+04  2.0849E+04
0000747   5.6047E+05  1.1702E+04  2.3828E+04
0000748   5.5918E+05  1.7421E+04  7.6069E+03
0000749   5.4763E+05 -3.6556E+04 -6.5542E+04
0000750   5.5185E+05  3.0210E+04  1.7355E+04
0000751   5.4482E+05  1.2020E+04  3.5169E+04
0000752   5.6555E+05  3.5949E+04 -4.2857E+04
0000753   5.6909E+05  5.1938E+03  3.1684E+03
0000754   5.6087E+05 -2.5788E+04  3.2812E+04
0000755   5.8002E+05  2.1101E+04 -1.1972E+04
0000756   5.7680E+05  1.6283E+04  2.0070E+04
0000757   5.7710E+05  2.3180E+04  4.2341E+03
0000758   5.8702E+05  9.5178E+02 -4.4364E+04
0000759   5.5766E+05 -2.2821E+04 -4.6792E+04
0000760   5.7052E+05  5.6185E+03 -3.0410E+04
0000761   5.5755E+05  5.9596E+03 -2.7127E+04
0000762   5.5531E+05  2.7321E+04  1.0760E+04
0000763   5.6338E+05 -2.2360E+04 -1.6830E+04
0000764   5.6845E+05 -1.5659E+04 -3.3813E+04
0000765   5.7328E+05 -2.1469E+04 -2.9174E+04
0000766   5.4460E+05  1.9115E+04 -1.6082E+04
0000767   5.8104E+05 -1.5327E+03  1.0087E+04
0000768   5.6751E+05  2.9487E+04  1.1063E+04
0000769   5.6162E+05 -1.0691E+04  7.0377E+03
0000770   5.6218E+05 -8.2074E+02 -1.1614E+04
0000771   5.6215E+05 -2.4671E+04  2.3614E+04
0000772   5.7078E+05  2.8120E+04  5.8898E+03
0000773   5.7310E+05  2.8496E+04  2.0346E+04
0000774   5.6312E+05 -2.3114E+04 -1.0115E+04
0000775   5.5839E+05  3.4457E+04 -2.4878E+04
0000776   5.7117E+05 -2.3246E+04  8.0972E+03
0000777   5.6331E+05 -9.5703E+03  1.8558E+04
0000778   5.8021E+05  1.5724E+04 -4.5079E+03
0000779   5.8244E+05  1.0522E+04  2.4754E+04
0000780   5.7755E+05 -3.3724E+04  2.2021E+04
0000781   5.8253E+05 -3.3391E+03 -1.0949E+04
0000782   5.7732E+05 -1.1296E+04 -3.7566E+04
0000783   5.7280E+05  3.2998E+04  1.1122E+04
0000784   5.6325E+05  9.6395E+03 -1.5170E+03
0000785   5.6111E+05 -7.2657E+04 -9.4754E+03
0000786   5.6637E+05 -4.9989E+04  3.2780E+04
0000787   5.7410E+05  1.3266E+04 -1.1116E+04
0000788   5.5459E+05 -1.6713E+04 -1.5891E+04
0000789   5.5411E+05  7.1892E+03  3.4142E+04
0000790   5.5172E+05 -2.8538E+04  7.4001E+03
0000791   5.6860E+05  1.4245E+04  2.8342E+03
0000792   5.7815E+05 -7.4486E+03  3.1661E+04
0000793   5.4344E+05  9.0221E+04 -6.6669E+04
0000794   5.6312E+05 -1.1860E+03  6.2192E+03
0000795   5.6384E+05  7.3775E+03 -1.4321E+04
0000796   5.7232E+05  1.5251E+04  2.5201E+04
0000797   5.6908E+05  2.6521E+04  7.4755E+03
0000798   5.5834E+05  7.1726E+04  4.7559E+04
0000799   5.8064E+05  5.3892E+04 -8.5053E+03
0000800   4.9731E+05 -1.1870E+05  9.5440E+04
0000801   5.7451E+05  4.2370E+03 -1.4313E+04
0000802   5.8423E+05 -6.6348E+03  3.0680E+04
0000803   5.6014E+05 -7.2172E+04  2.3713E+04
0000804   5.4910E+05  9.8611E+03 -1.0768E+04
0000805   5.7107E+05 -3.4330E+04  6.1846E+04
0000806   5.6526E+05  1.7194E+04 -3.9307E+04
0000807   5.7607E+05 -2.3474E+04  3.0535E+04
0000808   5.6533E+05 -6.3187E+03 -1.3172E+04
0000809   5.6193E+05  9.6929E+03  7.1427E+03
0000810   5.8073E+05  4.3009E+04  4.9236E+03
0000811   5.4335E+05  1.8514E+04  1.0092E+04
0000812   5.4770E+05  1.1967E+04  9.7741E+02
0000813   5.5217E+05 -1.2857E+04 -1.2287E+04
0000814   5.6350E+05  5.0317E+03 -2.1538E+03
0000815   5.6472E+05 -7.6145E+03  1.2270E+04
0000816   5.8399E+05 -3.5620E+04 -4.6565E+03
0000817   5.8553E+05 -1.1546E+04 -6.1881E+03
0000818   5.5989E+05  4.5813E+03  1.5795E+04
0000819   5.8257E+05 -1.1691E+04  9.2661E+02
0000820   5.7070E+05  2.4484E+04  2.1314E+03
0000821   5.6698E+05 -3.9934E+03  9.6733E+03
0000822   5.7186E+05  3.5979E+03 -2.1938E+04
0000823   5.6901E+05 -1.3892E+04  5.0015E+03
0000824   5.6821E+05 -2.0637E+04 -1.5858E+04
0000825   5.7047E+05  9.8375E+03  9.2858E+03
0000826   5.6468E+05 -3.5357E+04 -3.5195E+04
0000827   5.5929E+05  2.9837E+04 -9.5720E+03
0000828   5.6683E+05  1.0762E+04 -2.7456E+04
0000829   5.5726E+05  1.4661E+04 -4.3805E+03
0000830   5.6208E+05  1.6346E+04  2.6136E+04
0000831   5.6447E+05 -1.8979E+04  2.1175E+04
0000832   5.5401E+05 -1.8016E+04 -7.0458E+03
0000833   5.6101E+05 -3.1595E+03 -7.7496E+02
0000834   5.6488E+05  1.2077E+04  1.9505E+04
0000835   5.6522E+05  2.5910E+04  2.0997E+04
0000836   5.7226E+05  1.0625E+04  2.8096E+04
0000837   5.4991E+05 -1.8439E+04  8.6093E+03
0000838   5.7406E+05 -3.3098E+04  2.4709E+04
0000839   5.6381E+05 -3.8894E+03 -8.9938E+02
0000840   5.5934E+05  3.2267E+04  1.3907E+04
0000841   5.5926E+05  1.9191E+03  1.4633E+04
0000842   5.5221E+05 -2.4883E+03  1.0633E+03
0000843   5.7187E+05 -4.6521E+03  2.6781E+04
0000844   5.6529E+05  1.5900E+04  1.9231E+04
0000845   5.8676E+05  6.8978E+03  9.3654E+03
0000846   5.8127E+05 -3.2825E+03  1.7788E+03
0000847   5.6227E+05  1.1964E+04  8.6926E+03
0000848   5.7336E+05 -6.6334E+03  1.6087E+04
0000849   5.6455E+05 -7.5163E+02  4.8708E+03
0000850   5.7265E+05  6.3225E+03  1.1661E+04
0000851   5.6789E+05  1.1191E+04 -3.0654E+03
0000852   5.5489E+05  5.7464E+03 -2.6635E+03
0000853   5.8259E+05 -1.7947E+04  7.5269E+03
0000854   5.6141E+05 -3.2744E+04  1.5193E+04
0000855   5.5803E+05 -1.2795E+03 -9.1703E+03
0000856   5.6482E+05 -1.6573E+04  5.5262E+03
0000857   5.6110E+05  1.2072E+04  2.3608E+04
0000858   5.4237E+05  2.0171E+04  2.2415E+04
0000859   5.6051E+05 -3.5789E+04 -1.3326E+03
0000860   5.4309E+05 -1.2474E+04 -2.0909E+04
0000861   5.6587E+05  2.0415E+03 -1.0971E+04
0000862   5.8836E+05  1.0936E+04 -1.9737E+04
0000863   5.4951E+05 -2.8507E+04  8.7173E+04
0000864   5.6373E+05  1.9605E+04  2.6123E+04
0000865   5.6541E+05 -1.1776E+03 -2.3319E+04
0000866   5.6783E+05 -1.2521E+04  3.9920E+03
0000867   5.4910E+05 -4.5749E+04 -3.4532E+03
0000868   5.6722E+05  3.3377E+04  2.3041E+04
0000869   5.6229E+05 -1.9056E+03 -2.3787E+04
0000870   5.7313E+05 -5.6867E+03  2.1615E+04
0000871   5.6164E+05  2.2508E+04 -5.7720E+03
0000872   5.6067E+05  3.1927E+04  4.8675E+04
0000873   5.7052E+05 -2.7646E+04  8.2567E+03
0000874   5.5294E+05 -5.5184E+04 -7.3427E+04
0000875   5.6072E+05 -1.4306E+04  1.6665E+04
0000876   5.6522E+05  4.2234E+02 -4.5300E+03
0000877   5.6296E+05 -1.5153E+04  3.1566E+04
0000878   5.7557E+05  8.7886E+03 -3.0330E+04
0000879   5.7042E+05 -4.1652E+04  4.0537E+04
0000880   5.6960E+05  4.1851E+03  8.6336E+03
0000881   5.6766E+05  1.8950E+04 -8.3551E+03
0000882   5.6742E+05  1.4588E+04  4.7975E+03
0000883   5.7425E+05  2.6658E+04  5.1143E+02
0000884   5.7722E+05 -1.4084E+04  3.6520E+03
0000885   5.7641E+05 -6.2935E+03 -1.0075E+04
0000886   5.6270E+05 -3.8713E+04  2.6983E+04
0000887   5.6251E+05  2.5238E+04 -5.0606E+03
0000888   5.5666E+05 -1.4639E+04  2.2191E+03
0000889   5.5875E+05 -2.7501E+04  8.5949E+03
0000890   5.5954E+05  3.4775E+04  1.3375E+04
0000891   5.6615E+05  2.6079E+04 -8.1244E+03
0000892   5.5980E+05 -2.7033E+04 -1.1844E+04
0000893   5.5421E+05  1.4524E+04 -8.5725E+03
0000894   5.7082E+05  2.2378E+03  4.7042E+03
0000895   5.5742E+05  2.6249E+04  7.3763E+03
0000896   5.7608E+05 -7.4761E+03 -6.0597E+03
0000897   5.6972E+05  1.5947E+04  1.2828E+04
0000898   5.7632E+05  9.1504E+03  1.1443E+04
0000899   5.7100E+05  2.8233E+04  1.3365E+04
0000900   5.5910E+05  3.4196E+04 -2.9777E+03
0000901   5.6408E+05 -3.0027E+04 -1.7253E+04
0000902   5.6130E+05  1.0576E+04  4.9435E+04
0000903   5.8333E+05 -9.6651E+02 -1.6055E+04
0000904   5.5908E+05 -1.6110E+04 -9.4715E+03
0000905   5.5914E+05  4.2490E+04  3.4181E+04
0000906   5.5576E+05  1.0600E+04  1.2489E+04
0000907   5.5516E+05  2.4066E+04 -2.7167E+04
0000908   5.7409E+05 -6.0696E+03  2.9171E+04
0000909   5.6698E+05 -1.5660E+04  1.1298E+04
0000910   5.6919E+05  3.4264E+03 -1.8901E+04
0000911   5.8343E+05 -3.3698E+03  2.7757E+04
0000912   5.7430E+05 -1.9213E+03 -2.6072E+03
0000913   5.5443E+05  2.3920E+04 -1.4276E+04
0000914   5.6280E+05 -1.0055E+04  7.2512E+03
0000915   5.6677E+05  4.9214E+03 -8.8905E+03
0000916   5.6346E+05 -1.1193E+03 -6.6290E+03
0000917   5.8006E+05 -1.0179E+03  2.3045E+03
0000918   5.6799E+05 -1.1512E+04  6.0972E+03
0000919   5.6863E+05  3.0657E+04 -3.4708E+04
0000920   5.6228E+05 -1.5070E+04  1.2379E+04
0000921   5.5839E+05 -2.3216E+04 -6.4726E+02
0000922   5.7456E+05  2.4089E+03  1.8294E+04
0000923   5.6048E+05 -2.9269E+03 -1.5386E+04
0000924   5.6895E+05  2.8763E+04  4.6681E+04
0000925   5.6836E+05 -2.5246E+04 -2.6722E+04
0000926   5.7259E+05 -2.2171E+04  1.0042E+04
0000927   5.6621E+05 -8.6650E+03 -1.1691E+04
0000928   5.6271E+05 -1.6666E+04 -2.2929E+04
0000929   5.5322E+05 -2.0413E+04 -1.2462E+04
0000930   5.5991E+05 -3.0121E+04  4.4930E+04
0000931   5.6158E+05 -1.3311E+04 -4.8957E+03
0000932   5.8277E+05  1.8777E+04  9.7377E+03
0000933   5.5336E+05  1.3912E+04 -8.2727E+03
0000934   5.7435E+05 -2.1247E+04 -1.1345E+04
0000935   5.7095E+05 -7.2175E+03  2.9254E+03
0000936   5.6145E+05  5.4602E+04  2.1957E+04
0000937   5.6546E+05 -4.4339E+04 -4.4214E+03
0000938   5.5787E+05 -1.0958E+04  2.6208E+04
0000939   5.2726E+05  4.1618E+04  9.8083E+03
0000940   5.7580E+05 -8.4774E+03  4.7468E+03
0000941   5.7873E+05 -1.2128E+04 -5.9995E+03
0000942   5.5882E+05 -6.2285E+03 -5.1943E+04
0000943   5.5583E+05  4.0604E+04  4.4293E+04
0000944   5.6239E+05  2.2187E+04 -1.4441E+03
0000945   5.5970E+05 -2.0260E+04 -6.4139E+03
0000946   5.6519E+05 -3.7982E+04  2.8849E+03
0000947   5.6632E+05 -2.2072E+04 -1.8266E+04
0000948   5.6706E+05 -1.8231E+04  3.7536E+03
0000949   5.7033E+05  1.3125E+04 -2.1025E+03
0000950   5.7322E+05 -8.4559E+03  1.7700E+03
0000951   5.6183E+05 -4.6972E+04  4.2149E+03
0000952   5.7351E+05  3.6336E+03  2.6164E+04
0000953   5.8449E+05  2.0166E+04 -1.9889E+04
0000954   5.8363E+05 -9.0829E+03  4.9172E+03
0000955   5.6587E+05  1.1177E+04 -3.5570E+03
0000956   5.5837E+05 -1.9706E+04  8.3039E+03
0000957   5.5305E+05 -1.2856E+04 -1.4577E+03
0000958   5.4100E+05 -2.0979E+03 -3.1282E+04
0000959   5.8142E+05 -3.8492E+03  2.2551E+04
0000960   5.4024E+05  3.9356E+04 -2.5460E+04
0000961   5.6529E+05  2.1756E+04  1.3763E+04
0000962   5.7455E+05  1.3958E+04 -8.9661E+03
0000963   5.6364E+05  4.9457E+03  5.5289E+04
0000964   5.6515E+05  4.4748E+03 -3.6553E+04
0000965   5.6667E+05  1.2915E+04 -1.0275E+04
0000966   5.6514E+05  9.2228E+03 -9.2054E+03
0000967   5.7528E+05 -1.7229E+04 -6.3476E+03
0000968   5.7199E+05  3.1500E+04 -8.1435E+03
0000969   5.7024E+05 -5.3530E+04 -1.0786E+04
0000970   5.7753E+05 -4.2174E+03  1.3996E+04
0000971   5.6294E+05 -1.6015E+04  3.7188E+03
0000972   5.4940E+05  2.0681E+03  3.7006E+03
0000973   5.5782E+05  2.1835E+04 -1.0563E+04
0000974   5.6403E+05  1.3311E+04 -2.4137E+04
0000975   5.6967E+05 -1.0258E+04 -1.3454E+04
0000976   5.5993E+05  6.2044E+04  1.0383E+03
0000977   5.5497E+05 -1.0519E+04  3.8373E+04
0000978   5.5696E+05 -2.4896E+04 -7.0164E+03
0000979   5.6794E+05 -9.8225E+03 -1.8227E+01
0000980   5.6433E+05 -3.4591E+04  4.3898E+04
0000981   5.6947E+05 -1.2581E+04  2.3453E+04
0000982   5.6100E+05  5.8982E+03 -5.7580E+03
0000983   5.9255E+05  3.0689E+04  7.3590E+03
0000984   5.9524E+05 -4.0158E+03  2.4746E+04
0000985   5.7971E+05 -7.3143E+03 -1.5380E+04
0000986   5.6097E+05  6.3390E+04  2.5547E+04
0000987   5.5690E+05  6.1623E+03  9.1301E+02
0000988   5.5579E+05 -2.7800E+03  4.2680E+03
0000989   5.5385E+05  1.4964E+04  2.0468E+04
0000990   5.7208E+05 -6.9415E+03  4.7455E+03
0000991   5.6027E+05  2.5189E+04  1.8294E+03
0000992   5.7987E+05 -4.7492E+02  1.2074E+04
0000993   5.6478E+05  1.8907E+04  7.2244E+03
0000994   5.5692E+05  4.0515E+04 -8.7917E+02
0000995   5.5177E+05 -4.9324E+02  1.1873E+04
0000996   5.6194E+05 -8.7159E+03  6.1894E+03
0000997   5.6714E+05 -5.0588E+03  1.1161E+04
0000998   5.8181E+05  2.8224E+04  8.2031E+03
0000999   5.5668E+05 -1.1856E+04  3.9103E+03
0001000   5.6442E+05  2.4333E+04 -6.7278E+03
