============================== SRIM-2013.00 ==============================
==============================================================================
====== SRIM Outputs\RANGE_3D.txt : File of Final Ion Positions =====

Ion =  H (01)   Ion Mass= 001.0080
Energy  = 1300000.E-03 keV
Ion Angle to Surface = 00.0 degrees
==================== TARGET =======================
  Layer # 1 - Si_Top    
  Layer # 1 - Bottom Depth=300000.E+01 A
  Layer # 1 - Density =0002.3210 g/cm3
  Layer # 1 -  100 % of Si
икикикикикикикикикикикикикикикикикикикикикикикикикикикикикикикикикикикикикикикикикикикикикикикикикикикик
  Layer # 2 - Si_Bottom 
  Layer # 2 - Bottom Depth=600000.E+01 A
  Layer # 2 - Density =0002.3210 g/cm3
  Layer # 2 -  100 % of Si
икикикикикикикикикикикикикикикикикикикикикикикикикикикикикикикикикикикикикикикикикикикикикикикикикикикик
                                            
Ion       Depth  X   Lateral Y   Lateral Z  
Number    (Angstrom) (Angstrom)  (Angstrom) 
-------  ----------- ----------- -----------
0000001   2.4785E+05 -9.1111E+03 -8.1370E+03
0000002   2.5315E+05 -4.1584E+03 -2.7254E+03
0000003   2.4988E+05 -2.1043E+03 -1.3556E+04
0000004   2.4914E+05  5.4741E+02 -9.6227E+03
0000005   2.4285E+05  1.4042E+04 -1.1345E+04
0000006   2.4408E+05 -7.3227E+03 -4.9232E+03
0000007   2.4977E+05  2.1065E+04  8.3258E+02
0000008   2.3922E+05  5.5645E+02 -1.4353E+04
0000009   2.4852E+05 -1.9766E+03 -7.7244E+03
0000010   2.5119E+05  7.2695E+03  2.3285E+04
0000011   2.5621E+05  1.0046E+04  8.1566E+03
0000012   2.4230E+05  4.0415E+03  1.2041E+04
0000013   2.3344E+05 -2.0082E+03 -1.0805E+04
0000014   2.5605E+05 -5.2327E+03 -1.6699E+03
0000015   2.5250E+05 -5.4136E+03  4.6892E+03
0000016   2.5008E+05 -9.0889E+03 -1.3849E+04
0000017   2.4710E+05  3.2116E+03  1.8883E+04
0000018   2.5566E+05  2.6976E+02  2.8483E+03
0000019   2.5255E+05 -3.3015E+02 -5.3695E+02
0000020   2.4975E+05  4.0593E+02 -3.0325E+03
0000021   2.4454E+05  1.3962E+04  2.5986E+03
0000022   2.5417E+05  1.9029E+04 -9.6437E+03
0000023   2.4431E+05 -1.0898E+03 -2.9233E+03
0000024   2.4463E+05  1.2900E+04  2.2939E+03
0000025   2.4522E+05 -1.2201E+04 -5.9662E+03
0000026   2.5471E+05  2.0681E+03  4.9069E+03
0000027   2.3919E+05  2.1792E+04 -3.7236E+03
0000028   2.4643E+05  2.1160E+03 -6.5136E+03
0000029   2.4807E+05  8.5867E+02 -9.6757E+03
0000030   2.4845E+05  1.4446E+04  8.3445E+02
0000031   2.4090E+05  9.0639E+03 -3.9467E+03
0000032   2.4458E+05 -8.9123E+02  1.1243E+04
0000033   2.4193E+05 -8.1013E+02  8.1399E+02
0000034   2.4933E+05 -1.0716E+04  7.9984E+03
0000035   2.4741E+05 -4.3129E+03 -7.3572E+03
0000036   2.3895E+05  6.2244E+03 -1.2632E+04
0000037   2.5569E+05  1.4710E+04 -4.3296E+03
0000038   2.3577E+05 -1.4022E+04 -1.3424E+04
0000039   2.4624E+05  7.0631E+03 -1.2662E+04
0000040   2.5139E+05  1.0033E+04  4.7937E+03
0000041   2.5109E+05 -1.6547E+04  6.3476E+03
0000042   2.4795E+05 -1.0184E+04  1.6509E+03
0000043   2.2351E+05 -6.1803E+04  8.5082E+03
0000044   2.4699E+05  6.6426E+03 -1.8560E+04
0000045   2.5560E+05 -2.8222E+03  4.1056E+03
0000046   2.5472E+05  9.1479E+03  1.4689E+04
0000047   2.4183E+05  4.3559E+04  3.0922E+04
0000048   2.4524E+05 -8.1976E+03  2.0119E+04
0000049   2.4124E+05 -1.4492E+03  6.6709E+03
0000050   2.4936E+05 -3.0142E+03 -3.4319E+04
0000051   2.5496E+05 -1.0919E+04 -1.5240E+04
0000052   2.5523E+05  1.0821E+04  4.7503E+03
0000053   2.5238E+05  1.5752E+04  7.1085E+03
0000054   2.4358E+05  1.7835E+04  8.3690E+03
0000055   2.4901E+05  4.6810E+03  6.7430E+03
0000056   2.4661E+05  5.8653E+03 -7.1312E+03
0000057   2.4989E+05  7.5310E+03  1.4795E+03
0000058   2.4825E+05  5.4451E+03 -1.3490E+04
0000059   2.5289E+05  1.1069E+04  1.5373E+04
0000060   2.4262E+05  4.1847E+02  2.6706E+03
0000061   2.5009E+05 -1.8069E+03  6.6867E+03
0000062   2.4675E+05 -1.0604E+04 -5.8104E+03
0000063   2.5610E+05  4.2677E+00  7.9216E+03
0000064   2.4926E+05 -1.6539E+04  2.2186E+03
0000065   2.4862E+05  1.3263E+04 -9.9778E+03
0000066   2.5068E+05 -7.0367E+03 -1.4209E+04
0000067   2.5102E+05 -8.5942E+03 -1.3778E+04
0000068   2.5111E+05  9.1121E+03 -2.1485E+03
0000069   2.4539E+05 -1.2098E+03 -2.2086E+03
0000070   2.4133E+05  5.5341E+03 -1.3435E+04
0000071   2.4872E+05 -1.4028E+04 -1.0005E+04
0000072   2.4029E+05  1.8651E+04  2.0054E+04
0000073   2.4202E+05 -2.8472E+04 -4.3038E+03
0000074   2.4604E+05 -5.4403E+02  1.1828E+04
0000075   2.4632E+05 -3.4813E+03  1.3889E+04
0000076   2.3956E+05  8.4764E+03 -1.6086E+04
0000077   2.5254E+05  1.0863E+04  3.2680E+03
0000078   2.4778E+05  4.7120E+03 -1.4497E+04
0000079   2.5132E+05 -8.6971E+02 -4.2835E+03
0000080   2.5463E+05  1.8618E+04  5.8197E+03
0000081   2.4420E+05 -3.5702E+03 -1.5097E+04
0000082   2.4542E+05 -1.9560E+04  4.3304E+04
0000083   2.5223E+05 -7.9495E+03  1.7485E+04
0000084   2.4323E+05 -1.1331E+03  4.9535E+02
0000085   2.5276E+05  4.9200E+03  1.4810E+02
0000086   2.4937E+05  6.6758E+02  1.4698E+04
0000087   2.4490E+05  2.2263E+04 -3.6805E+03
0000088   2.4903E+05  1.4602E+04 -6.9368E+03
0000089   2.4475E+05  3.0883E+04 -5.8117E+03
0000090   2.5187E+05 -5.5024E+02  8.6765E+03
0000091   2.4571E+05  1.1399E+04  7.6336E+03
0000092   2.4837E+05 -4.9902E+03 -1.1849E+04
0000093   2.4907E+05 -4.2608E+02 -1.1764E+04
0000094   2.4961E+05  7.4424E+03 -8.1723E+03
0000095   2.5207E+05 -5.1884E+03 -7.2342E+03
0000096   2.4590E+05 -2.6433E+04  6.1649E+03
0000097   2.0840E+05  3.2539E+04 -2.1677E+04
0000098   2.5347E+05  7.9368E+03 -5.5896E+03
0000099   2.4487E+05  1.8055E+04  1.6820E+04
0000100   2.4770E+05 -1.4797E+04 -1.6638E+04
0000101   2.5432E+05 -1.1474E+03  2.5842E+03
0000102   2.4725E+05  4.5555E+03 -3.7994E+03
0000103   2.5149E+05  2.3258E+04 -4.0821E+03
0000104   2.4811E+05  1.4585E+04  1.5658E+04
0000105   2.4828E+05 -1.2668E+04 -1.5894E+03
0000106   2.4776E+05 -2.9876E+02  1.5356E+02
0000107   2.4959E+05 -4.3868E+03  6.7143E+03
0000108   2.4911E+05 -6.7217E+03 -1.3115E+04
0000109   2.4169E+05 -4.1282E+03 -4.8831E+03
0000110   2.4985E+05 -1.1547E+04  9.3149E+03
0000111   2.5183E+05 -1.0803E+04  9.8000E+03
0000112   2.4601E+05  5.0398E+02  4.9122E+03
0000113   2.4436E+05 -5.5714E+03 -1.2580E+03
0000114   2.5020E+05  9.2051E+03  8.6426E+03
0000115   2.4614E+05  7.2172E+02 -3.8121E+02
0000116   2.4142E+05 -1.2800E+04 -8.9387E+03
0000117   2.5049E+05  7.4203E+02 -1.8112E+04
0000118   2.5232E+05 -1.1736E+04 -1.6188E+04
0000119   2.4881E+05  1.2298E+04  1.1331E+04
0000120   2.3682E+05  2.7215E+03  1.8384E+04
0000121   2.4473E+05  6.0561E+03 -4.2962E+03
0000122   2.5109E+05 -7.1695E+03  8.3620E+03
0000123   2.4862E+05  8.4078E+03  4.1723E+03
0000124   2.4136E+05  1.2209E+04  1.1463E+04
0000125   2.5328E+05 -3.9484E+03  9.2852E+03
0000126   2.5396E+05 -4.9038E+03  1.3914E+04
0000127   2.5397E+05 -1.9268E+03  4.9893E+03
0000128   2.5319E+05  1.6969E+04 -1.2019E+04
0000129   2.4074E+05  4.0502E+03  7.4751E+03
0000130   2.4558E+05  1.6867E+03  1.8579E+03
0000131   2.4280E+05  3.8170E+03 -3.4591E+03
0000132   2.4245E+05 -4.0768E+03  3.3737E+02
0000133   2.4712E+05  3.4216E+03 -6.7415E+03
0000134   2.4524E+05 -7.5319E+03 -2.4503E+04
0000135   2.3783E+05  4.1458E+03 -2.1760E+04
0000136   2.5613E+05  2.2933E+03 -3.9535E+03
0000137   2.5004E+05  1.0891E+04  1.0610E+04
0000138   2.5160E+05 -1.5564E+04  8.3199E+03
0000139   2.5209E+05  4.9492E+01 -2.5850E+04
0000140   2.4516E+05 -4.4699E+03 -1.0151E+03
0000141   2.4554E+05  9.6870E+03 -9.9986E+03
0000142   2.5136E+05 -3.9354E+03 -8.0374E+03
0000143   2.5275E+05 -1.5718E+04 -8.0407E+03
0000144   2.5101E+05 -5.5462E+03 -9.2316E+02
0000145   2.4919E+05 -1.4083E+04 -1.9888E+04
0000146   2.4223E+05 -6.6416E+03  1.1935E+04
0000147   2.4923E+05  1.3656E+04  5.5164E+03
0000148   2.4580E+05 -2.8153E+03  2.3662E+04
0000149   2.5382E+05  4.4618E+02  2.1524E+03
0000150   2.3956E+05  7.3913E+03  1.2503E+04
0000151   2.4908E+05  3.5985E+03  1.0171E+04
0000152   2.4398E+05  1.2652E+04  7.2388E+03
0000153   2.4007E+05  2.7895E+03 -2.5054E+02
0000154   2.5319E+05  9.6921E+02 -5.0894E+03
0000155   2.5051E+05  5.1037E+03 -1.6330E+04
0000156   2.5266E+05 -5.3311E+03 -1.3728E+04
0000157   2.5187E+05  3.2466E+04 -1.6942E+03
0000158   2.5016E+05 -1.2013E+04 -8.2239E+03
0000159   2.5008E+05 -8.2879E+03 -1.7759E+04
0000160   2.5571E+05  3.7280E+03  2.2201E+03
0000161   2.4560E+05 -8.7479E+03 -4.6278E+03
0000162   2.5750E+05 -7.7544E+03 -1.4567E+04
0000163   2.4643E+05 -3.7900E+02  1.5828E+03
0000164   2.5501E+05 -4.6183E+03 -5.1113E+03
0000165   2.5293E+05  4.3328E+03  1.3265E+04
0000166   2.4827E+05 -2.4987E+03  2.3173E+03
0000167   2.5217E+05  8.6137E+03 -4.8309E+03
0000168   2.5129E+05  1.1161E+04 -2.4484E+03
0000169   2.4523E+05  9.1882E+03  2.0172E+04
0000170   2.3776E+05  3.5204E+03  3.4898E+03
0000171   2.4503E+05  6.6597E+03  1.6916E+04
0000172   2.4412E+05  3.0620E+04 -3.2107E+03
0000173   2.4664E+05 -1.7225E+03 -1.0623E+03
0000174   2.4856E+05  7.2193E+03  1.0061E+04
0000175   2.4182E+05  9.3929E+03  1.5912E+03
0000176   2.5027E+05 -8.1333E+03 -2.5003E+03
0000177   2.4501E+05 -1.1620E+04 -6.5205E+02
0000178   2.4948E+05 -5.4839E+03  1.2152E+04
0000179   2.5116E+05 -7.1316E+02 -9.9843E+03
0000180   2.3978E+05 -3.3238E+03 -1.2678E+04
0000181   2.4200E+05 -5.3463E+03  1.1672E+04
0000182   2.5363E+05 -1.2424E+04  1.1523E+04
0000183   2.4516E+05 -2.1965E+03 -1.1530E+04
0000184   2.5747E+05 -3.6047E+03  3.3931E+03
0000185   2.4742E+05 -4.3220E+03 -1.4859E+04
0000186   2.4232E+05  1.7736E+04  5.1540E+03
0000187   2.4049E+05  1.9044E+03  2.4213E+00
0000188   2.4088E+05  1.8257E+04  9.1433E+03
0000189   2.4830E+05 -7.8034E+03 -1.8037E+03
0000190   2.4719E+05  2.3374E+03  5.0684E+03
0000191   2.4854E+05  5.8795E+03 -1.7797E+04
0000192   2.3772E+05  2.2405E+03  1.4755E+04
0000193   2.4990E+05  1.5686E+03 -8.9249E+03
0000194   2.4462E+05 -2.1987E+04  5.0950E+03
0000195   2.5924E+05  1.6002E+04  8.9051E+03
0000196   2.4827E+05 -3.1857E+02 -1.1306E+02
0000197   2.4993E+05  5.6351E+02 -4.5181E+02
0000198   2.5124E+05  8.2304E+03  1.0582E+03
0000199   2.4542E+05  1.1300E+04  3.6577E+03
0000200   2.4950E+05 -5.2759E+03 -1.4108E+04
0000201   2.5483E+05  3.6090E+03  4.9837E+03
0000202   2.4850E+05  1.1133E+04  3.0371E+03
0000203   2.4483E+05 -4.0122E+03 -4.8015E+03
0000204   2.4188E+05  1.8715E+04 -1.1195E+04
0000205   2.5099E+05 -3.3305E+03 -1.6421E+04
0000206   2.4718E+05  2.3314E+03  2.2411E+03
0000207   2.4667E+05  1.2248E+04  1.2486E+04
0000208   2.4733E+05  4.2985E+03  5.1650E+03
0000209   2.4034E+05 -3.3652E+03  3.7443E+03
0000210   2.5355E+05  4.4437E+03 -5.4140E+03
0000211   2.3823E+05  6.6059E+03 -5.6428E+03
0000212   2.4379E+05  1.7192E+04 -3.1463E+04
0000213   2.4643E+05  8.7345E+03 -1.6533E+04
0000214   2.5423E+05  2.8975E+02  6.6316E+03
0000215   2.3970E+05  6.3264E+03  1.2306E+04
0000216   2.5903E+05  2.3276E+03  1.3005E+03
0000217   2.4507E+05  1.2602E+04  1.5471E+04
0000218   2.4498E+05 -3.1725E+03  9.8388E+03
0000219   2.4360E+05  2.1403E+04  5.4383E+03
0000220   2.4596E+05  6.6448E+03  1.5028E+04
0000221   2.4311E+05  1.7021E+04  6.2413E+03
0000222   2.5096E+05 -8.8739E+02  2.2465E+03
0000223   2.4621E+05 -6.7906E+03 -4.2906E+03
0000224   2.4921E+05 -6.0416E+03 -6.8915E+02
0000225   2.5342E+05 -2.5352E+03  1.4966E+04
0000226   2.5264E+05  5.2577E+03 -3.8120E+03
0000227   2.4758E+05  6.8599E+03  3.8709E+02
0000228   2.5726E+05  8.4260E+03 -5.3844E+03
0000229   2.4972E+05 -6.1421E+03 -1.3136E+04
0000230   2.5046E+05  2.0121E+04 -4.5964E+03
0000231   2.4891E+05 -6.5400E+03  6.9649E+03
0000232   2.5173E+05 -2.1501E+03 -1.5058E+03
0000233   2.4589E+05  6.5683E+03  4.2996E+03
0000234   2.4624E+05 -2.8938E+03 -2.3901E+03
0000235   2.5573E+05 -2.2837E+03  5.8836E+03
0000236   2.4256E+05  9.7478E+03 -1.7940E+04
0000237   2.4298E+05 -6.6220E+03 -8.9799E+03
0000238   2.4807E+05 -4.1241E+03  1.0559E+04
0000239   2.4538E+05 -5.6224E+03 -1.5209E+04
0000240   2.4481E+05 -7.2911E+03  1.1364E+04
0000241   2.6001E+05 -1.5493E+04  3.3225E+03
0000242   2.5803E+05  2.3827E+03  5.8483E+02
0000243   2.4337E+05 -1.0192E+04  9.1912E+03
0000244   2.4939E+05 -3.9902E+03  3.1679E+03
0000245   2.4531E+05 -6.6598E+03  1.0234E+04
0000246   2.5880E+05  1.7992E+03  2.7517E+04
0000247   2.4806E+05 -1.0548E+04  7.2385E+03
0000248   2.5048E+05  9.0608E+03 -6.9767E+03
0000249   2.4134E+05  4.5125E+03 -1.3188E+04
0000250   2.5312E+05  8.1512E+03 -1.4800E+04
0000251   2.4461E+05 -1.7566E+04  5.2787E+03
0000252   2.5356E+05 -2.1578E+04  8.8520E+02
0000253   2.3664E+05  5.5055E+03  3.7330E+04
0000254   2.4000E+05 -5.9984E+04  6.2273E+03
0000255   2.4451E+05 -9.4159E+03  2.0549E+04
0000256   2.4639E+05 -4.5082E+03 -6.4365E+03
0000257   2.4554E+05  1.8871E+03  1.0155E+04
0000258   2.5057E+05 -6.1563E+03  1.7437E+04
0000259   2.4681E+05 -7.2502E+03 -1.4233E+04
0000260   2.4208E+05 -5.0963E+01  7.3277E+02
0000261   2.4415E+05  9.8354E+03  1.8627E+03
0000262   2.4796E+05  7.3772E+03  8.9939E+03
0000263   2.5409E+05  6.2288E+03 -2.3424E+03
0000264   2.4591E+05  1.4826E+04 -9.0198E+02
0000265   2.4833E+05  6.1054E+02 -8.9699E+03
0000266   2.5311E+05  1.4015E+04 -2.9869E+03
0000267   2.5176E+05  5.5499E+02 -1.6164E+03
0000268   2.5547E+05 -1.8003E+03 -3.3449E+03
0000269   2.4786E+05  1.7175E+04 -1.1901E+04
0000270   2.4504E+05  6.2991E+03 -9.5327E+03
0000271   2.5426E+05  8.3000E+03  1.4465E+03
0000272   2.5385E+05  2.9691E+03  3.7956E+03
0000273   2.4725E+05 -9.9111E+03 -3.0147E+03
0000274   2.4586E+05  8.8246E+03  6.0301E+03
0000275   2.4836E+05  1.7225E+04 -1.4182E+04
0000276   2.4669E+05 -3.7005E+03  1.3733E+04
0000277   2.4570E+05  1.9473E+04 -8.8181E+03
0000278   2.5616E+05  4.9931E+03 -1.3135E+04
0000279   2.5058E+05 -5.8043E+03  5.3054E+03
0000280   2.4625E+05  1.3424E+04  2.7342E+04
0000281   2.4727E+05  3.4983E+03 -3.0813E+03
0000282   2.5147E+05 -1.1280E+04  9.3942E+03
0000283   2.4924E+05 -1.4419E+03 -3.1909E+03
0000284   2.4344E+05  9.5762E+03  3.3792E+03
0000285   2.5727E+05 -6.7256E+02  1.1680E+04
0000286   2.5543E+05  2.5390E+03  9.6913E+03
0000287   2.5071E+05 -4.3001E+03 -3.4332E+03
0000288   2.4550E+05  1.4007E+04  3.0929E+03
0000289   2.5395E+05  2.2289E+03 -2.5993E+02
0000290   2.5362E+05 -8.7954E+03  1.8992E+03
0000291   2.5379E+05  1.6394E+04 -6.0847E+03
0000292   2.5135E+05  1.1277E+04  5.8710E+03
0000293   2.4351E+05 -1.5450E+04  5.9629E+03
0000294   2.5316E+05 -1.4177E+03 -4.9699E+03
0000295   2.4393E+05  5.2808E+03 -1.9574E+04
0000296   2.5033E+05  5.7696E+03  9.4822E+03
0000297   2.4972E+05  9.0244E+03  7.5009E+03
0000298   2.4644E+05 -2.7948E+03 -7.6806E+03
0000299   2.4942E+05  3.2086E+03 -1.0481E+04
0000300   2.4262E+05 -6.7716E+03 -2.4921E+03
0000301   2.4468E+05 -4.6646E+02  1.1740E+04
0000302   2.4570E+05 -1.1178E+04 -8.9915E+03
0000303   2.4945E+05 -5.3600E+03 -2.7092E+04
0000304   2.4240E+05 -1.5394E+04  3.5207E+04
0000305   2.4710E+05 -1.7899E+03 -1.8874E+04
0000306   2.4437E+05  3.3807E+04 -1.8561E+03
0000307   2.4443E+05 -2.8409E+03 -1.2461E+03
0000308   2.5169E+05  1.2779E+04 -1.3762E+04
0000309   2.5644E+05 -8.7338E+02  2.9253E+03
0000310   2.4751E+05 -5.8559E+03 -1.8348E+04
0000311   2.4611E+05 -1.7915E+03 -9.8053E+03
0000312   2.4008E+05 -4.8662E+03 -4.1931E+03
0000313   2.3247E+05 -4.6847E+04  5.4324E+04
0000314   2.4594E+05 -6.0277E+03  3.3474E+02
0000315   2.4935E+05  9.8546E+03  1.7085E+03
0000316   2.4775E+05  7.0303E+03 -5.6598E+03
0000317   2.0317E+05 -6.1634E+03  8.5858E+04
0000318   2.4153E+05 -1.1540E+04  1.7219E+04
0000319   2.3856E+05  5.7016E+03 -4.5439E+03
0000320   2.5348E+05  6.2877E+03  3.0994E+02
0000321   2.4687E+05 -2.2584E+04  1.6515E+04
0000322   2.5549E+05 -1.1278E+04 -1.7022E+04
0000323   2.4777E+05 -2.9123E+03 -1.4855E+03
0000324   2.4465E+05  2.3242E+04  8.7234E+03
0000325   2.4957E+05  7.6756E+03  4.7906E+03
0000326   2.3852E+05 -1.1668E+04 -6.3552E+03
0000327   2.4792E+05  5.1160E+01 -6.7744E+02
0000328   2.4850E+05 -7.6405E+03  6.0679E+03
0000329   2.4552E+05 -1.4103E+04  9.5552E+03
0000330   2.4922E+05  1.0523E+04 -1.3410E+03
0000331   2.4047E+05 -5.0120E+03  2.9777E+03
0000332   2.4344E+05 -2.3724E+03 -1.6976E+04
0000333   2.5333E+05  1.2950E+03  6.3605E+03
0000334   2.4656E+05  1.9330E+04 -2.8338E+03
0000335   2.4673E+05 -7.4140E+03  1.1775E+04
0000336   2.4752E+05  1.3319E+04  2.3376E+03
0000337   2.3660E+05  1.0807E+03 -1.1818E+04
0000338   2.4102E+05  1.1532E+04 -1.2171E+04
0000339   2.5453E+05 -3.2324E+03 -2.5735E+04
0000340   2.5028E+05  5.3295E+03  2.4479E+03
0000341   2.4404E+05  6.9708E+03 -7.5021E+03
0000342   2.4650E+05 -9.4764E+03 -3.5557E+02
0000343   2.5398E+05  5.3059E+03  4.5641E+03
0000344   2.4296E+05  1.0916E+03  1.5387E+04
0000345   2.4619E+05 -4.5508E+03 -5.6418E+03
0000346   2.4444E+05 -2.9247E+02  1.9809E+03
0000347   2.4207E+05 -2.2171E+04 -3.1967E+04
0000348   2.4852E+05 -1.7168E+04 -7.7624E+03
0000349   2.5146E+05  1.6323E+04 -2.0818E+03
0000350   2.4397E+05 -1.0850E+03  1.0816E+04
0000351   2.4018E+05 -2.2872E+04 -9.1946E+03
0000352   2.4523E+05 -9.2502E+02 -1.5929E+03
0000353   2.4730E+05  1.3475E+04 -1.4721E+04
0000354   2.3708E+05  3.2249E+04  5.2316E+04
0000355   2.6034E+05 -1.1521E+03  1.4532E+04
0000356   2.4850E+05  1.9022E+03  7.6614E+03
0000357   2.5161E+05 -6.6796E+03  8.9441E+03
0000358   2.4667E+05 -5.0401E+03  1.9806E+04
0000359   2.4290E+05  1.4443E+04  8.7018E+03
0000360   2.5859E+05  8.6428E+03  8.2638E+03
0000361   2.4763E+05  3.0376E+03 -8.1731E+03
0000362   2.5004E+05 -6.3564E+03 -1.9777E+04
0000363   2.5954E+05  1.2668E+04  5.3183E+03
0000364   2.5422E+05  7.6319E+03  1.1088E+04
0000365   2.5032E+05  7.6684E+03  6.6097E+03
0000366   2.4312E+05 -1.3779E+04  1.8723E+04
0000367   2.5433E+05  1.5377E+04  5.8692E+03
0000368   2.5437E+05 -1.0981E+04  7.7535E+03
0000369   2.4251E+05 -1.5534E+03  1.1234E+04
0000370   2.3532E+05 -1.3205E+04 -1.1944E+04
0000371   2.4275E+05 -1.3976E+04  1.8477E+04
0000372   2.4640E+05  3.7422E+03 -6.9741E+03
0000373   2.4797E+05  8.1640E+03 -1.1823E+04
0000374   2.4568E+05  1.1658E+04  1.2828E+03
0000375   2.4989E+05  1.5451E+04  4.7614E+03
0000376   2.4628E+05  2.5079E+03 -3.1526E+03
0000377   2.5208E+05  1.3378E+04  1.9559E+02
0000378   2.2350E+05 -3.4484E+04  5.7508E+04
0000379   2.4835E+05 -6.6580E+03 -3.3622E+03
0000380   2.4725E+05 -1.1370E+04 -1.1307E+04
0000381   2.4476E+05 -2.3841E+02  6.1451E+03
0000382   2.5615E+05  4.1299E+03 -9.8696E+03
0000383   2.3431E+05  2.1699E+04  4.6555E+04
0000384   2.5277E+05  6.2023E+03  1.1594E+04
0000385   2.4333E+05 -4.7374E+03  8.3600E+03
0000386   2.5786E+05  1.4973E+04 -5.2737E+03
0000387   2.4514E+05 -9.2686E+03  2.3578E+04
0000388   2.4860E+05  2.3254E+03  1.3113E+04
0000389   2.5160E+05  1.4269E+03  3.1071E+03
0000390   2.5006E+05 -3.8432E+02  8.3856E+02
0000391   2.4676E+05 -7.3394E+03 -8.1379E+03
0000392   2.5448E+05  7.3029E+03  2.2414E+03
0000393   2.3953E+05  1.1002E+04 -9.1049E+01
0000394   2.4566E+05 -2.9585E+04  5.0518E+03
0000395   2.5069E+05  5.0744E+03 -7.3208E+03
0000396   2.5535E+05 -2.7467E+03  1.5406E+04
0000397   2.4405E+05  1.1607E+04  7.2040E+03
0000398   2.4142E+05 -7.2878E+03  3.4837E+04
0000399   2.4338E+05 -2.9903E+02 -4.5238E+03
0000400   2.4866E+05 -5.3240E+03  1.3403E+04
0000401   2.5290E+05  6.1966E+03 -7.5075E+03
0000402   2.5360E+05  1.0906E+03 -4.6014E+02
0000403   2.4508E+05 -9.5831E+03  4.4067E+03
0000404   2.3904E+05  4.4544E+03 -1.3143E+04
0000405   2.4628E+05  1.0679E+04 -2.0885E+03
0000406   2.3565E+05 -1.0935E+04  2.8646E+04
0000407   2.4539E+05 -1.1786E+04  6.0049E+03
0000408   2.4774E+05  2.3129E+03  2.4115E+03
0000409   2.5710E+05 -3.2985E+03 -1.1573E+04
0000410   2.5191E+05 -1.8084E+03 -1.0102E+03
0000411   2.4150E+05 -7.2141E+03  3.5174E+03
0000412   2.5036E+05 -6.6421E+03  2.0430E+04
0000413   2.4652E+05  1.2981E+04 -5.0402E+03
0000414   2.4175E+05  2.5991E+03  1.7124E+04
0000415   2.3920E+05  1.4410E+03  1.8253E+04
0000416   2.4425E+05 -1.0059E+04  1.6957E+04
0000417   2.4611E+05 -8.3301E+03  4.4981E+03
0000418   2.4718E+05 -1.8781E+03 -4.6272E+03
0000419   2.4558E+05 -6.0621E+03 -9.7396E+03
0000420   2.5239E+05  6.9261E+03 -3.9861E+03
0000421   2.5015E+05 -6.6224E+03 -6.6753E+03
0000422   2.4224E+05 -8.8721E+03 -7.1196E+02
0000423   2.4814E+05  5.5529E+03  1.1024E+03
0000424   2.4297E+05  1.6657E+04  1.4327E+04
0000425   2.4328E+05  7.6566E+03 -1.0276E+04
0000426   2.5090E+05 -5.5069E+03 -1.2127E+04
0000427   2.4122E+05 -5.9508E+03  3.5754E+04
0000428   2.4776E+05 -5.4033E+03  2.7638E+03
0000429   2.4752E+05 -2.1037E+04 -1.7162E+04
0000430   2.4783E+05  1.1041E+04  2.4478E+03
0000431   2.5284E+05 -6.7171E+03  8.0470E+03
0000432   1.6049E+05  1.6834E+04 -1.3104E+05
0000433   2.4550E+05 -1.8470E+04 -2.5711E+03
0000434   2.4336E+05  1.2807E+04 -1.1202E+04
0000435   2.4845E+05 -1.7074E+04 -5.8078E+03
0000436   2.4582E+05 -3.7917E+03  5.9993E+03
0000437   2.5002E+05  6.7816E+03  1.6590E+03
0000438   2.4570E+05  4.9129E+03 -6.2596E+03
0000439   2.4750E+05 -2.3975E+03 -2.3987E+03
0000440   2.4622E+05  1.1920E+04 -1.3139E+03
0000441   2.5125E+05  1.5127E+03  7.7432E+03
0000442   2.4886E+05 -1.0467E+04  4.5936E+03
0000443   2.4346E+05  2.3036E+03 -1.4111E+04
0000444   2.4668E+05 -7.5188E+03 -3.0403E+03
0000445   2.4936E+05 -6.7032E+03 -2.0304E+03
0000446   2.4171E+05 -1.7623E+03  6.3641E+03
0000447   2.4324E+05  3.5922E+03  9.0787E+03
0000448   2.4904E+05 -6.9440E+03  6.5728E+01
0000449   2.5035E+05 -2.0287E+03  1.2070E+04
0000450   2.3917E+05  2.5775E+03 -5.3595E+03
0000451   2.5110E+05 -7.2260E+03 -7.3474E+03
0000452   2.3989E+05 -3.9751E+03  4.3899E+03
0000453   2.3974E+05  1.2317E+03  1.9374E+04
0000454   2.5915E+05  1.1968E+04  4.3480E+03
0000455   2.4769E+05 -6.9072E+03 -4.2440E+02
0000456   2.4767E+05  6.7255E+03 -1.2442E+04
0000457   2.5220E+05  1.3720E+04  9.1408E+03
0000458   2.5118E+05  1.4710E+04 -6.3898E+03
0000459   2.4545E+05 -3.5787E+04  6.0597E+03
0000460   2.5163E+05  3.2449E+03 -2.8266E+04
0000461   2.4307E+05 -1.1675E+03  7.7125E+02
0000462   2.5639E+05  3.6493E+03  1.1507E+04
0000463   2.4670E+05 -3.7934E+03  9.2700E+03
0000464   2.4569E+05 -1.2145E+04 -9.0873E+03
0000465   2.5389E+05  7.8932E+03 -2.5847E+04
0000466   2.5623E+05  3.3725E+03 -5.8273E+03
0000467   2.4377E+05  4.3161E+03  1.8678E+03
0000468   2.5657E+05 -2.3068E+03  1.4343E+04
0000469   2.5077E+05  8.7207E+03  4.4430E+03
0000470   2.5407E+05  5.5988E+03  4.7117E+02
0000471   2.4030E+05 -6.6268E+03 -1.7218E+04
0000472   2.4945E+05 -3.3155E+03 -1.2716E+04
0000473   2.5005E+05 -1.0336E+04  1.0632E+04
0000474   2.4743E+05  5.4528E+03 -4.1166E+03
0000475   2.4852E+05  8.2369E+03 -7.3895E+03
0000476   2.4153E+05  1.0688E+04 -1.0189E+04
0000477   2.4961E+05 -2.7162E+04 -1.1952E+04
0000478   2.4694E+05  5.7295E+03 -8.8310E+03
0000479   2.5442E+05  1.5130E+03  1.2978E+04
0000480   2.5257E+05  4.4382E+03  1.2656E+04
0000481   2.4600E+05  1.9723E+02 -4.2596E+03
0000482   2.4990E+05 -7.7938E+02 -3.7490E+03
0000483   2.4798E+05  4.9869E+03  4.4053E+03
0000484   2.5236E+05  1.4198E+03 -1.1084E+04
0000485   2.4657E+05 -8.8829E+03  2.1900E+04
0000486   2.5792E+05  9.4141E+02  1.1850E+04
0000487   2.4191E+05 -8.1743E+03 -2.8651E+00
0000488   2.5570E+05  1.4677E+04 -4.5585E+03
0000489   2.4220E+05  1.2119E+04 -1.8358E+04
0000490   2.5457E+05 -3.4727E+03  7.8698E+03
0000491   2.4925E+05 -4.7941E+03 -5.3668E+02
0000492   2.5519E+05 -9.9317E+03  1.8390E+04
0000493   2.4454E+05 -1.9704E+03  9.4975E+03
0000494   2.5058E+05 -5.8862E+03 -4.9996E+03
0000495   2.5184E+05 -2.7482E+03  5.2555E+03
0000496   2.4189E+05 -1.9860E+04  2.3493E+03
0000497   2.4307E+05  5.9950E+03 -7.0823E+03
0000498   2.4268E+05  5.6507E+03 -1.5067E+03
0000499   2.5367E+05  7.4450E+03 -5.5895E+03
0000500   2.5388E+05 -3.0067E+03 -3.4457E+02
0000501   2.4662E+05  3.0521E+03  1.3647E+04
0000502   2.5489E+05 -1.8007E+03 -3.0964E+03
0000503   2.4688E+05  1.2124E+04 -6.5155E+03
0000504   2.5341E+05 -7.3269E+03 -2.0920E+03
0000505   2.4500E+05 -3.1840E+03 -2.6943E+02
0000506   2.3330E+05  2.2765E+04 -2.9719E+04
0000507   2.4246E+05  1.9041E+03  6.5288E+03
0000508   2.4800E+05 -7.9730E+03  4.7447E+03
0000509   2.4662E+05 -1.8793E+04  1.5939E+04
0000510   2.4376E+05  8.4934E+03  1.1133E+04
0000511   2.4094E+05 -1.7284E+04  2.1048E+04
0000512   2.5143E+05 -5.6240E+03 -9.9376E+02
0000513   2.4886E+05  3.7288E+03 -5.5736E+03
0000514   2.4309E+05  1.0168E+04 -7.0483E+03
0000515   2.4982E+05  1.1417E+04  2.1935E+03
0000516   2.4420E+05 -5.9119E+03  5.4939E+03
0000517   2.5334E+05 -1.2442E+04  3.2402E+02
0000518   2.5568E+05 -1.2004E+04 -3.8976E+02
0000519   2.4747E+05 -7.2197E+03  3.6242E+03
0000520   2.5085E+05  2.1193E+03 -2.6347E+03
0000521   2.4873E+05 -9.0058E+03  8.0613E+03
0000522   2.4782E+05  2.8527E+03  1.0734E+04
0000523   2.4751E+05  8.8038E+03  8.6683E+03
0000524   2.4934E+05  7.8937E+03 -7.6134E+03
0000525   2.4757E+05 -3.4326E+03  5.6900E+03
0000526   2.4844E+05  1.2476E+03  1.1622E+04
0000527   2.4714E+05 -1.7209E+04  1.0055E+04
0000528   2.4423E+05  5.3890E+03  5.8047E+03
0000529   2.5153E+05 -4.1293E+03  4.3037E+03
0000530   2.5351E+05 -1.7334E+03  5.5956E+03
0000531   2.4856E+05  1.3973E+04 -1.4682E+04
0000532   2.4677E+05  1.4102E+04 -4.6983E+03
0000533   2.4724E+05  1.9339E+03  7.7936E+03
0000534   2.4284E+05  5.7398E+03 -5.6133E+03
0000535   2.4788E+05 -5.4445E+03 -8.9446E+02
0000536   2.4508E+05 -2.8093E+03  1.4564E+04
0000537   2.5394E+05  1.2596E+04 -5.1322E+03
0000538   2.5286E+05 -3.5527E+03 -8.3891E+03
0000539   2.4453E+05  3.5760E+01  2.6909E+03
0000540   2.4008E+05 -1.3550E+04  1.5195E+04
0000541   2.5393E+05  5.1218E+03  4.5793E+03
0000542   2.4692E+05  1.1437E+04  8.7890E+03
0000543   2.5565E+05 -1.1299E+04 -1.3282E+04
0000544   2.4858E+05  3.5497E+04  1.0278E+04
0000545   2.5488E+05  9.0713E+03 -2.2785E+02
0000546   2.3954E+05 -8.0882E+03  8.0286E+03
0000547   2.5215E+05  1.1326E+04  7.1661E+03
0000548   2.4922E+05  1.8079E+03 -3.9427E+03
0000549   2.4253E+05  1.4575E+04 -5.0402E+03
0000550   2.4484E+05  2.1882E+04 -1.2776E+04
0000551   2.5111E+05  1.7992E+04  7.7767E+03
0000552   2.5188E+05 -6.0258E+03 -4.4185E+03
0000553   2.5381E+05  4.6081E+03 -1.8213E+03
0000554   2.4170E+05  2.3445E+04 -2.4342E+04
0000555   2.5665E+05 -8.0748E+03 -8.1030E+03
0000556   2.4766E+05  8.7652E+03  2.3643E+03
0000557   2.4035E+05 -4.4892E+04 -9.8084E+03
0000558   2.3939E+05 -7.2112E+03  3.2296E+04
0000559   2.4889E+05 -4.3460E+03 -1.2887E+02
0000560   2.5211E+05  8.5317E+03 -3.0267E+03
0000561   2.4439E+05  8.2079E+03 -1.0435E+04
0000562   2.3740E+05  2.3047E+04 -1.1469E+04
0000563   2.4346E+05  1.1371E+04 -1.2159E+04
0000564   2.4368E+05  4.3931E+03 -1.1309E+04
0000565   2.4958E+05  2.5946E+02 -3.8215E+03
0000566   2.4468E+05  9.4421E+03 -7.5080E+03
0000567   2.5072E+05 -1.3138E+04  2.7531E+04
0000568   2.5257E+05  1.4167E+03  3.0478E+03
0000569   2.5393E+05 -1.2341E+04 -9.1550E+02
0000570   2.5134E+05 -1.5398E+03 -4.7235E+03
0000571   2.4222E+05  8.3607E+03 -6.3408E+03
0000572   2.5073E+05 -5.5959E+03 -8.6006E+02
0000573   2.4518E+05 -7.1680E+03 -1.6827E+04
0000574   2.5149E+05 -1.2989E+03 -3.2375E+03
0000575   2.5138E+05 -8.7288E+03 -9.9880E+03
0000576   2.4832E+05 -7.3437E+03 -6.7767E+03
0000577   2.4549E+05 -1.6257E+03 -4.7509E+03
0000578   2.4088E+05 -3.0641E+03  7.1736E+03
0000579   2.4896E+05  1.6303E+04  2.5884E+03
0000580   2.5254E+05 -8.5192E+03  3.9556E+03
0000581   2.4695E+05  7.2143E+03 -1.1398E+03
0000582   2.4561E+05  3.1758E+03  3.8870E+03
0000583   2.5195E+05  5.7678E+03 -8.9414E+03
0000584   2.5120E+05 -2.6015E+03  1.3490E+04
0000585   2.5290E+05 -1.3070E+04 -7.2058E+03
0000586   2.4524E+05 -1.0344E+03  9.1982E+03
0000587   2.4573E+05  7.6087E+03 -1.1674E+04
0000588   2.4713E+05 -2.4754E+04 -3.3382E+04
0000589   2.5153E+05 -4.4254E+02  1.0826E+04
0000590   2.4646E+05 -2.4468E+04 -1.8143E+04
0000591   2.4652E+05 -1.4883E+03 -1.4210E+04
0000592   2.4765E+05  2.4102E+03 -3.5821E+02
0000593   2.4101E+05 -3.6014E+04 -8.6791E+03
0000594   2.4472E+05 -6.0179E+02  4.1332E+03
0000595   2.4640E+05 -4.3289E+03 -6.9585E+03
0000596   2.4542E+05 -7.4703E+03 -1.1011E+04
0000597   2.4988E+05  5.9441E+03  7.4301E+03
0000598   2.4398E+05  4.9935E+03 -6.5728E+02
0000599   2.5354E+05 -8.3631E-01  1.6318E+04
0000600   2.4781E+05 -3.0837E+04 -1.9130E+04
0000601   2.5157E+05  8.4313E+02 -5.4099E+03
0000602   2.5404E+05 -9.2801E+03  4.5059E+03
0000603   2.6065E+05 -1.3462E+04 -6.2715E+03
0000604   2.4900E+05 -2.3197E+04 -1.0325E+04
0000605   2.4414E+05  2.4598E+04  1.0754E+03
0000606   2.4799E+05  3.8199E+03 -1.7933E+03
0000607   2.5259E+05 -1.4095E+04 -1.6523E+03
0000608   2.5520E+05  2.1029E+03 -6.3241E+03
0000609   2.4679E+05 -1.7940E+03  2.3750E+04
0000610   2.4430E+05 -1.7852E+04  2.5397E+03
0000611   2.4189E+05 -9.3501E+02 -8.9576E+02
0000612   2.4095E+05  7.8952E+02  2.1545E+04
0000613   2.4927E+05 -1.3677E+04 -1.1736E+04
0000614   2.4221E+05 -2.0024E+03  1.1838E+03
0000615   2.4745E+05  1.7943E+04 -8.3800E+03
0000616   2.5166E+05  9.0904E+03  1.2505E+04
0000617   2.4869E+05  1.3564E+04 -4.0736E+03
0000618   2.5246E+05 -7.5156E+03 -7.8220E+03
0000619   2.5176E+05 -2.5814E+04  1.2915E+03
0000620   2.4876E+05 -3.5301E+03 -2.8912E+03
0000621   2.5161E+05 -1.7589E+04  3.8443E+03
0000622   2.5019E+05  8.9093E+03  2.0864E+03
0000623   2.5254E+05  1.3509E+03  1.8693E+04
0000624   2.4433E+05 -9.5080E+03  3.4371E+02
0000625   2.4369E+05  1.6192E+04  9.2039E+03
0000626   2.4601E+05  4.3636E+03 -4.1235E+03
0000627   2.5100E+05  8.0863E+03 -5.0486E+03
0000628   2.4382E+05 -5.0039E+03 -1.6536E+04
0000629   2.4708E+05  2.1303E+04  8.8737E+03
0000630   2.3988E+05  8.9440E+03 -5.7718E+03
0000631   2.5032E+05  3.5905E+03  1.9063E+03
0000632   2.4988E+05 -6.1736E+03 -2.1955E+04
0000633   2.5414E+05  1.0048E+04 -1.5614E+04
0000634   2.6103E+05 -2.3138E+03  5.3846E+03
0000635   2.5587E+05 -6.4554E+03 -4.8655E+03
0000636   2.4222E+05  1.2117E+04  6.8001E+03
0000637   2.5086E+05  2.8399E+03  1.5812E+04
0000638   2.4772E+05 -8.0634E+03 -1.0463E+04
0000639   2.4568E+05 -7.2575E+03  8.8928E+03
0000640   2.4680E+05 -4.2129E+03 -5.0523E+03
0000641   2.4083E+05  1.1645E+03  6.4985E+03
0000642   2.4919E+05  1.9465E+03 -2.8077E+03
0000643   2.4854E+05 -7.4209E+03 -2.4977E+03
0000644   2.3834E+05 -1.4176E+04 -2.6808E+04
0000645   2.4800E+05 -2.2212E+04  1.8800E+02
0000646   2.4341E+05 -2.8998E+04  8.9320E+03
0000647   2.5523E+05 -1.5175E+04 -3.3339E+03
0000648   2.4608E+05  7.3693E+03  1.9384E+03
0000649   2.4819E+05  4.2216E+02  1.1724E+04
0000650   2.4542E+05  2.9548E+03 -1.1974E+04
0000651   2.4521E+05  1.1964E+04 -5.7501E+03
0000652   2.5331E+05 -3.1952E+03 -6.6051E+02
0000653   2.4052E+05 -9.6168E+03  4.0259E+03
0000654   2.4614E+05 -3.3684E+03  2.2293E+02
0000655   2.4582E+05 -5.9058E+03 -7.7335E+03
0000656   2.4943E+05 -2.5247E+03  1.8383E+03
0000657   2.4178E+05 -1.0880E+04  1.3903E+04
0000658   2.4668E+05 -4.7979E+03 -5.3780E+03
0000659   2.5884E+05 -6.9457E+03 -7.5878E+03
0000660   2.4500E+05  3.0330E+03  9.2929E+01
0000661   2.4743E+05 -1.3993E+04 -6.3305E+03
0000662   2.4814E+05  1.6298E+04  1.6254E+04
0000663   2.4971E+05 -7.3822E+03  1.0560E+04
0000664   2.5381E+05  1.8280E+04  1.1548E+03
0000665   2.5180E+05  1.1758E+04 -2.5901E+03
0000666   2.5353E+05  8.2372E+00  8.4251E+03
0000667   2.5200E+05 -7.3165E+03 -8.6642E+02
0000668   2.4374E+05 -6.7522E+03  1.1041E+03
0000669   2.4533E+05  1.6989E+04 -9.2991E+02
0000670   2.4663E+05 -4.9221E+03  1.1009E+04
0000671   2.3559E+05  1.6217E+04  3.2275E+03
0000672   2.4327E+05 -5.7183E+03 -1.9391E+04
0000673   2.5358E+05 -5.7429E+01  1.0013E+04
0000674   2.4547E+05  6.3531E+03 -4.3886E+03
0000675   2.4084E+05  1.7843E+04  1.0123E+04
0000676   2.6031E+05 -6.0758E+03 -1.2550E+04
0000677   2.4595E+05  3.4210E+03  7.1127E+03
0000678   2.4657E+05  1.9281E+04 -5.0153E+03
0000679   2.5107E+05 -2.0951E+04  1.1454E+04
0000680   2.5029E+05  8.1940E+03  5.1317E+03
0000681   2.5335E+05 -3.5785E+03 -7.6308E+03
0000682   1.6524E+05 -1.3140E+05 -3.5129E+04
0000683   2.4592E+05  1.6324E+04  3.3081E+03
0000684   2.4687E+05 -1.2349E+04 -1.5435E+03
0000685   2.4661E+05  2.2096E+03 -1.7282E+04
0000686   2.4350E+05 -3.4695E+03 -2.6645E+03
0000687   2.4950E+05 -8.3266E+03 -1.1403E+04
0000688   2.4206E+05 -2.0781E+04  9.0079E+03
0000689   2.4453E+05 -7.6572E+03 -9.6607E+03
0000690   2.5522E+05  3.8601E+03  1.7429E+03
0000691   2.5609E+05  6.7134E+03  7.4172E+03
0000692   2.5242E+05 -8.8497E+03  6.7380E+03
0000693   2.5008E+05  6.8210E+02 -9.0334E+03
0000694   2.4658E+05 -7.7983E+03 -9.4657E+03
0000695   2.4096E+05  2.4927E+03  7.2841E+03
0000696   2.4270E+05 -1.7112E+03 -3.4454E+04
0000697   2.4300E+05 -9.3234E-01  4.6551E+03
0000698   2.4971E+05 -1.6905E+04  2.5549E+03
0000699   2.5239E+05  1.2111E+04 -4.1914E+03
0000700   2.5656E+05  1.9041E+03 -8.3472E+03
0000701   2.4399E+05 -6.5580E+02 -5.5677E+03
0000702   2.4583E+05 -2.9581E+02 -2.3001E+03
0000703   2.4445E+05 -2.2782E+04 -1.1648E+04
0000704   2.4925E+05  4.0641E+03 -5.2821E+03
0000705   2.4329E+05  9.5773E+03 -3.8200E+03
0000706   2.4383E+05  5.6842E+03 -7.8646E+03
0000707   2.4725E+05 -1.3162E+04 -1.2829E+04
0000708   2.6002E+05  8.6855E+03  7.1798E+03
0000709   2.4939E+05 -1.7045E+03  1.1578E+04
0000710   2.4307E+05  8.7769E+03  5.9894E+02
0000711   2.4514E+05 -7.9775E+03  3.8391E+03
0000712   2.4451E+05  1.0304E+04  1.1485E+04
0000713   2.4116E+05 -7.6999E+03  2.2979E+03
0000714   2.4941E+05 -1.0969E+04 -9.7374E+03
0000715   2.4329E+05 -6.4213E+03  9.3494E+03
0000716   2.4485E+05  2.9113E+02  6.0713E+03
0000717   2.4448E+05  3.5886E+03  9.8724E+03
0000718   2.4191E+05  4.5252E+04 -1.4730E+04
0000719   2.4690E+05 -1.5860E+03 -4.4643E+01
0000720   2.4827E+05  1.1816E+04 -9.3568E+03
0000721   2.4658E+05 -1.5967E+04 -1.4945E+03
0000722   2.5017E+05 -8.7810E+03  1.0890E+04
0000723   2.4307E+05 -1.2015E+04  6.9115E+03
0000724   2.4799E+05 -1.0420E+04 -1.7623E+04
0000725   2.4783E+05  1.5016E+04 -9.5951E+03
0000726   2.4821E+05 -1.3120E+04  8.9337E+03
0000727   2.4961E+05 -3.2820E+03  1.7679E+04
0000728   2.5193E+05  6.0890E+03 -1.9527E+04
0000729   2.4509E+05  1.5159E+04 -4.6982E+03
0000730   2.4724E+05  2.8507E+03  7.5031E+02
0000731   2.4548E+05 -9.3950E+03 -9.1781E+03
0000732   2.4172E+05 -8.8038E+03  8.9769E+03
0000733   2.4554E+05  1.3623E+04  3.3243E+03
0000734   2.4918E+05  9.1137E+03  9.8752E+03
0000735   2.4942E+05  1.3733E+04  6.2946E+03
0000736   2.4575E+05 -1.9053E+03 -1.5166E+03
0000737   2.4407E+05 -1.3044E+03 -1.9360E+04
0000738   2.4244E+05  3.7521E+03  1.2358E+04
0000739   2.3907E+05 -1.9007E+03 -4.1255E+02
0000740   2.5053E+05 -6.4450E+03  1.2684E+04
0000741   2.4853E+05  1.6832E+04 -1.1030E+02
0000742   2.4159E+05 -2.0090E+04  1.7392E+04
0000743   2.4712E+05  1.1929E+04 -6.6525E+03
0000744   2.5886E+05 -8.3198E+03  4.8712E+03
0000745   2.4392E+05  1.0179E+04  8.4137E+03
0000746   2.4817E+05  1.5669E+04 -2.8745E+04
0000747   2.4912E+05  1.6061E+04  4.9176E+03
0000748   2.5217E+05  5.3217E+03 -5.9475E+03
0000749   2.5131E+05  3.3542E+03  7.7413E+03
0000750   2.3837E+05 -1.3023E+03 -2.0196E+04
0000751   2.3432E+05 -3.2872E+03 -5.0268E+04
0000752   2.4502E+05  3.2777E+03 -1.2736E+04
0000753   2.4672E+05  1.0539E+03  1.4107E+04
0000754   2.4330E+05  1.6127E+04 -2.4952E+04
0000755   2.5122E+05  1.8720E+03  5.5374E+03
0000756   2.5238E+05  1.1506E+04  1.4556E+03
0000757   2.4152E+05  5.0630E+03  3.9119E+03
0000758   2.4626E+05  1.2382E+04 -1.6852E+04
0000759   2.5019E+05  1.2438E+04 -1.2818E+04
0000760   2.6086E+05 -2.4032E+02 -6.6357E+03
0000761   2.4051E+05  6.9804E+03  5.2226E+03
0000762   2.5575E+05 -1.9009E+04  4.6168E+02
0000763   2.4792E+05 -8.6584E+03 -4.7884E+04
0000764   2.3985E+05 -6.2607E+03  1.4602E+04
0000765   2.4267E+05 -1.4277E+03  6.5106E+02
0000766   2.5781E+05  1.5000E+03  4.9055E+03
0000767   2.4262E+05 -3.8783E+03 -2.4361E+04
0000768   2.4273E+05 -1.1577E+04 -1.4217E+04
0000769   2.5119E+05 -6.3834E+03 -2.7897E+03
0000770   2.4656E+05 -1.3932E+04 -7.6241E+02
0000771   2.4627E+05  5.0464E+03 -2.5225E+03
0000772   2.4346E+05  2.4789E+04  1.7693E+04
0000773   2.4556E+05  1.0767E+04  9.4333E+02
0000774   2.3970E+05  3.5882E+03 -3.4869E+04
0000775   2.4077E+05  3.0869E+04 -5.8916E+03
0000776   2.5097E+05 -8.0354E+02  2.0967E+04
0000777   2.5134E+05 -3.2376E+03 -2.1546E+03
0000778   2.4529E+05  1.8601E+03  1.0899E+04
0000779   2.3771E+05  2.0517E+04 -6.4535E+04
0000780   2.5374E+05 -2.6224E+03  5.8161E+03
0000781   2.5556E+05  7.5547E+02 -1.4159E+04
0000782   2.4861E+05  2.2335E+03 -6.2451E+03
0000783   2.4957E+05  7.7508E+03  8.4876E+03
0000784   2.5078E+05 -1.9910E+03  3.5044E+04
0000785   2.4592E+05 -2.3149E+03 -3.9496E+03
0000786   2.4244E+05  1.4038E+04  7.1661E+03
0000787   2.4082E+05  2.2992E+04 -1.6664E+04
0000788   2.4452E+05 -2.0097E+03  1.3501E+04
0000789   2.3468E+05  2.4664E+04  3.2054E+04
0000790   2.4432E+05 -2.6290E+03  1.7474E+03
0000791   2.3711E+05  1.3962E+04 -4.2027E+04
0000792   2.4738E+05  1.2984E+04  2.0079E+04
0000793   2.5011E+05 -1.7062E+04 -3.8002E+02
0000794   2.4402E+05  3.9404E+03 -6.8245E+03
0000795   2.5071E+05 -6.1439E+03 -1.9009E+03
0000796   2.4404E+05  6.2973E+03  1.8003E+03
0000797   2.2912E+05  3.5126E+04 -1.2793E+04
0000798   2.4552E+05 -8.6784E+03 -7.3596E+03
0000799   2.5328E+05  2.1476E+03 -6.7763E+03
0000800   2.4348E+05  1.3684E+03 -5.4855E+03
0000801   2.4841E+05  3.5339E+03 -1.0597E+04
0000802   2.5071E+05  5.8084E+02  5.7699E+03
0000803   2.4743E+05 -1.4446E+04  5.0083E+03
0000804   2.5485E+05  7.4095E+01 -8.0185E+03
0000805   2.5741E+05 -2.9391E+03 -4.0368E+03
0000806   2.5168E+05  8.1244E+03  5.0294E+03
0000807   2.4174E+05  1.6768E+04 -1.7911E+04
0000808   2.4595E+05 -7.2500E+03 -2.7120E+03
0000809   2.4847E+05 -2.3726E+03  8.4961E+03
0000810   2.4526E+05  1.2904E+03 -8.4559E+03
0000811   2.5473E+05  9.2516E+03 -1.9488E+04
0000812   2.4497E+05  5.4670E+03 -6.1822E+03
0000813   2.4020E+05 -1.2117E+04  3.9297E+03
0000814   2.5117E+05 -3.3860E+03 -1.6663E+03
0000815   2.4689E+05  9.6198E+03  9.1762E+03
0000816   2.4362E+05 -4.7009E+03  1.7960E+04
0000817   2.4813E+05 -1.2784E+04 -1.0235E+04
0000818   2.5223E+05  9.7498E+03 -2.7067E+03
0000819   2.4202E+05 -5.9200E+03  1.1714E+04
0000820   2.5916E+05 -4.8359E+03  4.4469E+03
0000821   2.4661E+05 -5.2282E+03 -2.6232E+03
0000822   2.3849E+05 -2.2725E+04  3.8677E+04
0000823   2.5142E+05 -6.1117E+03 -3.3584E+02
0000824   2.4768E+05  1.2928E+04  7.0324E+03
0000825   2.4808E+05  1.0067E+04 -1.1146E+04
0000826   2.4367E+05 -1.8401E+04  2.1996E+04
0000827   2.5105E+05  1.6720E+04 -5.3326E+03
0000828   2.3780E+05 -3.1610E+04 -2.1130E+04
0000829   2.4724E+05  3.4113E+03  1.9883E+04
0000830   2.6031E+05  9.2677E+03 -2.3936E+04
0000831   2.4669E+05 -3.8285E+03  8.8072E+03
0000832   2.4484E+05  3.1063E+03 -1.6098E+04
0000833   2.4432E+05 -2.1548E+03  1.3942E+04
0000834   2.4271E+05  1.4838E+04 -1.7184E+03
0000835   2.5627E+05 -1.0948E+04  6.6607E+03
0000836   2.4493E+05 -6.4879E+03  7.9638E+03
0000837   2.4682E+05  4.2684E+03 -2.4728E+03
0000838   2.4843E+05 -4.2178E+03 -1.1734E+03
0000839   2.5024E+05  2.9937E+02  2.3008E+03
0000840   2.4903E+05 -6.6596E+03 -1.2214E+04
0000841   2.4302E+05  7.1438E+03  6.3478E+01
0000842   2.5568E+05  2.0766E+02 -3.6391E+03
0000843   2.5578E+05 -1.3774E+04  3.1817E+03
0000844   2.4550E+05  4.9794E+03  1.7367E+04
0000845   2.4978E+05 -7.1796E+03  9.5745E+02
0000846   2.5498E+05  4.7178E+03  3.9406E+03
0000847   2.5297E+05 -5.8239E+03 -4.3275E+03
0000848   2.5459E+05 -6.2515E+03 -1.9007E+03
0000849   2.4802E+05 -1.0171E+04 -9.3441E+03
0000850   2.4580E+05 -1.5427E+03  1.1456E+04
0000851   2.5353E+05 -1.8448E+04  1.1760E+04
0000852   2.5711E+05  1.3066E+03 -1.4874E+02
0000853   2.4829E+05  5.6263E+03 -6.4877E+03
0000854   2.5070E+05 -2.0172E+03 -5.9382E+03
0000855   2.4521E+05 -7.2150E+03  7.1345E+03
0000856   2.4549E+05  1.5152E+03  8.1876E+03
0000857   2.5648E+05 -8.4737E+03 -1.4704E+03
0000858   2.3931E+05  3.6952E+03 -5.8656E+03
0000859   2.4538E+05 -1.1066E+03  2.1697E+03
0000860   2.5251E+05 -5.2797E+02  2.1876E+04
0000861   2.4307E+05  2.0011E+03  1.4880E+03
0000862   2.4920E+05 -4.9342E+03  5.8421E+03
0000863   2.5116E+05 -1.4527E+03  5.4086E+03
0000864   2.4623E+05  1.4870E+03 -9.7776E+03
0000865   2.4439E+05 -1.6709E+04 -1.7633E+04
0000866   2.4945E+05 -9.3537E+03  3.7090E+03
0000867   2.4300E+05 -1.5286E+04  3.5746E+03
0000868   2.4716E+05 -1.0094E+04 -2.9921E+04
0000869   2.5113E+05 -1.3704E+03 -9.7876E+03
0000870   2.4951E+05 -2.1060E+04  3.8069E+03
0000871   2.5263E+05  2.8836E+03 -2.2122E+03
0000872   2.5078E+05 -1.6356E+04 -1.6550E+03
0000873   2.5017E+05 -3.8623E+03 -3.9122E+03
0000874   2.5093E+05 -5.5356E+03 -2.5227E+02
0000875   2.5281E+05  9.3168E+03  1.3003E+04
0000876   2.4170E+05 -2.7430E+03 -2.9213E+03
0000877   2.4475E+05  8.5531E+03 -7.9721E+03
0000878   2.5014E+05  9.3038E+02  1.4030E+04
0000879   2.5383E+05  7.6004E+03  3.6370E+02
0000880   2.4683E+05 -1.0032E+04  2.9415E+03
0000881   2.5518E+05 -2.3826E+03 -7.6241E+03
0000882   2.4219E+05  1.9634E+04 -3.5422E+03
0000883   2.4947E+05  5.6185E+02 -1.3931E+03
0000884   2.4261E+05 -1.0586E+04 -1.6844E+04
0000885   2.5497E+05 -7.6559E+03  8.5268E+02
0000886   2.4495E+05  7.4422E+03  5.2081E+03
0000887   2.4156E+05  9.3494E+03  5.8975E+03
0000888   2.4045E+05 -1.2128E+04 -4.4107E+03
0000889   2.4860E+05  9.2215E+02 -1.0630E+04
0000890   2.4331E+05 -3.4141E+03  2.2051E+03
0000891   2.4720E+05  6.4291E+03 -1.0501E+04
0000892   2.3635E+05  4.1484E+04 -1.3677E+04
0000893   2.4960E+05 -9.4009E+03 -5.2404E+03
0000894   2.4681E+05 -4.8319E+02  8.7829E+03
0000895   2.5041E+05 -2.6461E+03  4.8006E+03
0000896   2.5263E+05 -5.8705E+03 -4.4829E+03
0000897   2.4750E+05 -4.6375E+03 -9.7739E+03
0000898   2.4121E+05 -1.4144E+04 -7.3042E+03
0000899   2.5068E+05 -9.6780E+02  6.8145E+03
0000900   2.4978E+05 -1.8425E+03 -1.0898E+03
0000901   2.5210E+05  1.6539E+02 -1.0895E+03
0000902   2.4407E+05 -3.9882E+02  5.1482E+03
0000903   2.3932E+05 -7.4530E+03 -2.2383E+04
0000904   2.3412E+05 -3.5400E+04 -2.9677E+04
0000905   2.5042E+05 -1.0337E+04  4.7729E+03
0000906   2.4130E+05 -1.8678E+04  1.0915E+04
0000907   2.4893E+05 -1.3496E+04  9.1473E+03
0000908   2.4994E+05  4.6119E+03 -4.6738E+03
0000909   2.4440E+05  7.8590E+03  6.8062E+03
0000910   2.5377E+05 -1.2649E+04 -3.7446E+03
0000911   2.4056E+05 -1.1133E+04  2.5111E+03
0000912   2.5205E+05 -6.3839E+03  6.5375E+03
0000913   2.4982E+05 -1.2612E+04 -1.1950E+04
0000914   2.5016E+05 -4.0096E+03 -7.7182E+03
0000915   2.5293E+05 -1.7631E+03 -4.8179E+03
0000916   2.4432E+05 -1.5858E+03 -1.1107E+04
0000917   2.4590E+05  7.8687E+03  5.1343E+03
0000918   2.4682E+05  6.7220E+03  6.2542E+03
0000919   2.5430E+05  2.4894E+03 -2.0630E+03
0000920   2.4861E+05 -2.1856E+04  9.9434E+03
0000921   2.5058E+05  9.9061E+03  1.2530E+04
0000922   2.4582E+05  7.7844E+03 -7.9521E+01
0000923   2.4850E+05 -2.8360E+03  9.3090E+02
0000924   2.6285E+05 -3.5191E+03  5.6127E+03
0000925   2.5568E+05  7.2226E+03  9.1851E+03
0000926   2.4449E+05  2.1577E+04 -1.1301E+03
0000927   2.4519E+05 -3.9502E+03 -1.3531E+03
0000928   2.4789E+05  3.0954E+03  8.2553E+03
0000929   2.4272E+05 -9.8009E+03 -3.2569E+03
0000930   2.5117E+05  1.1509E+03  5.3398E+03
0000931   2.5456E+05 -6.8064E+03  8.7942E+03
0000932   2.4532E+05 -2.7283E+03  3.1534E+03
0000933   2.4371E+05  2.5781E+03 -6.6682E+03
0000934   2.4926E+05 -8.0249E+03  1.6708E+04
0000935   2.4237E+05 -2.4169E+03 -1.3548E+04
0000936   2.5098E+05 -4.4232E+03 -1.3885E+03
0000937   2.5317E+05 -7.8381E+03  1.5597E+04
0000938   2.6091E+05  2.5786E+03 -6.0949E+03
0000939   2.5312E+05 -3.8937E+03  3.0489E+03
0000940   2.5435E+05 -6.6937E+03  4.9192E+03
0000941   2.5097E+05 -2.1596E+04  7.3028E+03
0000942   2.5019E+05 -1.9365E+03 -1.6109E+04
0000943   2.4908E+05  7.8572E+03  2.8553E+03
0000944   2.4671E+05  7.2880E+03 -8.4667E+03
0000945   2.3696E+05 -1.2584E+04  7.6024E+02
0000946   2.4958E+05 -8.5372E+03 -1.4097E+04
0000947   2.3907E+05  6.2373E+04  5.7809E+03
0000948   2.1897E+05 -3.8418E+04  4.8790E+04
0000949   2.5176E+05 -2.3076E+04 -1.0201E+04
0000950   2.4368E+05  9.8048E+03 -5.7781E+03
0000951   2.4406E+05 -4.4060E+03  1.5312E+04
0000952   2.5047E+05 -2.6487E+03 -7.0889E+03
0000953   2.4671E+05  1.2248E+02 -2.4110E+03
0000954   2.5165E+05  4.4784E+03 -1.0382E+04
0000955   2.5283E+05  1.5524E+04 -1.0264E+04
0000956   2.4495E+05  4.6077E+03 -3.5766E+03
0000957   2.5162E+05 -5.9681E+03  1.5354E+03
0000958   2.4592E+05 -6.2644E+03 -2.7561E+03
0000959   2.5516E+05  5.9865E+03  1.1047E+04
0000960   2.4515E+05 -1.5264E+03 -4.8645E+03
0000961   2.5685E+05  6.1719E+03  1.1880E+04
0000962   2.4981E+05  7.8559E+03  9.7541E+03
0000963   2.4859E+05  1.1183E+04  8.1664E+03
0000964   2.5038E+05 -6.3205E+03 -1.8046E+04
0000965   2.5170E+05  7.3369E+03  6.3485E+03
0000966   2.4880E+05  1.5054E+04 -1.0658E+04
0000967   2.4152E+05  1.2181E+04  2.2280E+03
0000968   2.5316E+05  8.4560E+03  1.2984E+03
0000969   2.5146E+05 -1.1168E+04  2.4424E+04
0000970   2.5120E+05 -4.1433E+03  8.5656E+03
0000971   2.4733E+05  2.3750E+04 -2.2204E+03
0000972   2.5272E+05 -1.5665E+03  7.2364E+03
0000973   2.4767E+05 -1.2671E+04  1.0240E+04
0000974   2.5175E+05  1.2705E+04  7.2065E+01
0000975   2.5140E+05  2.3759E+04 -2.5548E+03
0000976   2.4617E+05  7.9927E+02  2.5704E+03
0000977   2.4530E+05 -9.9028E+03  1.3814E+04
0000978   2.4624E+05  1.5580E+04 -1.0038E+04
0000979   2.4847E+05  1.1249E+04 -2.5914E+03
0000980   2.5036E+05  2.5156E+04  3.8627E+03
0000981   2.5495E+05  2.7532E+02  3.4594E+02
0000982   2.5344E+05 -6.6770E+03 -1.1579E+03
0000983   2.4640E+05 -7.5330E+03 -1.3695E+03
0000984   2.4655E+05 -4.0357E+03 -1.3553E+03
0000985   2.5629E+05 -6.9997E+03  2.1676E+03
0000986   2.5314E+05  6.1985E+03  3.9420E+03
0000987   2.4937E+05 -1.7149E+04 -3.5654E+03
0000988   2.4937E+05  3.3160E+04  9.9107E+03
0000989   2.4647E+05  3.3331E+03 -1.5851E+04
0000990   2.4511E+05 -5.5376E+03 -2.1234E+03
0000991   2.4700E+05  3.1630E+04  2.4678E+04
0000992   2.5165E+05 -2.7052E+03  1.4360E+04
0000993   2.4974E+05 -3.1629E+03 -4.2444E+03
0000994   2.4913E+05 -1.6327E+03  9.9214E+03
0000995   2.4474E+05 -9.0521E+03 -6.9155E+03
0000996   2.5015E+05  7.4619E+03  9.4501E+03
0000997   2.5639E+05  1.9549E+04 -4.7990E+04
0000998   2.4509E+05 -7.3398E+03 -8.7884E+03
0000999   2.5574E+05  4.1376E+03  6.0311E+03
0001000   2.4541E+05  1.3970E+04  2.8149E+04
