============================== SRIM-2013.00 ==============================
==============================================================================
====== SRIM Outputs\RANGE_3D.txt : File of Final Ion Positions =====

Ion =  H (01)   Ion Mass= 001.0080
Energy  = 3000000.E-03 keV
Ion Angle to Surface = 00.0 degrees
==================== TARGET =======================
  Layer # 1 - Si_Top    
  Layer # 1 - Bottom Depth=300000.E+01 A
  Layer # 1 - Density =0002.3210 g/cm3
  Layer # 1 -  100 % of Si
икикикикикикикикикикикикикикикикикикикикикикикикикикикикикикикикикикикикикикикикикикикикикикикикикикикик
  Layer # 2 - Si_Bottom 
  Layer # 2 - Bottom Depth=600000.E+01 A
  Layer # 2 - Density =0002.3210 g/cm3
  Layer # 2 -  100 % of Si
икикикикикикикикикикикикикикикикикикикикикикикикикикикикикикикикикикикикикикикикикикикикикикикикикикикик
                                            
Ion       Depth  X   Lateral Y   Lateral Z  
Number    (Angstrom) (Angstrom)  (Angstrom) 
-------  ----------- ----------- -----------
0000001   9.2823E+05 -3.3168E+04 -1.1563E+04
0000002   9.3419E+05  1.5994E+05  7.4321E+03
0000003   9.3941E+05 -4.1204E+03 -1.6956E+04
0000004   9.5230E+05 -1.1537E+04  5.4952E+04
0000005   9.4290E+05 -5.1790E+04  6.5635E+04
0000006   9.1951E+05  2.5808E+04  3.1901E+04
0000007   9.3995E+05 -4.9741E+04  1.3526E+03
0000008   9.5280E+05  4.2806E+04  8.9640E+03
0000009   9.3205E+05  7.5536E+02  2.0133E+03
0000010   9.7382E+05  1.0346E+04  1.1203E+04
0000011   9.2922E+05  1.7321E+04 -2.7518E+03
0000012   9.3166E+05  3.1845E+03  6.1581E+04
0000013   9.3502E+05  5.6282E+03  1.4929E+04
0000014   9.1572E+05  3.7424E+04  2.3261E+04
0000015   9.4606E+05  9.9521E+04  2.1171E+04
0000016   9.5464E+05  1.5211E+04  9.9394E+03
0000017   9.3758E+05 -4.4765E+04 -2.0471E+04
0000018   9.2419E+05  1.4319E+04 -1.7260E+04
0000019   9.5331E+05  7.2031E+03 -2.6461E+04
0000020   9.3093E+05  3.5917E+04 -3.9685E+04
0000021   9.0698E+05 -1.2730E+04  3.3667E+04
0000022   9.3718E+05 -4.6153E+03 -2.2516E+04
0000023   9.5971E+05  1.9743E+04 -5.2975E+04
0000024   9.3425E+05 -6.9198E+03 -4.3162E+04
0000025   9.4118E+05  4.2029E+04 -7.0153E+03
0000026   8.9124E+05  1.8461E+04 -8.2835E+04
0000027   9.4857E+05  1.4837E+03 -3.8846E+03
0000028   9.3606E+05  9.0633E+03  4.1585E+04
0000029   9.0548E+05  6.4361E+03  1.1548E+04
0000030   9.4478E+05 -4.0574E+04 -2.2638E+04
0000031   9.7097E+05 -4.2584E+04  2.7532E+04
0000032   9.2581E+05  7.2879E+02  9.9961E+04
0000033   9.1185E+05  6.7582E+04 -1.9491E+04
0000034   9.1278E+05  8.8161E+04 -3.1043E+04
0000035   9.3363E+05 -4.8366E+04  2.0335E+03
0000036   9.2656E+05  3.8914E+04 -2.5303E+04
0000037   9.3651E+05 -9.3292E+03 -2.5675E+04
0000038   9.5053E+05  1.4545E+04 -4.5700E+04
0000039   9.1509E+05  2.3498E+04  1.6242E+04
0000040   9.3985E+05 -2.7514E+04  3.3124E+04
0000041   9.1115E+05  1.6393E+04 -7.2758E+01
0000042   9.2814E+05  9.9196E+04 -4.1981E+04
0000043   9.2943E+05 -1.9278E+04  3.4658E+04
0000044   9.4186E+05  3.6196E+04  3.5193E+04
0000045   9.4639E+05  8.3274E+03  1.2494E+04
0000046   9.5216E+05  4.3568E+03  2.5401E+04
0000047   9.5928E+05  2.4011E+03 -1.7559E+04
0000048   9.2046E+05  9.0010E+03 -4.5014E+04
0000049   9.0972E+05 -6.1271E+03  8.0451E+04
0000050   9.3819E+05  7.7509E+03  2.1066E+03
0000051   9.2754E+05  4.5413E+04  9.0497E+02
0000052   9.3341E+05  5.2360E+03  8.3981E+03
0000053   9.3668E+05  5.0874E+04 -3.6922E+04
0000054   9.4332E+05 -3.0656E+03 -3.3319E+03
0000055   9.1966E+05 -4.7472E+04 -4.5352E+04
0000056   9.3953E+05 -2.4516E+03 -1.0688E+04
0000057   9.3897E+05  3.0754E+04  2.0735E+04
0000058   9.3249E+05 -2.5062E+04  7.5765E+04
0000059   9.3914E+05 -5.6205E+04 -2.7696E+04
0000060   9.1520E+05 -1.9201E+04 -4.1302E+04
0000061   9.4616E+05 -3.6403E+04  3.4431E+04
0000062   9.2995E+05 -4.7374E+04  4.4348E+04
0000063   9.3845E+05  1.0535E+04  3.4464E+04
0000064   9.4984E+05  2.1032E+03 -6.8114E+03
0000065   9.6736E+05 -2.9875E+04  5.3205E+04
0000066   8.2942E+05  2.5296E+05 -1.2517E+05
0000067   9.0056E+05  3.8529E+04  3.2458E+04
0000068   9.2185E+05  6.4811E+03  5.8650E+04
0000069   9.1906E+05  1.1368E+04 -3.2091E+03
0000070   9.2705E+05 -4.3262E+04  7.3414E+03
0000071   9.1285E+05 -8.6132E+03 -3.8006E+04
0000072   9.2861E+05  4.1737E+04  4.5236E+04
0000073   9.4841E+05 -3.2124E+04 -4.5966E+04
0000074   9.5235E+05  6.4060E+04 -4.5932E+02
0000075   9.2684E+05  4.6907E+04 -3.8687E+03
0000076   9.1851E+05 -5.8425E+04 -3.3098E+04
0000077   9.2621E+05 -1.6876E+04  2.2936E+04
0000078   9.1954E+05  1.6108E+04 -5.5053E+03
0000079   9.3024E+05  3.2986E+04  2.5075E+04
0000080   9.3351E+05 -2.4138E+04 -1.0825E+05
0000081   9.1835E+05 -7.9924E+03  2.7776E+04
0000082   9.2967E+05  1.1538E+03 -2.3376E+04
0000083   9.3209E+05 -6.6045E+03 -2.2821E+04
0000084   9.1457E+05  3.1235E+04  3.2774E+04
0000085   9.6351E+05  2.3226E+03  1.2910E+04
0000086   9.4614E+05  3.1460E+04 -5.3188E+03
0000087   9.1418E+05  5.8585E+04 -7.2909E+03
0000088   9.4439E+05  2.7517E+04 -5.5867E+03
0000089   9.3772E+05 -7.2773E+04  2.1842E+04
0000090   9.2571E+05  7.0372E+04  1.8967E+04
0000091   9.1504E+05 -4.8682E+04 -5.4439E+04
0000092   9.6026E+05  4.5686E+02 -1.9625E+03
0000093   9.4960E+05  3.6460E+04  9.5075E+03
0000094   9.0934E+05 -1.3592E+04  1.6738E+04
0000095   9.2469E+05  1.3729E+04  2.8465E+04
0000096   9.4615E+05  2.4961E+04  2.4775E+04
0000097   9.3691E+05 -1.1040E+04 -3.5970E+04
0000098   9.3940E+05 -5.5737E+03 -2.6108E+04
0000099   9.3076E+05 -9.7734E+03  4.2986E+04
0000100   9.1976E+05 -5.6830E+04  5.4434E+04
0000101   9.0496E+05 -4.6349E+03  6.5279E+04
0000102   9.2463E+05 -1.3171E+04  1.5806E+04
0000103   8.9096E+05  1.6694E+04  5.7481E+03
0000104   9.2372E+05  9.0125E+03  2.4533E+04
0000105   9.4321E+05  3.1792E+04 -2.6455E+04
0000106   9.5025E+05 -1.7448E+04  3.4040E+04
0000107   9.4279E+05 -1.0897E+04  3.8480E+04
0000108   9.1681E+05 -6.6590E+04  6.4597E+04
0000109   9.5795E+05 -5.7768E+03  1.5175E+05
0000110   9.1473E+05 -7.2969E+04  5.3363E+04
0000111   9.4136E+05  3.9462E+04  1.3533E+04
0000112   9.4267E+05  1.5677E+04 -6.8609E+03
0000113   9.3944E+05  2.6546E+04 -1.7019E+03
0000114   9.0647E+05  2.3736E+03 -3.8951E+04
0000115   9.4146E+05  2.5260E+04  5.3165E+04
0000116   9.6731E+05 -1.5948E+04 -2.9054E+04
0000117   9.2370E+05  4.3137E+04 -2.5114E+04
0000118   9.4617E+05  3.6007E+04 -7.3744E+02
0000119   9.1021E+05 -2.8867E+04  3.9994E+04
0000120   9.4586E+05 -3.9892E+03  4.7747E+04
0000121   9.6435E+05  1.9895E+04 -3.3407E+04
0000122   9.4329E+05  1.4014E+04  4.3882E+04
0000123   9.7451E+05  1.9879E+04  1.3068E+04
0000124   9.3704E+05  6.9937E+04  1.9570E+02
0000125   9.3588E+05 -1.2563E+04 -2.4516E+04
0000126   9.4167E+05 -6.7375E+03  5.9225E+03
0000127   9.2210E+05 -6.7762E+04  4.3995E+04
0000128   9.1834E+05 -1.8033E+04 -6.3413E+03
0000129   9.3173E+05 -4.3587E+04  2.5264E+04
0000130   9.3632E+05  9.8722E+04  1.7516E+04
0000131   9.2477E+05  4.7431E+04  2.9305E+04
0000132   9.5061E+05 -4.4094E+03 -1.7970E+04
0000133   9.4581E+05 -1.4559E+03 -1.7622E+04
0000134   9.2443E+05  2.2093E+04 -8.5466E+03
0000135   9.1979E+05  9.2454E+04 -2.2806E+04
0000136   9.6086E+05  6.3114E+03 -2.5213E+04
0000137   9.2324E+05 -4.3018E+04 -2.2299E+03
0000138   9.3302E+05  5.2811E+04  4.0602E+04
0000139   9.6340E+05  1.4729E+04  9.4210E+04
0000140   9.3750E+05 -6.0222E+04  7.1897E+03
0000141   9.2740E+05  6.4032E+03  1.5977E+04
0000142   9.4628E+05 -2.3112E+04  2.9944E+04
0000143   9.2006E+05 -8.7918E+04  3.8311E+04
0000144   9.2760E+05  1.3504E+04 -3.6475E+04
0000145   9.2330E+05 -3.2574E+04 -1.1085E+05
0000146   9.6524E+05  7.9522E+03 -5.5778E+03
0000147   9.3139E+05  5.8891E+03 -7.6704E+04
0000148   9.0972E+05 -4.3464E+04 -8.2472E+03
0000149   9.2929E+05  5.7363E+03 -4.9112E+04
0000150   9.3488E+05  5.3466E+02  4.4625E+03
0000151   9.6295E+05  9.4346E+03  4.8862E+03
0000152   9.3926E+05  7.0119E+04 -3.1402E+03
0000153   9.5384E+05 -1.4739E+04  1.0402E+04
0000154   9.2232E+05  4.0655E+04 -2.7203E+04
0000155   9.4741E+05 -3.7308E+04  1.6590E+04
0000156   9.4167E+05  1.1112E+04  3.2752E+04
0000157   9.2600E+05  6.0740E+03  1.4819E+03
0000158   9.4229E+05  2.2211E+04  1.1564E+04
0000159   9.6744E+05 -9.7730E+03  1.7478E+04
0000160   9.3700E+05 -1.3962E+04 -3.5425E+04
0000161   9.2345E+05 -4.8449E+04 -1.2053E+03
0000162   9.5587E+05  1.0187E+03 -9.3152E+03
0000163   9.5129E+05 -8.1635E+03  2.1787E+04
0000164   9.6599E+05 -7.9354E+03  4.8543E+03
0000165   9.4648E+05  4.2036E+04  7.7984E+03
0000166   9.2749E+05 -7.9671E+04 -9.3762E+03
0000167   9.1906E+05  3.6695E+04 -1.5033E+04
0000168   9.4458E+05  1.8888E+04 -1.4305E+04
0000169   9.2865E+05  1.8158E+04  1.4575E+04
0000170   9.3155E+05 -3.0432E+04  2.8409E+04
0000171   9.6575E+05  2.6112E+04  2.7546E+04
0000172   9.2130E+05 -7.0715E+04 -1.2152E+05
0000173   9.4210E+05 -4.8913E+04  5.8089E+02
0000174   9.2732E+05  5.0530E+04 -4.6546E+03
0000175   9.0144E+05 -1.2735E+05 -2.9732E+04
0000176   9.2421E+05 -1.6050E+04 -1.2934E+04
0000177   8.9402E+05 -3.1625E+04  5.6973E+04
0000178   9.5179E+05  1.9507E+04 -1.2049E+04
0000179   9.3439E+05 -4.9507E+04  1.8771E+04
0000180   9.2448E+05 -9.6747E+04 -2.3197E+04
0000181   9.3543E+05 -6.3021E+03 -1.1569E+04
0000182   9.3785E+05  3.4331E+04  1.5025E+04
0000183   9.0325E+05  6.0197E+04  3.3225E+03
0000184   9.1532E+05 -2.6470E+04  4.2558E+04
0000185   9.2979E+05 -1.6837E+04 -2.0419E+04
0000186   9.5107E+05 -6.3929E+03 -1.7253E+04
0000187   9.1266E+05  8.5273E+03 -1.6549E+04
0000188   9.6654E+05  5.2495E+04 -2.6608E+04
0000189   9.4286E+05 -5.8472E+04 -1.5736E+04
0000190   9.5021E+05 -4.4992E+03  3.2248E+03
0000191   9.4366E+05 -3.7061E+04  2.9746E+04
0000192   9.4229E+05 -9.3965E+03  1.4949E+04
0000193   9.4762E+05 -2.4683E+04  2.0340E+04
0000194   9.5492E+05  2.2234E+04  1.1556E+04
0000195   9.3606E+05  4.4097E+03  5.2383E+04
0000196   9.4694E+05 -4.4651E+04  1.7954E+04
0000197   9.5376E+05 -2.3113E+04 -2.5007E+04
0000198   9.3856E+05 -1.8162E+04 -2.6641E+04
0000199   9.4652E+05 -1.1579E+04  2.5317E+03
0000200   9.3170E+05 -9.2891E+03 -1.5288E+04
0000201   9.4105E+05 -7.3710E+03 -2.6874E+04
0000202   9.3510E+05 -4.9441E+04  2.5879E+04
0000203   9.1221E+05 -1.9817E+04  9.7403E+03
0000204   9.2564E+05  2.6661E+04  8.7026E+03
0000205   9.4179E+05  3.2940E+04 -4.4242E+04
0000206   9.3716E+05 -1.3234E+04  3.8741E+04
0000207   9.0502E+05 -2.8981E+04  1.0375E+05
0000208   9.4304E+05 -9.8686E+03  5.3540E+04
0000209   9.6068E+05 -4.0684E+03 -1.9903E+03
0000210   9.5728E+05  6.0445E+03  4.3789E+04
0000211   9.1839E+05  4.2231E+04  5.3903E+03
0000212   9.2097E+05 -6.0029E+03  6.1302E+03
0000213   9.5208E+05 -2.6111E+03 -2.6682E+04
0000214   9.0796E+05 -7.0487E+04  1.7970E+03
0000215   9.2109E+05 -1.8358E+04 -4.6831E+04
0000216   9.6065E+05 -7.9247E+03  5.0356E+04
0000217   9.2318E+05 -4.8139E+04  1.4457E+04
0000218   9.7484E+05 -2.6064E+04 -8.7778E+03
0000219   9.2277E+05  1.5357E+04 -7.0727E+04
0000220   9.3931E+05 -2.5461E+04 -6.7937E+03
0000221   9.3012E+05 -3.6277E+03 -4.6438E+02
0000222   9.2735E+05  1.3424E+04 -1.0533E+04
0000223   9.2583E+05  1.8248E+04 -1.2834E+04
0000224   9.3303E+05  2.1677E+04 -2.2806E+04
0000225   9.2689E+05 -7.0829E+04 -5.4016E+04
0000226   9.4068E+05  3.7752E+04  3.0379E+04
0000227   9.2575E+05 -1.5448E+04  1.0213E+04
0000228   8.9349E+05 -5.4745E+04  1.1849E+04
0000229   9.4640E+05 -5.7770E+04  3.2883E+04
0000230   9.5501E+05  1.4681E+04 -1.1399E+04
0000231   9.5370E+05 -1.4918E+04  1.8189E+04
0000232   9.4855E+05 -2.3607E+04 -3.0365E+03
0000233   9.5039E+05  7.6438E+04  7.3789E+04
0000234   9.2762E+05  4.5670E+03  1.3823E+03
0000235   9.4951E+05 -9.9116E+03  7.8925E+03
0000236   9.4413E+05  3.3062E+04 -1.8400E+04
0000237   9.3736E+05  5.3951E+03  1.0432E+04
0000238   9.2945E+05 -4.1611E+04 -3.4854E+04
0000239   9.2987E+05  5.2154E+04  2.1890E+04
0000240   9.6534E+05 -2.5696E+04 -4.8590E+04
0000241   9.2361E+05 -3.3650E+03  1.4152E+04
0000242   9.2304E+05  4.3342E+04  1.9841E+04
0000243   9.3231E+05 -9.3963E+03  4.0589E+04
0000244   9.3711E+05  5.8646E+03  7.2754E+03
0000245   9.2527E+05 -4.2950E+04  4.2008E+04
0000246   9.5011E+05  8.0416E+04  4.3774E+04
0000247   9.3274E+05 -7.1199E+03 -9.6124E+03
0000248   9.5752E+05  6.6337E+04  1.8756E+04
0000249   9.4990E+05  3.7633E+04 -3.1750E+04
0000250   9.4737E+05  3.9859E+04  1.7046E+04
0000251   9.0181E+05  4.6690E+04  2.7406E+04
0000252   9.1817E+05 -1.0958E+04  1.9890E+04
0000253   9.3054E+05  9.1071E+03  3.9152E+04
0000254   9.1320E+05  5.5099E+03 -3.3846E+04
0000255   9.2754E+05  2.4202E+03 -2.3801E+04
0000256   9.3001E+05 -9.4198E+04 -1.2214E+03
0000257   9.5279E+05  7.6186E+03 -2.8523E+04
0000258   9.3380E+05  2.6926E+03  6.7884E+03
0000259   9.1913E+05 -2.3356E+04  2.4402E+04
0000260   9.5237E+05  4.9619E+03 -3.3965E+04
0000261   9.3431E+05 -3.0346E+03 -2.5929E+04
0000262   9.1506E+05  3.8084E+04 -5.7939E+04
0000263   9.6845E+05 -1.7748E+04 -3.1555E+04
0000264   9.3112E+05  3.2533E+04  8.7301E+02
0000265   9.2620E+05 -4.3178E+04 -1.3711E+04
0000266   9.4599E+05 -5.9542E+04  5.5550E+03
0000267   9.4455E+05 -2.0833E+04  3.5423E+04
0000268   9.2683E+05  1.0400E+04  5.9527E+04
0000269   9.3820E+05  2.4978E+04  1.6856E+04
0000270   9.3584E+05  3.7629E+04  2.9684E+04
0000271   9.4806E+05  1.1212E+04 -6.7330E+04
0000272   9.4525E+05  3.0810E+04 -5.4860E+03
0000273   9.2718E+05  7.9568E+03  4.0934E+03
0000274   9.3556E+05  7.3379E+04  1.9521E+03
0000275   8.8580E+05 -8.9466E+04 -3.5768E+04
0000276   9.3958E+05  6.9419E+03  5.8451E+04
0000277   9.5835E+05  1.3533E+04  1.0448E+04
0000278   9.2129E+05  4.0130E+04  2.6186E+04
0000279   9.4803E+05  4.8095E+04  4.8252E+04
0000280   9.2782E+05  3.4394E+03  9.8924E+04
0000281   8.9545E+05  1.3465E+02  6.3828E+04
0000282   9.4944E+05 -2.3297E+04  1.9452E+04
0000283   9.1567E+05 -2.0649E+04 -4.8347E+03
0000284   9.3036E+05 -2.0003E+04 -2.2750E+04
0000285   9.5510E+05 -7.0282E+03 -2.6291E+04
0000286   8.9796E+05  4.4561E+04 -2.6055E+04
0000287   9.4591E+05 -2.5046E+04 -2.9575E+04
0000288   9.3728E+05 -1.6595E+04  2.0713E+04
0000289   9.1573E+05 -7.4845E+04  5.4631E+04
0000290   9.3016E+05 -2.6704E+04 -5.0682E+04
0000291   9.2484E+05  3.6612E+03 -4.4790E+04
0000292   8.2468E+05  4.5575E+04  1.5107E+05
0000293   9.1582E+05  3.9143E+04 -4.9789E+04
0000294   9.2682E+05  1.0305E+04 -5.5844E+04
0000295   9.2354E+05 -2.8509E+04 -3.2291E+04
0000296   9.2210E+05  5.6873E+04 -1.2220E+04
0000297   9.4498E+05 -1.1450E+04 -1.5233E+04
0000298   9.3447E+05 -1.0557E+04  2.0514E+04
0000299   9.2980E+05  7.8984E+03  5.2131E+03
0000300   9.0921E+05 -1.2208E+04 -2.0064E+04
0000301   9.3399E+05 -1.8202E+04 -2.8563E+04
0000302   9.2734E+05 -1.4449E+04  1.0266E+04
0000303   9.2995E+05 -5.4302E+04  1.5496E+04
0000304   9.2691E+05  1.9920E+01  6.2639E+03
0000305   9.3164E+05  3.5358E+04  4.6685E+03
0000306   9.3013E+05 -6.1473E+04  2.4075E+04
0000307   9.6621E+05  1.9187E+04 -7.5164E+03
0000308   9.3299E+05  1.7969E+04  1.7270E+04
0000309   9.6033E+05  4.2687E+04  9.5551E+03
0000310   9.3433E+05 -3.0214E+04 -1.3940E+03
0000311   9.2483E+05  2.0086E+04  4.6000E+04
0000312   9.5049E+05  2.6126E+03  1.5261E+04
0000313   9.1903E+05  2.0277E+04 -3.3043E+04
0000314   9.4663E+05  2.0285E+04  5.2970E+04
0000315   9.6328E+05 -2.8145E+02 -2.7714E+04
0000316   9.2989E+05  5.8780E+03 -1.3035E+04
0000317   9.3780E+05 -2.4741E+04 -1.9732E+04
0000318   9.3786E+05 -8.2698E+03 -9.0295E+03
0000319   9.3819E+05 -1.9365E+04  3.2818E+04
0000320   9.5038E+05 -2.9833E+04  5.7322E+04
0000321   9.1687E+05  1.7999E+04 -2.6790E+03
0000322   9.0984E+05  3.6173E+04  1.3250E+04
0000323   9.4575E+05  1.1754E+04 -8.6471E+03
0000324   9.3784E+05 -7.3235E+03  3.0314E+04
0000325   9.2723E+05  8.7251E+03  5.1605E+03
0000326   9.3433E+05 -1.2057E+04  1.2865E+03
0000327   9.3455E+05 -2.3581E+03  4.1428E+04
0000328   9.4152E+05  5.9247E+04  5.1170E+04
0000329   9.2028E+05  1.1341E+04 -2.5095E+04
0000330   9.4786E+05 -2.7523E+04  9.3798E+03
0000331   9.4272E+05  5.3431E+04 -2.1926E+04
0000332   9.4598E+05 -8.2534E+03 -1.0774E+04
0000333   9.2085E+05  5.3924E+03 -4.8979E+04
0000334   9.3835E+05 -1.4423E+02  1.2453E+04
0000335   9.3688E+05 -2.9960E+04 -5.5675E+03
0000336   9.1023E+05  5.1917E+03 -1.0594E+03
0000337   9.2627E+05  4.6166E+04  1.5866E+04
0000338   9.4176E+05  3.2402E+04  5.1503E+04
0000339   9.5756E+05 -4.7935E+03  7.2068E+04
0000340   9.3121E+05  1.0155E+04  3.0097E+04
0000341   9.2567E+05 -1.4684E+04  1.2959E+04
0000342   9.0163E+05  5.5610E+04  2.7895E+04
0000343   9.0904E+05  3.6949E+04  1.8709E+04
0000344   9.4759E+05 -3.7458E+04  4.4276E+04
0000345   9.1199E+05 -3.3386E+04 -1.0909E+04
0000346   9.1038E+05 -1.6576E+05  1.3400E+05
0000347   9.1348E+05  1.0451E+03 -1.2029E+04
0000348   9.4966E+05 -3.2275E+04 -6.3412E+03
0000349   9.2839E+05  2.2609E+04 -8.5346E+03
0000350   9.3308E+05  7.1925E+03  2.3676E+04
0000351   9.4596E+05 -2.2469E+04  5.4048E+04
0000352   9.4373E+05  1.0324E+04  1.9794E+04
0000353   9.3268E+05 -2.4666E+04 -3.0448E+04
0000354   9.1789E+05 -2.0007E+04  1.7625E+04
0000355   9.3741E+05  3.2703E+04  9.4301E+03
0000356   9.2796E+05  2.4403E+04  6.4988E+03
0000357   9.3080E+05  2.4389E+04 -3.5904E+03
0000358   9.7368E+05 -1.0376E+04 -5.7323E+03
0000359   9.1858E+05  4.6355E+04  2.5106E+04
0000360   9.3392E+05  4.6978E+04 -2.0755E+04
0000361   9.1860E+05 -1.2945E+04 -2.9715E+04
0000362   9.0324E+05 -6.9328E+03 -2.6559E+03
0000363   9.4878E+05  7.4012E+03  5.0634E+04
0000364   9.5080E+05 -2.1308E+04  1.0028E+04
0000365   9.1100E+05 -1.9212E+04  8.2416E+04
0000366   9.4052E+05 -1.6809E+04 -7.7558E+03
0000367   9.3627E+05 -2.0253E+04 -4.2434E+04
0000368   9.2637E+05 -4.7783E+03 -4.7126E+03
0000369   9.1850E+05  2.9262E+04 -1.4889E+04
0000370   9.3956E+05 -7.3205E+03 -3.8401E+04
0000371   9.1544E+05 -3.8148E+04 -3.6310E+04
0000372   9.2694E+05 -5.7945E+04  1.2908E+04
0000373   9.5018E+05  2.3383E+04  1.3892E+04
0000374   9.3923E+05 -3.5278E+04 -5.2765E+04
0000375   9.4268E+05  1.1389E+04 -1.0780E+04
0000376   9.1272E+05 -1.0945E+04  9.3894E+04
0000377   9.1335E+05 -6.3481E+03  2.3755E+04
0000378   9.5308E+05  5.8163E+03 -3.8574E+04
0000379   9.2062E+05  3.8817E+04 -3.3929E+04
0000380   9.1800E+05  3.7460E+04  1.2556E+03
0000381   9.1161E+05 -3.3469E+04 -1.5178E+04
0000382   9.2753E+05  7.0672E+04 -3.6460E+04
0000383   9.3520E+05 -2.7677E+04  1.0537E+05
0000384   9.4191E+05 -2.9424E+03  4.4921E+04
0000385   9.3822E+05  1.8765E+04 -4.1256E+03
0000386   9.3404E+05 -5.5251E+04 -3.7218E+03
0000387   9.4103E+05  4.1804E+04  1.2558E+04
0000388   9.4074E+05  6.2797E+03  1.4676E+04
0000389   9.3492E+05  1.2995E+04 -2.4346E+04
0000390   9.2667E+05  2.5119E+04  7.7985E+03
0000391   9.2009E+05  4.0449E+04 -4.3860E+04
0000392   9.2378E+05 -1.7806E+04  2.7343E+04
0000393   9.3187E+05  3.6979E+04 -5.3336E+04
0000394   9.6870E+05 -1.4971E+04 -2.5012E+04
0000395   9.3911E+05 -1.2785E+03 -7.0788E+03
0000396   9.3236E+05 -3.5695E+04  2.4318E+04
0000397   9.3726E+05 -6.4932E+04 -9.1405E+04
0000398   9.3549E+05 -1.2732E+05 -1.8228E+04
0000399   9.3273E+05  9.5647E+03 -1.5172E+04
0000400   9.3546E+05 -1.1173E+04 -4.2107E+03
0000401   9.0969E+05 -1.2638E+04  9.2602E+03
0000402   9.3043E+05  4.7095E+03 -2.7006E+04
0000403   9.4647E+05 -3.9061E+03  2.7880E+04
0000404   9.1825E+05  4.0049E+04 -7.5859E+03
0000405   9.4028E+05 -5.2128E+04 -6.6612E+04
0000406   9.7378E+05 -2.7627E+02 -8.5434E+03
0000407   9.5151E+05  2.1235E+04  9.0729E+03
0000408   9.5046E+05 -1.8631E+04  5.1818E+03
0000409   9.3666E+05  4.1500E+03 -1.9231E+04
0000410   9.4482E+05  2.7487E+04  2.3503E+04
0000411   9.1937E+05  4.4413E+03  4.5695E+04
0000412   9.2648E+05 -4.6564E+04  7.5262E+02
0000413   9.3984E+05  2.4153E+04 -5.4185E+03
0000414   9.2564E+05 -5.9211E+04 -1.7306E+04
0000415   9.3121E+05 -3.1895E+04 -4.8563E+04
0000416   9.2200E+05 -3.3562E+03 -7.9755E+04
0000417   9.4279E+05 -2.4544E+04  1.9251E+03
0000418   9.5744E+05 -4.1196E+04 -2.5423E+04
0000419   9.3470E+05  1.9506E+04  3.3409E+04
0000420   9.4963E+05 -2.0794E+04  1.9965E+04
0000421   9.5186E+05  1.9999E+04  6.2052E+04
0000422   9.0285E+05  2.6785E+04 -1.5647E+04
0000423   9.2786E+05  7.3998E+03 -1.7268E+04
0000424   9.3502E+05 -3.1185E+03 -3.3734E+03
0000425   9.3932E+05  3.5981E+04 -8.4412E+04
0000426   9.0739E+05 -6.3299E+03  3.5132E+03
0000427   9.3153E+05  1.2383E+04 -3.5393E+04
0000428   9.3332E+05  5.1253E+04 -2.8763E+04
0000429   9.5530E+05 -1.6404E+04 -1.1489E+04
0000430   9.3596E+05  7.2712E+04 -7.3547E+04
0000431   9.4884E+05 -2.7269E+04 -2.2514E+04
0000432   9.3198E+05  1.4546E+04  7.2006E+03
0000433   9.2082E+05 -2.2574E+03  1.1491E+04
0000434   9.2979E+05  2.0252E+04 -8.7977E+03
0000435   9.1606E+05  6.6914E+04 -3.3092E+04
0000436   9.2436E+05 -3.7342E+04  2.2712E+04
0000437   9.4549E+05 -4.7025E+04  6.9725E+04
0000438   9.3339E+05  5.4080E+04  6.1617E+03
0000439   9.4487E+05 -3.7221E+04 -1.8214E+03
0000440   9.3800E+05  1.8182E+04  3.3016E+04
0000441   9.3125E+05 -1.3238E+04 -6.5263E+03
0000442   9.4550E+05 -5.2347E+03 -2.3539E+04
0000443   9.1577E+05  1.5606E+04 -4.1265E+03
0000444   9.4469E+05 -2.6216E+04 -2.2140E+03
0000445   9.3958E+05  4.6898E+03 -1.2470E+04
0000446   9.4316E+05  1.4386E+04  2.1404E+04
0000447   9.3690E+05  3.9114E+04  1.8246E+04
0000448   9.1840E+05 -9.7779E+03 -1.3314E+04
0000449   9.5349E+05 -3.1365E+04  3.2382E+04
0000450   9.0007E+05 -4.8959E+04 -1.1473E+04
0000451   9.1904E+05 -2.6221E+04  1.3614E+03
0000452   9.4021E+05  2.8085E+03  1.1967E+04
0000453   9.1951E+05 -3.2759E+04 -4.2692E+04
0000454   9.2245E+05  2.4533E+04  4.4127E+04
0000455   9.3037E+05  5.3182E+02 -2.0525E+04
0000456   9.3159E+05  2.2830E+04  2.9052E+02
0000457   9.3597E+05  2.8494E+04  1.2528E+04
0000458   9.2901E+05 -3.3200E+04  1.0254E+04
0000459   9.2241E+05 -2.0502E+04 -1.9151E+04
0000460   8.5304E+05 -6.1516E+04 -1.3976E+05
0000461   9.2170E+05  7.4644E+04  8.4356E+03
0000462   9.1860E+05 -8.8785E+02 -3.2230E+04
0000463   9.2279E+05 -2.3185E+04  1.2716E+04
0000464   9.1697E+05  2.9300E+04 -2.5995E+04
0000465   9.1468E+05  5.6774E+04  1.4729E+04
0000466   9.5662E+05 -1.6733E+04 -3.3039E+04
0000467   9.4033E+05 -1.4891E+04  2.0177E+04
0000468   9.1914E+05 -1.4641E+04  3.7921E+04
0000469   9.0077E+05 -2.5369E+04 -3.6650E+04
0000470   9.4929E+05  8.5641E+03 -9.4603E+03
0000471   9.4041E+05 -3.4733E+04  6.4352E+04
0000472   9.5599E+05  1.8045E+04 -8.0867E+03
0000473   9.2463E+05  3.5513E+03 -2.3430E+04
0000474   9.1990E+05 -4.2611E+04  8.0071E+03
0000475   9.4234E+05 -1.4113E+04 -5.4022E+03
0000476   9.2410E+05 -2.2353E+03  5.7387E+03
0000477   9.2677E+05  4.7047E+04  1.4132E+04
0000478   9.2445E+05  1.6566E+04 -3.0123E+04
0000479   9.4456E+05  1.0217E+04  7.5546E+04
0000480   9.1695E+05  6.7903E+03 -6.3046E+04
0000481   9.1680E+05 -1.2578E+04  5.7932E+03
0000482   9.4746E+05  2.5089E+04  1.6270E+04
0000483   9.3553E+05 -3.5097E+04  5.0752E+03
0000484   9.0578E+05  1.7126E+05  9.5808E+03
0000485   9.2966E+05  2.0295E+03 -9.9771E+03
0000486   9.0986E+05  5.1612E+04  8.5226E+04
0000487   9.1814E+05 -6.1448E+03  1.7332E+04
0000488   9.4901E+05  1.6697E+04  4.5732E+04
0000489   9.0304E+05 -3.1729E+03  3.9416E+03
0000490   9.1881E+05 -8.9980E+03  1.1306E+05
0000491   9.2415E+05 -5.9568E+03  3.8534E+03
0000492   9.2302E+05  2.4079E+01  4.7258E+03
0000493   8.9925E+05  1.7136E+05  3.8359E+04
0000494   9.2380E+05  1.1016E+04 -5.9708E+03
0000495   9.2400E+05 -6.1990E+04 -5.0960E+04
0000496   9.3944E+05  2.0810E+04 -6.0370E+02
0000497   9.6768E+05 -2.1841E+04  4.3150E+04
0000498   9.3131E+05 -1.7795E+04 -1.0076E+05
0000499   9.4012E+05 -3.4091E+04 -1.8400E+04
0000500   9.2172E+05  4.3980E+04 -4.9290E+04
0000501   9.4056E+05  1.2887E+04  1.8567E+04
0000502   9.2412E+05 -3.0893E+04  2.5866E+04
0000503   9.5550E+05 -4.0956E+04  5.8595E+04
0000504   9.5224E+05 -2.3067E+04 -6.8859E+03
0000505   9.5884E+05  2.4084E+04  1.6785E+04
0000506   9.1484E+05  5.4603E+04  4.9963E+03
0000507   9.4192E+05  3.7247E+04  9.1437E+03
0000508   9.5450E+05  2.4434E+04 -1.1989E+04
0000509   9.3233E+05 -1.5260E+04  6.2424E+03
0000510   9.1998E+05  2.5619E+04  4.4582E+04
0000511   9.3314E+05 -4.9182E+04 -4.5248E+03
0000512   9.3710E+05  1.4101E+04  8.3972E+03
0000513   9.1430E+05  1.2279E+04  7.3487E+03
0000514   9.3021E+05  1.7184E+04  6.0172E+04
0000515   9.5181E+05 -2.0991E+04 -2.2758E+04
0000516   9.1303E+05  1.8262E+03  1.1958E+04
0000517   9.0142E+05 -2.5567E+04 -5.0360E+03
0000518   9.0420E+05  3.5540E+04 -6.0774E+03
0000519   9.3466E+05 -3.7803E+04  2.4370E+04
0000520   9.2564E+05  2.8757E+04  2.0704E+03
0000521   9.4428E+05  3.5282E+04 -2.6839E+04
0000522   9.1277E+05 -9.7928E+04  7.8037E+04
0000523   9.4371E+05  6.4293E+03  2.1997E+04
0000524   9.4144E+05 -4.5272E+03 -8.0725E+03
0000525   9.1176E+05  3.1900E+02 -5.5095E+04
0000526   9.5278E+05  5.1671E+03  3.2817E+04
0000527   9.5455E+05 -8.7391E+03 -2.6204E+04
0000528   9.2004E+05 -2.7633E+04 -3.5498E+04
0000529   9.2444E+05  1.4302E+04  2.4499E+03
0000530   9.2749E+05  2.6144E+04 -2.0507E+03
0000531   9.3536E+05  1.1366E+04  3.0192E+04
0000532   9.0014E+05 -1.6712E+04  2.0363E+05
0000533   9.3092E+05  3.6495E+04  2.6350E+04
0000534   9.2750E+05  6.6114E+04  7.4015E+03
0000535   9.2672E+05  3.2090E+04  5.8119E+02
0000536   9.3611E+05 -7.3835E+03  3.4201E+04
0000537   6.5087E+05  1.4715E+05 -2.7814E+05
0000538   9.2756E+05 -1.6387E+04 -1.5344E+04
0000539   9.2463E+05  1.4829E+04 -3.6976E+03
0000540   9.4939E+05  7.8031E+03 -4.0907E+04
0000541   9.3985E+05  8.5033E+02 -7.8723E+03
0000542   9.4128E+05 -2.0103E+04 -4.6067E+04
0000543   9.2376E+05 -4.8215E+03 -3.2122E+04
0000544   9.1250E+05  4.7778E+04  8.8170E+03
0000545   9.3934E+05  7.1850E+03  1.5954E+04
0000546   9.2806E+05  2.0682E+04  5.2694E+03
0000547   9.5410E+05  4.7154E+03  4.0314E+04
0000548   9.0800E+05 -3.9922E+04  7.8242E+03
0000549   9.4368E+05  4.5685E+03  6.5117E+04
0000550   9.3956E+05  2.5086E+04 -1.6557E+04
0000551   9.3541E+05 -1.7456E+04  1.8402E+04
0000552   9.1770E+05  2.6604E+04  8.6604E+03
0000553   9.3612E+05  9.0066E+03 -1.0443E+05
0000554   8.9618E+05 -1.2625E+05  2.0974E+04
0000555   9.3130E+05  4.8644E+04 -1.9807E+04
0000556   9.3190E+05 -3.6978E+04 -1.2077E+04
0000557   9.1891E+05 -1.5411E+04 -2.7618E+04
0000558   9.1399E+05  3.1426E+04  5.3689E+04
0000559   9.4435E+05 -5.4343E+04 -3.2170E+04
0000560   9.5117E+05  1.1713E+04 -2.3883E+04
0000561   9.3605E+05 -5.8642E+04  6.5977E+04
0000562   8.9549E+05  6.4790E+04 -1.0607E+05
0000563   9.3796E+05 -3.9331E+04  3.2560E+04
0000564   9.0728E+05 -1.2850E+03  7.2227E+02
0000565   9.2349E+05 -1.2274E+03 -4.7134E+03
0000566   9.5864E+05 -1.2539E+04  2.4386E+04
0000567   9.2224E+05  1.8285E+04 -5.5244E+04
0000568   9.2283E+05 -1.5613E+03 -7.9714E+03
0000569   9.1775E+05 -2.1340E+04  4.8999E+04
0000570   9.2867E+05  1.5174E+04 -2.1772E+04
0000571   9.2955E+05 -2.8072E+04 -8.5218E+03
0000572   9.2231E+05  2.1206E+03  2.4461E+04
0000573   9.1553E+05 -2.9916E+04 -1.1386E+04
0000574   9.3541E+05 -3.8930E+04 -6.3349E+04
0000575   9.2622E+05  1.4495E+04 -1.7896E+04
0000576   9.4699E+05 -1.4128E+04 -3.4268E+03
0000577   9.2198E+05  3.1655E+04 -1.8193E+04
0000578   9.1559E+05 -1.6982E+04 -2.4122E+04
0000579   9.3405E+05 -2.3746E+04  2.9110E+04
0000580   9.5283E+05 -8.7780E+03 -2.2592E+03
0000581   9.1431E+05 -2.1917E+03  2.6139E+04
0000582   9.3552E+05  3.3873E+04  7.0075E+03
0000583   9.2692E+05  6.2616E+04 -2.3773E+04
0000584   9.2973E+05  4.5765E+04  2.9349E+04
0000585   9.1974E+05  4.4444E+04  3.4452E+04
0000586   9.3322E+05 -2.4517E+04 -6.1693E+04
0000587   9.5593E+05  4.6210E+03  1.4520E+04
0000588   9.5621E+05 -2.3513E+04 -5.9065E+03
0000589   9.2031E+05  1.0341E+04  1.5400E+04
0000590   9.4948E+05 -3.6077E+04  1.7014E+04
0000591   9.6550E+05  5.2377E+04  5.9289E+03
0000592   9.1852E+05  3.2438E+03 -1.8134E+04
0000593   9.4322E+05 -7.9964E+03 -1.2650E+04
0000594   9.4365E+05 -2.3254E+03  2.7571E+03
0000595   9.3248E+05 -1.7279E+04  7.0158E+03
0000596   9.2747E+05 -2.0274E+04  5.1796E+04
0000597   9.2600E+05  1.7208E+04 -1.0728E+04
0000598   9.0271E+05 -1.1967E+04 -2.5417E+04
0000599   9.3125E+05 -1.1151E+04 -1.5659E+04
0000600   9.0918E+05  8.8549E+02 -2.0023E+04
0000601   9.3646E+05  5.6158E+02 -3.6752E+04
0000602   9.3497E+05 -1.4701E+04  1.8573E+04
0000603   9.0800E+05 -3.0953E+03  1.5907E+04
0000604   9.5844E+05 -2.2463E+04 -2.7195E+03
0000605   9.1436E+05  4.5527E+04 -3.0670E+04
0000606   9.6600E+05 -1.1920E+03 -3.9101E+04
0000607   9.0544E+05  4.9923E+04  4.3265E+04
0000608   9.3522E+05 -4.2772E+04  3.4092E+04
0000609   9.0748E+05  5.3412E+04  2.5755E+04
0000610   9.5636E+05 -8.6120E+03  2.7316E+04
0000611   8.9891E+05  1.9982E+04 -2.3460E+04
0000612   9.3470E+05  1.6121E+04 -1.1775E+04
0000613   9.4506E+05 -1.2341E+04  3.7329E+04
0000614   9.0907E+05 -5.5315E+04  3.2687E+03
0000615   9.5039E+05 -4.0043E+03 -1.8341E+04
0000616   9.2357E+05 -9.0513E+02  2.5853E+04
0000617   9.4867E+05  1.3336E+04 -1.5053E+04
0000618   9.4581E+05  1.3505E+03 -1.0522E+04
0000619   9.4298E+05  3.3400E+03 -9.4869E+03
0000620   9.2376E+05 -4.5923E+04 -4.5081E+04
0000621   9.4396E+05  4.8813E+04  3.0932E+04
0000622   9.5042E+05  1.5960E+04  4.8081E+04
0000623   9.9114E+05  1.7701E+04  1.9298E+04
0000624   9.3686E+05  2.7562E+04 -6.6711E+03
0000625   9.3350E+05  2.5753E+03 -2.2875E+04
0000626   9.1904E+05  2.6628E+04  3.9892E+04
0000627   9.2592E+05 -7.2718E+03 -8.3367E+03
0000628   9.3264E+05 -5.8123E+02 -2.1687E+04
0000629   9.2402E+05  6.5958E+03 -4.1621E+04
0000630   9.1081E+05 -3.7872E+04 -9.9068E+03
0000631   9.4198E+05 -8.4942E+03 -6.6604E+03
0000632   9.6205E+05  9.1223E+03  3.0735E+03
0000633   9.5184E+05  1.4761E+04 -1.1017E+04
0000634   9.2293E+05  6.1587E+04  1.1585E+03
0000635   9.4272E+05 -1.1687E+03 -3.1439E+04
0000636   9.3264E+05 -1.1733E+04 -5.9223E+04
0000637   9.2163E+05 -1.1381E+05 -2.9338E+04
0000638   9.2177E+05 -3.3450E+04  8.2913E+04
0000639   8.7524E+05 -1.0716E+05  1.4548E+05
0000640   9.1467E+05  2.4773E+03  1.1219E+04
0000641   9.2835E+05 -2.1407E+04  4.2040E+04
0000642   9.4194E+05 -4.3855E+04 -3.4927E+04
0000643   9.5816E+05  2.1539E+04  4.0548E+04
0000644   9.2333E+05 -2.0032E+04 -8.3454E+03
0000645   9.3466E+05  1.5241E+04 -2.7019E+04
0000646   9.5086E+05 -6.0624E+04 -1.3427E+04
0000647   9.3863E+05  7.8811E+03  4.1374E+04
0000648   9.2398E+05  6.2875E+03 -4.5047E+04
0000649   9.3350E+05  3.6392E+04  8.7594E+02
0000650   9.4568E+05  1.5566E+03 -1.4746E+04
0000651   9.3675E+05  3.9106E+04  2.4069E+04
0000652   9.5201E+05  7.2425E+03  1.5498E+04
0000653   9.5385E+05  5.2937E+04 -2.7217E+04
0000654   9.1244E+05  1.2102E+04  2.8566E+04
0000655   9.3841E+05  1.1705E+04  3.6947E+04
0000656   9.3004E+05 -4.7653E+04  4.7444E+04
0000657   9.5798E+05 -5.2597E+04  5.2428E+04
0000658   9.3549E+05  2.0685E+04  6.3735E+04
0000659   9.1238E+05  1.1937E+04  6.4846E+04
0000660   9.2739E+05 -2.2925E+04 -4.6647E+04
0000661   9.5629E+05 -1.6384E+04  2.6953E+04
0000662   9.5861E+05  2.3659E+04 -2.8790E+04
0000663   9.2947E+05 -2.8234E+04 -4.5821E+03
0000664   9.5217E+05 -2.8769E+03 -1.2447E+04
0000665   9.5928E+05  4.2229E+04 -3.8358E+04
0000666   9.4008E+05  5.8928E+04  1.1191E+04
0000667   9.3145E+05 -2.5566E+04  1.7895E+04
0000668   9.4746E+05  2.1732E+04  1.8088E+04
0000669   9.4868E+05 -2.8298E+03  3.8986E+03
0000670   9.5806E+05  3.3940E+04  1.4240E+03
0000671   9.2127E+05  2.7278E+04  2.1302E+04
0000672   9.1952E+05  5.2707E+04 -1.4431E+04
0000673   9.4768E+05 -6.2013E+03 -4.2606E+04
0000674   9.3603E+05 -1.8815E+04  1.0113E+03
0000675   9.3478E+05 -1.3002E+03 -8.6200E+02
0000676   9.4261E+05 -4.4896E+04 -1.9889E+04
0000677   9.3165E+05 -4.7903E+03 -3.4231E+03
0000678   9.1245E+05 -4.4724E+04  1.0346E+04
0000679   9.1076E+05 -1.0839E+05 -7.2392E+04
0000680   9.4759E+05 -1.2421E+04  7.0814E+04
0000681   9.1630E+05  1.1070E+05 -1.1314E+05
0000682   9.1958E+05  2.6284E+04 -1.5092E+04
0000683   9.1092E+05 -2.1786E+04  6.9505E+04
0000684   9.0015E+05 -9.0948E+03  6.9487E+03
0000685   9.4664E+05 -5.3099E+04  9.4643E+04
0000686   9.6162E+05 -4.4118E+04  2.4256E+04
0000687   9.3333E+05  1.5302E+04  3.7536E+04
0000688   9.3229E+05  1.6038E+04 -4.3246E+04
0000689   9.5925E+05 -2.1216E+04 -3.1004E+04
0000690   8.9266E+05 -8.7269E+03  3.1585E+04
0000691   9.1347E+05  9.9058E+03 -4.4306E+03
0000692   9.4085E+05 -3.7901E+03  4.6637E+04
0000693   9.4757E+05 -4.9618E+03 -9.1277E+03
0000694   9.3799E+05 -5.1619E+04  4.7831E+04
0000695   9.3079E+05  4.9733E+03 -1.1926E+04
0000696   9.2529E+05  4.8299E+03  3.1504E+04
0000697   9.5630E+05  2.1572E+04  3.2058E+04
0000698   9.2363E+05 -4.1549E+04  6.9621E+04
0000699   9.2710E+05  6.9580E+03  7.3371E+03
0000700   9.4048E+05 -6.3984E+03 -1.7080E+04
0000701   9.4671E+05  1.5114E+04  4.3947E+04
0000702   9.4019E+05  3.7044E+03  1.9725E+04
0000703   9.1449E+05 -2.7696E+04  6.3287E+04
0000704   9.4456E+05 -9.3715E+03 -2.7223E+04
0000705   9.4144E+05  1.0362E+04 -1.6399E+04
0000706   9.3901E+05 -2.9414E+04  2.3361E+04
0000707   9.3779E+05 -2.1914E+04 -4.9818E+04
0000708   9.2505E+05 -3.4234E+04  1.1776E+05
0000709   9.1542E+05  1.7486E+03 -2.5474E+04
0000710   9.1087E+05  1.2974E+04 -4.7999E+04
0000711   9.4248E+05 -3.3114E+04 -3.2724E+04
0000712   9.1309E+05 -3.2939E+04  1.1984E+04
0000713   9.4740E+05  9.8114E+03  5.4903E+04
0000714   9.3622E+05  2.7960E+04  9.0440E+03
0000715   9.5122E+05 -4.0205E+02  1.2566E+04
0000716   9.1482E+05 -3.9042E+04 -3.0562E+04
0000717   9.2842E+05 -3.5026E+04  1.4321E+04
0000718   9.3709E+05  4.2306E+03  1.8564E+04
0000719   9.6362E+05  2.3176E+04 -1.1765E+04
0000720   9.6453E+05  4.4962E+04  4.7026E+03
0000721   9.4303E+05  5.5701E+03 -2.8256E+04
0000722   9.2261E+05 -1.5727E+04 -6.3374E+03
0000723   9.4761E+05 -3.8251E+04  9.4037E+03
0000724   9.4027E+05 -1.9992E+04 -1.8335E+03
0000725   9.3678E+05  2.7011E+04  1.3035E+04
0000726   9.2498E+05 -2.7436E+04  1.5571E+05
0000727   9.4540E+05 -4.8370E+04  6.9601E+03
0000728   9.1925E+05  3.4073E+04 -9.7779E+04
0000729   9.1919E+05 -3.8627E+04 -2.3507E+04
0000730   9.2054E+05  2.9334E+04 -9.1859E+02
0000731   9.4834E+05 -6.1134E+02  6.0657E+04
0000732   8.9283E+05  5.5910E+04 -6.1429E+04
0000733   9.3797E+05 -3.5480E+04  5.8810E+03
0000734   9.1493E+05 -1.8851E+03  1.0702E+05
0000735   9.3207E+05 -1.0846E+04 -4.3382E+04
0000736   9.2086E+05 -8.3568E+03  6.4234E+04
0000737   9.4578E+05  1.4777E+04  1.6891E+04
0000738   9.6388E+05 -3.0174E+04 -4.4128E+04
0000739   9.4126E+05 -3.4465E+04  2.5620E+04
0000740   9.3738E+05  2.4903E+04 -2.0463E+04
0000741   9.4079E+05 -6.0721E+03  1.6317E+04
0000742   9.2730E+05  6.3966E+03 -1.0478E+05
0000743   9.2759E+05  1.3897E+04 -3.8444E+04
0000744   9.0086E+05 -7.1715E+03 -4.9838E+04
0000745   9.5646E+05 -1.5276E+04 -3.2370E+04
0000746   9.5630E+05 -7.0271E+03 -3.2719E+04
0000747   9.4177E+05  4.0231E+04 -1.1954E+04
0000748   9.4309E+05 -6.3113E+04  5.6751E+04
0000749   9.1604E+05 -1.6887E+04  1.5948E+04
0000750   9.4747E+05  6.1079E+03  4.7237E+04
0000751   9.2586E+05  1.2292E+05  2.1894E+04
0000752   9.3204E+05 -3.7842E+04 -1.7081E+03
0000753   9.5579E+05  7.4800E+03  1.0926E+04
0000754   9.3762E+05 -4.5202E+04  8.5717E+03
0000755   9.2588E+05  7.8058E+03 -8.0445E+03
0000756   8.9270E+05 -2.5016E+05 -4.6210E+04
0000757   9.2735E+05 -3.9999E+04  2.3155E+04
0000758   9.4764E+05 -6.2937E+03 -1.9345E+04
0000759   9.1620E+05  3.5842E+04  2.1374E+04
0000760   9.3389E+05  1.0337E+04 -1.6473E+04
0000761   9.5076E+05 -6.0318E+04 -5.2144E+04
0000762   9.4686E+05 -1.1358E+04 -8.1581E+03
0000763   9.2422E+05  1.1021E+04  4.0737E+04
0000764   9.4071E+05  1.0630E+04  2.8234E+04
0000765   9.3848E+05  1.9587E+04  8.5155E+03
0000766   9.4414E+05 -3.9914E+04  4.0615E+04
0000767   9.3418E+05 -5.6901E+04  2.9454E+04
0000768   9.5552E+05  6.4309E+03  4.7417E+04
0000769   9.4047E+05  3.8243E+04  5.0177E+04
0000770   9.3365E+05  4.6366E+04 -4.1668E+04
0000771   9.0913E+05  1.3133E+04  1.0330E+04
0000772   9.3149E+05 -2.8273E+04 -2.0783E+04
0000773   9.5170E+05  2.3914E+04 -7.7477E+02
0000774   9.4027E+05  2.3222E+03 -1.5921E+04
0000775   9.4378E+05 -2.8257E+04 -1.8722E+04
0000776   9.4971E+05 -3.4735E+03  1.2120E+04
0000777   9.3125E+05 -1.7950E+04 -3.3077E+04
0000778   9.3256E+05 -5.9468E+04  8.7849E+04
0000779   9.3028E+05 -2.1574E+04  8.4588E+03
0000780   9.3712E+05 -4.7370E+02 -5.9712E+03
0000781   9.2540E+05  1.5055E+04  2.2074E+04
0000782   9.4672E+05 -8.2164E+03 -1.2605E+04
0000783   9.6426E+05 -1.8776E+04  1.1232E+04
0000784   9.5134E+05 -4.0595E+04  3.8782E+04
0000785   9.0139E+05 -9.4115E+03  6.6709E+03
0000786   9.3285E+05  3.4823E+04 -7.5786E+04
0000787   9.5533E+05 -1.1344E+04  6.3879E+03
0000788   9.3052E+05 -3.3464E+04  3.6498E+04
0000789   9.2455E+05 -1.3978E+04  2.1338E+04
0000790   9.4316E+05 -2.6009E+04  2.6002E+04
0000791   9.2132E+05  3.4370E+04  5.6201E+04
0000792   9.3722E+05 -3.5132E+03 -1.9252E+04
0000793   9.5332E+05 -2.4491E+04  9.1273E+03
0000794   9.1306E+05 -4.3280E+03 -3.9995E+04
0000795   9.3114E+05  1.4678E+04 -9.5834E+03
0000796   9.0906E+05  3.2905E+04  2.5302E+04
0000797   9.3231E+05 -3.0348E+04 -4.8829E+04
0000798   9.2195E+05  6.7835E+03 -2.3873E+02
0000799   7.7259E+05 -2.5626E+05 -4.4443E+05
0000800   9.3696E+05 -1.2720E+04  1.1974E+04
0000801   9.5570E+05  6.3733E+04 -2.1778E+04
0000802   9.2538E+05 -1.3822E+04  5.9876E+04
0000803   9.1680E+05  8.6403E+03  3.5981E+04
0000804   9.3943E+05  2.7219E+04 -9.0439E+03
0000805   8.9867E+05 -1.1501E+05 -3.3594E+03
0000806   9.2675E+05 -1.5013E+03 -1.3361E+03
0000807   9.4813E+05  1.2046E+01  6.9967E+03
0000808   9.4167E+05 -5.8222E+02 -1.1927E+04
0000809   9.5265E+05 -2.3651E+03 -3.4940E+04
0000810   9.2641E+05  1.8258E+04 -3.1382E+04
0000811   9.5006E+05 -6.1565E+03 -3.7503E+04
0000812   9.4011E+05 -2.7285E+04 -9.5263E+04
0000813   9.3287E+05 -4.9456E+04 -2.4242E+04
0000814   9.2349E+05 -2.1165E+03  2.4769E+04
0000815   8.9641E+05 -2.0025E+04  3.4260E+03
0000816   9.3135E+05 -4.5030E+04 -4.6790E+04
0000817   9.4328E+05 -3.2582E+02 -5.4665E+04
0000818   9.3997E+05  3.5973E+04 -1.0315E+04
0000819   9.3012E+05  4.1127E+04 -8.2207E+04
0000820   9.3250E+05 -4.8992E+04 -1.1689E+04
0000821   9.3380E+05 -3.0172E+04 -3.2873E+04
0000822   9.6651E+05  5.6986E+04 -1.4897E+04
0000823   9.1883E+05 -4.2499E+04  5.3626E+04
0000824   9.3082E+05 -2.9374E+04  1.0258E+05
0000825   9.3746E+05  2.1006E+04 -9.4533E+03
0000826   9.5160E+05  3.5264E+04 -3.6366E+03
0000827   9.2549E+05 -4.1908E+03  1.8993E+04
0000828   9.2894E+05 -5.4640E+03 -4.7340E+04
0000829   9.1002E+05  2.2605E+04  1.1499E+03
0000830   9.2360E+05  2.0315E+04  6.3623E+04
0000831   9.2815E+05 -3.7712E+04  6.1279E+04
0000832   8.9490E+05  2.5009E+04 -3.4922E+03
0000833   9.3667E+05 -4.7184E+04 -3.4050E+03
0000834   9.5900E+05  1.0694E+04  4.1465E+04
0000835   9.5242E+05 -1.9527E+04 -1.5378E+04
0000836   9.8302E+05  6.0773E+04 -1.6651E+04
0000837   9.6570E+05 -1.6619E+04  1.2585E+04
0000838   9.3265E+05 -1.8428E+04  5.0621E+04
0000839   9.3007E+05 -1.3577E+04  2.9417E+03
0000840   9.2685E+05 -2.4903E+04 -1.9361E+04
0000841   9.1291E+05  3.9462E+04 -7.0687E+03
0000842   9.3790E+05 -1.0599E+04 -1.1724E+04
0000843   9.2484E+05 -1.8532E+03 -7.2904E+03
0000844   9.1342E+05  4.3674E+04 -4.4846E+04
0000845   9.1694E+05  5.8102E+04 -8.1350E+03
0000846   9.2218E+05 -1.0020E+04  1.4375E+04
0000847   9.3477E+05  1.5181E+04 -1.0655E+04
0000848   9.2194E+05  1.3532E+04  2.5730E+04
0000849   9.2879E+05  1.3208E+04  3.7229E+04
0000850   9.2745E+05 -3.3524E+02 -1.2838E+04
0000851   9.5618E+05  2.2292E+04  8.2602E+03
0000852   8.9865E+05  9.7782E+03 -3.3158E+04
0000853   9.4587E+05 -4.2625E+04 -2.7768E+04
0000854   9.3324E+05  2.4954E+04 -3.0491E+04
0000855   9.4661E+05  2.0674E+04 -7.0312E+04
0000856   9.6727E+05 -2.7127E+04 -5.4741E+04
0000857   9.2269E+05 -4.7885E+03  5.4931E+04
0000858   9.4643E+05 -1.0604E+04  3.5730E+04
0000859   9.1870E+05  1.0788E+04 -5.9237E+03
0000860   9.3643E+05  2.1528E+04 -5.0315E+04
0000861   9.6180E+05 -3.6137E+04  2.5952E+03
0000862   9.2723E+05 -3.4699E+04 -2.5064E+04
0000863   9.2682E+05  6.9033E+04  3.0673E+03
0000864   9.3014E+05 -2.7285E+04 -1.3100E+04
0000865   9.2552E+05  1.2223E+04  3.5385E+04
0000866   9.5357E+05 -6.7521E+03 -4.2612E+04
0000867   9.5270E+05  5.2630E+04  1.0109E+04
0000868   9.3963E+05 -1.2483E+04  5.0110E+02
0000869   9.4643E+05 -2.7245E+04 -3.3504E+03
0000870   9.2128E+05  3.0799E+03  7.7518E+04
0000871   9.4209E+05  4.2527E+03  4.2381E+04
0000872   9.3675E+05 -1.5321E+04 -4.3904E+04
0000873   9.5032E+05  1.7113E+03  2.4163E+04
0000874   9.5044E+05 -3.7802E+04  2.3171E+04
0000875   9.1835E+05 -3.7570E+04 -5.7825E+04
0000876   9.4226E+05 -9.3774E+03  4.0322E+04
0000877   9.5996E+05 -5.1323E+04 -6.1208E+04
0000878   9.1996E+05 -3.0643E+04 -1.1618E+04
0000879   9.3001E+05  7.9136E+04 -4.6553E+04
0000880   9.4354E+05 -1.4279E+04  1.2821E+04
0000881   9.0249E+05 -2.7020E+04 -4.0935E+04
0000882   9.3424E+05 -1.4028E+04  4.2291E+03
0000883   9.6298E+05 -2.2574E+04 -1.8430E+04
0000884   9.4168E+05 -8.8061E+03 -2.7937E+04
0000885   8.9521E+05  1.5977E+04  3.5811E+04
0000886   9.4401E+05 -9.4287E+02 -1.2504E+04
0000887   9.3661E+05  4.9793E+04  2.6989E+04
0000888   9.1771E+05  2.1133E+04  7.3637E+03
0000889   9.4581E+05  1.7332E+04  1.4152E+04
0000890   9.2636E+05  3.0435E+04  3.9267E+04
0000891   9.3006E+05  2.3935E+04  1.1018E+04
0000892   9.2761E+05 -2.7304E+04  1.8456E+04
0000893   9.3171E+05  6.2684E+04  6.9608E+04
0000894   9.1659E+05 -1.1599E+04  2.6769E+04
0000895   9.2216E+05  7.2940E+04 -9.4057E+02
0000896   9.3176E+05 -1.7722E+04  6.2664E+03
0000897   9.2118E+05  1.6951E+04 -3.2987E+04
0000898   9.4960E+05  1.4479E+04 -1.0100E+04
0000899   9.7250E+05 -8.4024E+04  1.3472E+04
0000900   9.4722E+05  3.1205E+04 -1.7551E+04
0000901   9.3150E+05  3.6034E+04  2.0796E+03
0000902   9.0973E+05 -9.2150E+04 -3.1361E+04
0000903   9.1908E+05 -3.6752E+03 -2.4922E+04
0000904   9.2116E+05 -3.6897E+04 -7.4122E+04
0000905   8.7919E+05 -1.6674E+03 -8.1465E+03
0000906   9.7305E+05  2.5971E+04 -3.8410E+04
0000907   9.2191E+05 -2.5493E+04  2.2486E+04
0000908   9.3464E+05 -4.6391E+04 -1.0564E+05
0000909   9.1914E+05 -4.4617E+03 -2.8293E+04
0000910   9.4540E+05 -2.7443E+04 -1.4137E+03
0000911   9.4227E+05  2.3075E+04  1.7479E+04
0000912   9.3613E+05  5.5927E+04  5.4465E+03
0000913   9.5090E+05  4.7115E+03 -8.2739E+04
0000914   9.0769E+05  2.9089E+04  3.6882E+04
0000915   9.3684E+05  1.0213E+04 -2.0639E+04
0000916   9.3178E+05 -3.9349E+03 -1.9195E+04
0000917   4.2108E+05 -3.4177E+05 -4.4503E+05
0000918   9.3727E+05 -1.1246E+04 -5.5072E+04
0000919   9.3377E+05  3.5260E+04 -1.1619E+04
0000920   9.4236E+05  1.8341E+04 -2.4990E+04
0000921   9.4037E+05 -5.1849E+04  1.3768E+04
0000922   9.3394E+05 -1.5187E+03 -1.4767E+03
0000923   9.4932E+05 -6.5764E+04 -5.9211E+04
0000924   9.1165E+05 -6.0001E+02 -5.7513E+04
0000925   9.5070E+05  2.2666E+04 -2.2015E+04
0000926   9.6035E+05  8.6390E+04 -1.1347E+04
0000927   9.4680E+05  3.3326E+04  1.5297E+04
0000928   9.1947E+05 -2.9517E+04 -1.9081E+04
0000929   9.3419E+05  2.3285E+03  3.9155E+04
0000930   9.5425E+05 -4.1528E+04  1.0713E+04
0000931   9.5352E+05  3.0337E+04  3.6257E+04
0000932   9.4077E+05  3.3518E+03  2.5165E+04
0000933   9.3973E+05 -3.6998E+04 -4.8013E+04
0000934   9.7369E+05  2.5759E+04  5.3156E+04
0000935   9.2906E+05 -6.1343E+03 -2.7178E+04
0000936   9.3323E+05  1.0613E+04 -1.4200E+04
0000937   9.1773E+05 -1.7997E+04  6.6618E+03
0000938   9.5382E+05  4.4303E+03 -5.2663E+03
0000939   9.0763E+05 -3.8248E+03 -1.8390E+04
0000940   9.2096E+05  5.2734E+04  5.3447E+03
0000941   9.5210E+05  1.6007E+04  6.6301E+04
0000942   9.3383E+05 -4.8156E+03  5.8109E+04
0000943   9.2135E+05 -1.6083E+04 -6.1994E+02
0000944   9.3040E+05 -1.1253E+04 -6.3589E+04
0000945   9.3195E+05 -4.4397E+04  2.3627E+04
0000946   9.0941E+05 -6.5350E+04 -2.2728E+04
0000947   9.1815E+05  3.3444E+03 -5.4252E+04
0000948   9.6371E+05  1.9861E+04  4.1800E+04
0000949   9.4445E+05 -2.2379E+03  1.0335E+04
0000950   9.3001E+05 -5.0787E+04 -1.5876E+04
0000951   9.1891E+05 -2.8112E+04 -1.0156E+04
0000952   9.4172E+05  5.8801E+01  3.0496E+04
0000953   9.4442E+05  5.4584E+03  4.3342E+03
0000954   9.3800E+05  3.4278E+04 -2.0069E+04
0000955   9.4528E+05 -5.2412E+03 -4.4879E+04
0000956   9.2449E+05 -8.5637E+04  9.5101E+04
0000957   9.3152E+05  1.0770E+04 -2.9578E+04
0000958   9.4982E+05 -3.1481E+04  2.4738E+04
0000959   9.3349E+05 -9.1118E+03 -3.6850E+03
0000960   9.1621E+05  2.7865E+04  1.0776E+04
0000961   9.3225E+05 -2.9734E+04 -6.5835E+03
0000962   9.2003E+05 -9.1299E+04  1.2853E+05
0000963   9.3931E+05 -2.5515E+04 -6.1165E+04
0000964   9.5802E+05 -2.8316E+04  1.6972E+04
0000965   9.4693E+05 -2.0923E+04  5.4956E+03
0000966   9.4555E+05 -3.6840E+04 -1.0585E+04
0000967   9.3697E+05  9.5025E+03  1.7610E+04
0000968   9.3927E+05  1.2718E+04  9.9121E+03
0000969   9.1780E+05  7.4431E+04 -6.6639E+04
0000970   9.1824E+05 -4.2479E+03  1.0873E+04
0000971   9.2427E+05  6.2526E+03  2.8844E+04
0000972   9.3110E+05 -2.8687E+04 -2.5306E+04
0000973   9.5624E+05 -4.9956E+04  6.6504E+04
0000974   9.3267E+05 -2.1969E+04 -5.3860E+04
0000975   9.6063E+05 -1.6681E+04 -1.9082E+04
0000976   9.7138E+05 -7.6344E+03 -6.0695E+04
0000977   9.4242E+05  4.8858E+04  2.1601E+04
0000978   9.5332E+05 -1.4205E+04 -2.4676E+04
0000979   9.2975E+05 -2.0207E+04  1.2902E+04
0000980   9.2318E+05  3.8769E+04  5.7132E+04
0000981   9.5727E+05 -5.9235E+04  6.3749E+03
0000982   9.1719E+05 -5.2786E+04 -1.4384E+04
0000983   9.2180E+05 -4.2073E+03  8.5524E+03
0000984   9.4071E+05  6.0776E+03 -2.8469E+04
0000985   9.2078E+05 -2.4405E+04 -2.6108E+04
0000986   9.7549E+05  4.2195E+04 -3.5032E+04
0000987   9.3093E+05 -6.4594E+04 -9.6193E+03
0000988   9.5103E+05  3.2029E+04 -6.3730E+04
0000989   9.4029E+05 -1.5762E+04  2.2360E+04
0000990   9.3261E+05  3.7371E+04  4.5375E+03
0000991   9.3262E+05  2.6029E+04  4.9438E+02
0000992   9.3052E+05 -5.3623E+03  9.6721E+03
0000993   9.1557E+05  8.2327E+04 -7.7166E+04
0000994   9.3706E+05  5.1531E+03 -3.3241E+04
0000995   9.2924E+05 -3.8528E+04 -3.5346E+04
0000996   9.3909E+05  1.1581E+04  3.1967E+04
0000997   9.2820E+05 -4.7915E+03 -2.7766E+04
0000998   9.3572E+05 -1.2616E+03 -2.6617E+04
0000999   9.5155E+05  3.1702E+02 -3.1802E+04
0001000   9.4642E+05  4.8702E+04  1.6353E+04
