============================== SRIM-2013.00 ==============================
==============================================================================
====== SRIM Outputs\RANGE_3D.txt : File of Final Ion Positions =====

Ion =  H (01)   Ion Mass= 001.0080
Energy  = 2500000.E-03 keV
Ion Angle to Surface = 00.0 degrees
==================== TARGET =======================
  Layer # 1 - Si_Top    
  Layer # 1 - Bottom Depth=300000.E+01 A
  Layer # 1 - Density =0002.3210 g/cm3
  Layer # 1 -  100 % of Si
икикикикикикикикикикикикикикикикикикикикикикикикикикикикикикикикикикикикикикикикикикикикикикикикикикикик
  Layer # 2 - Si_Bottom 
  Layer # 2 - Bottom Depth=600000.E+01 A
  Layer # 2 - Density =0002.3210 g/cm3
  Layer # 2 -  100 % of Si
икикикикикикикикикикикикикикикикикикикикикикикикикикикикикикикикикикикикикикикикикикикикикикикикикикикик
                                            
Ion       Depth  X   Lateral Y   Lateral Z  
Number    (Angstrom) (Angstrom)  (Angstrom) 
-------  ----------- ----------- -----------
0000001   6.9017E+05 -2.2761E+04 -1.0113E+04
0000002   6.8618E+05 -2.0803E+04  7.9513E+04
0000003   6.9885E+05  1.8856E+03  5.4953E+03
0000004   7.0171E+05  4.0993E+04  6.7267E+03
0000005   6.7961E+05  7.3823E+03  6.6719E+03
0000006   6.8297E+05 -1.5946E+04 -3.0876E+03
0000007   7.0098E+05 -5.8026E+03 -2.3594E+04
0000008   6.9571E+05  5.1767E+04  3.6679E+04
0000009   6.9203E+05 -2.7648E+04 -3.6470E+04
0000010   6.5746E+05 -1.8979E+04 -1.3158E+04
0000011   7.0902E+05 -8.0248E+03 -2.8201E+04
0000012   6.9141E+05  2.3196E+03 -3.5046E+04
0000013   6.9828E+05  4.6021E+04  2.0445E+04
0000014   6.9237E+05 -1.5546E+04  9.9913E+03
0000015   6.8790E+05  1.4097E+04  1.2450E+04
0000016   7.1774E+05  4.7703E+04 -3.9770E+03
0000017   7.0085E+05 -1.7837E+04  1.3548E+03
0000018   6.8109E+05  7.1160E+03  2.6340E+04
0000019   6.9190E+05  2.2299E+04  4.5929E+03
0000020   6.7389E+05 -3.3074E+04 -1.4531E+03
0000021   6.8430E+05 -8.2741E+02 -1.4131E+04
0000022   7.0140E+05 -1.8096E+03 -5.8658E+03
0000023   6.7247E+05  1.6667E+04 -1.7969E+04
0000024   6.8526E+05 -1.1446E+04  1.1740E+04
0000025   7.0279E+05  1.9131E+04  1.2922E+04
0000026   7.1355E+05  7.4733E+02  2.0845E+04
0000027   6.7322E+05  2.4821E+04 -3.2477E+04
0000028   7.0510E+05 -3.2346E+04  2.1121E+04
0000029   6.9331E+05  3.0633E+04  7.7541E+04
0000030   6.8667E+05 -1.4819E+04 -1.2446E+03
0000031   7.1005E+05  2.7548E+04  1.1659E+04
0000032   6.7426E+05  1.7207E+04 -7.4126E+03
0000033   6.9923E+05  7.1094E+03  4.6277E+04
0000034   7.2103E+05  3.8659E+04 -1.0095E+04
0000035   6.7374E+05  4.2198E+04  8.0861E+03
0000036   6.8449E+05 -2.8539E+03 -5.5045E+04
0000037   6.8659E+05 -2.1734E+04 -1.1706E+03
0000038   7.0181E+05 -1.8693E+04  3.9834E+04
0000039   6.5854E+05  7.3169E+04 -3.7936E+04
0000040   6.8314E+05  4.4819E+04 -5.6557E+04
0000041   7.1175E+05 -1.2216E+04  3.1107E+03
0000042   6.8229E+05 -1.0282E+04  2.7892E+04
0000043   6.8164E+05  1.8225E+04  1.8364E+04
0000044   7.0794E+05  4.2994E+04 -4.5224E+04
0000045   6.6924E+05  1.8454E+04 -8.0189E+03
0000046   6.8108E+05  2.9115E+04  9.2030E+04
0000047   6.9022E+05  1.0500E+04  2.9363E+04
0000048   6.9134E+05  1.9090E+03 -3.0689E+04
0000049   7.0027E+05  1.1911E+04 -2.4156E+04
0000050   7.0693E+05  1.1130E+02 -2.8904E+04
0000051   7.0254E+05 -1.2929E+04 -3.7123E+03
0000052   6.8906E+05  4.7211E+03  5.4384E+04
0000053   6.8400E+05 -9.7755E+02 -1.1642E+04
0000054   6.8210E+05 -4.7270E+04  2.0651E+04
0000055   6.9619E+05 -2.3705E+04 -5.8893E+03
0000056   6.8617E+05  1.8013E+04  9.3118E+03
0000057   6.9349E+05  2.6635E+04  1.5959E+03
0000058   7.1434E+05 -5.9083E+03  2.5203E+04
0000059   6.9657E+05  2.9045E+03  4.8518E+03
0000060   6.8618E+05 -3.3166E+04  3.2336E+04
0000061   6.9571E+05 -3.3144E+04 -1.7706E+04
0000062   6.9162E+05 -2.3950E+04 -2.2422E+04
0000063   7.0907E+05  3.8296E+04  2.3049E+04
0000064   7.0165E+05  2.2365E+04 -9.7421E+03
0000065   6.9881E+05 -3.3267E+04  2.4931E+04
0000066   6.9204E+05  6.9919E+04 -1.6237E+04
0000067   7.1691E+05  1.5876E+04 -3.5614E+01
0000068   6.9610E+05  3.4122E+04  1.8916E+02
0000069   6.9817E+05 -9.0358E+02  2.7570E+04
0000070   7.1091E+05 -4.7071E+03 -8.2881E+02
0000071   7.1615E+05 -1.3383E+04 -4.8896E+04
0000072   6.1952E+05 -4.5722E+04  9.2240E+04
0000073   6.8533E+05 -8.8555E+02  3.8461E+04
0000074   7.0765E+05  3.3560E+01 -2.9483E+04
0000075   7.0933E+05 -6.7379E+03 -1.0609E+04
0000076   6.8720E+05  7.0036E+03 -1.9944E+03
0000077   6.9358E+05 -1.3230E+04  3.6583E+04
0000078   6.8352E+05  2.9942E+04 -4.6667E+03
0000079   6.8461E+05 -3.2412E+04  4.4012E+04
0000080   6.9828E+05 -4.0146E+04 -1.7563E+04
0000081   6.9550E+05 -4.4281E+04 -6.5870E+03
0000082   6.9181E+05 -2.6288E+04  3.5003E+04
0000083   6.9646E+05  4.5764E+03  1.0388E+03
0000084   6.9414E+05  3.9767E+03 -3.8547E+03
0000085   6.7744E+05  3.0713E+04  5.1650E+03
0000086   6.8204E+05 -2.9609E+04  4.6542E+04
0000087   7.1299E+05  5.3265E+03 -3.1984E+04
0000088   7.0517E+05 -5.3082E+04 -8.0799E+03
0000089   6.8001E+05 -2.6005E+04 -6.0800E+03
0000090   6.9035E+05  4.3639E+03 -1.6409E+04
0000091   6.8960E+05  1.1472E+04  2.3308E+04
0000092   6.7738E+05 -1.6659E+04 -2.9384E+04
0000093   7.1114E+05  3.4796E+03 -1.3398E+03
0000094   7.0237E+05  6.7040E+03  3.2735E+04
0000095   6.9160E+05 -3.1125E+04 -4.8805E+03
0000096   6.8210E+05 -4.1091E+03  7.6765E+03
0000097   7.0402E+05 -8.8243E+03  3.4641E+04
0000098   6.9721E+05  1.4537E+04 -9.5001E+03
0000099   6.9049E+05 -2.0368E+04 -4.8819E+04
0000100   6.9817E+05 -2.5107E+04 -4.7046E+04
0000101   7.1544E+05 -1.2183E+04 -2.1082E+03
0000102   7.2166E+05  2.7177E+04 -4.7606E+04
0000103   7.0303E+05  1.9388E+04  1.5810E+04
0000104   6.9886E+05  1.7049E+04  2.1327E+03
0000105   6.9269E+05  2.1820E+04 -2.5597E+04
0000106   6.8821E+05 -2.8002E+04 -9.4042E+03
0000107   6.9550E+05 -9.4182E+03 -2.7992E+04
0000108   6.9097E+05  4.1792E+04  4.2943E+04
0000109   7.0213E+05 -3.1344E+04  2.4538E+04
0000110   6.9100E+05  1.6951E+04 -4.7249E+04
0000111   6.7911E+05 -6.3533E+04  3.2117E+04
0000112   7.0076E+05 -3.1159E+03 -6.8962E+03
0000113   6.8473E+05 -1.6923E+03  3.1069E+04
0000114   6.8458E+05  3.6258E+04  2.8747E+04
0000115   6.8369E+05 -2.1365E+04  1.4570E+04
0000116   6.8472E+05 -4.2074E+03 -2.5809E+04
0000117   7.1020E+05  8.5767E+03  2.3337E+04
0000118   6.8998E+05  1.0724E+04 -1.6367E+04
0000119   7.1075E+05  8.5117E+03  1.8620E+04
0000120   7.0830E+05 -3.5299E+04  3.5751E+04
0000121   6.9492E+05 -6.0663E+03  3.2171E+04
0000122   7.0851E+05  4.2840E+03 -3.4170E+03
0000123   6.8376E+05  2.5845E+04  2.7091E+03
0000124   7.0418E+05  2.5052E+04  3.1843E+04
0000125   7.1322E+05  1.4360E+04  9.4779E+03
0000126   6.7787E+05 -3.0216E+03  3.6849E+04
0000127   6.9671E+05  1.3077E+04  3.8229E+04
0000128   7.1897E+05 -2.8440E+04 -8.1959E+03
0000129   6.8745E+05 -8.1756E+03  3.1464E+04
0000130   6.8699E+05 -1.0412E+04 -5.8451E+03
0000131   6.9886E+05  7.5153E+03  3.3840E+04
0000132   6.9328E+05  3.7559E+04  4.2823E+04
0000133   7.1532E+05  8.8785E+03  2.8623E+04
0000134   7.0476E+05 -2.0014E+04 -1.9085E+02
0000135   6.9177E+05 -3.5201E+03  1.0261E+04
0000136   7.1227E+05 -2.2728E+04 -1.7323E+04
0000137   6.9497E+05 -4.6104E+04  2.1746E+04
0000138   7.0698E+05 -1.0666E+03  5.3736E+03
0000139   7.0217E+05 -3.7380E+03  4.4909E+03
0000140   6.8118E+05  5.2499E+04 -6.9966E+03
0000141   6.8085E+05 -2.5057E+04 -7.5853E+02
0000142   6.9140E+05 -2.3812E+04  1.0225E+04
0000143   6.7436E+05 -3.2904E+04 -1.6126E+04
0000144   7.0046E+05 -2.7717E+03  1.5445E+04
0000145   7.0613E+05  3.4687E+04  2.0799E+04
0000146   6.9100E+05 -5.0166E+03 -4.5749E+03
0000147   6.7966E+05  2.9577E+04  1.9457E+04
0000148   6.7954E+05  6.3385E+03  2.0796E+04
0000149   6.8727E+05 -1.9176E+04  5.4542E+02
0000150   7.1321E+05 -1.7395E+04  2.7098E+03
0000151   6.8867E+05  1.4341E+04  1.9355E+04
0000152   6.9271E+05  1.8564E+04  3.8004E+04
0000153   6.9786E+05  1.1836E+05 -4.1111E+04
0000154   6.8714E+05  2.2701E+04  3.2781E+04
0000155   6.8903E+05  9.8410E+03  2.5452E+04
0000156   6.8534E+05  1.3825E+04  4.8531E+03
0000157   6.7789E+05  1.5863E+04  7.8800E+03
0000158   7.0059E+05 -1.7416E+04  5.2833E+03
0000159   7.0663E+05 -2.4261E+04  1.1876E+04
0000160   6.7450E+05 -3.4075E+04  2.0199E+04
0000161   7.1630E+05  4.1730E+03  3.3143E+03
0000162   7.0753E+05  3.4570E+04 -1.6680E+04
0000163   6.9320E+05  2.9852E+04 -2.8015E+04
0000164   6.9132E+05  8.5877E+02 -3.8239E+04
0000165   6.9291E+05 -1.0585E+04  1.5963E+03
0000166   6.8927E+05 -8.2145E+03 -1.0965E+04
0000167   6.8701E+05  3.2092E+04  6.1830E+03
0000168   6.9145E+05 -3.1003E+03  1.4948E+04
0000169   6.8086E+05  1.0806E+03 -1.4852E+04
0000170   7.0405E+05 -6.0180E+03 -3.8698E+03
0000171   7.1556E+05  4.3730E+04 -4.0940E+04
0000172   6.9563E+05  1.9482E+04  3.0862E+03
0000173   6.8973E+05  8.8884E+03  5.6395E+03
0000174   6.8638E+05 -5.8938E+03  1.2060E+04
0000175   6.9304E+05 -1.1754E+04 -1.2077E+04
0000176   6.8887E+05 -1.1356E+04  3.2081E+03
0000177   6.8958E+05 -2.0011E+04 -1.5634E+04
0000178   7.0833E+05  1.1290E+02  7.0513E+03
0000179   6.9759E+05  8.6675E+03  1.3606E+04
0000180   7.1559E+05  1.3362E+03  7.2946E+02
0000181   6.9969E+05 -1.3098E+04  2.9039E+04
0000182   6.8834E+05  2.7184E+04  1.7109E+04
0000183   7.0965E+05 -4.0028E+04  3.6686E+04
0000184   6.9794E+05  8.5527E+02  7.2570E+03
0000185   6.7963E+05  1.8515E+04 -1.3153E+04
0000186   6.9434E+05 -8.4911E+03  3.0582E+04
0000187   7.0870E+05  3.5514E+04 -1.5198E+03
0000188   6.7750E+05  3.4737E+04 -3.5466E+04
0000189   6.8152E+05  4.2868E+04 -1.5055E+05
0000190   7.0541E+05 -4.3754E+04 -3.7331E+03
0000191   6.9195E+05 -2.2355E+04  1.2916E+04
0000192   6.7414E+05  5.9829E+04  8.3527E+02
0000193   6.8989E+05 -3.6772E+03  2.2252E+04
0000194   6.9296E+05  6.0318E+03 -1.9964E+04
0000195   7.2140E+05  3.0380E+04 -1.1525E+04
0000196   7.1186E+05  2.5668E+03 -2.8362E+04
0000197   6.9300E+05 -8.2766E+03 -2.2065E+04
0000198   6.9995E+05 -1.0660E+04  3.3453E+03
0000199   7.0273E+05  2.1674E+04 -6.5860E+03
0000200   6.9318E+05 -2.5003E+04  2.2712E+04
0000201   6.7699E+05 -4.8760E+04 -2.1277E+04
0000202   6.7992E+05 -3.5927E+04  2.7611E+04
0000203   7.0286E+05 -4.2787E+04  3.8624E+04
0000204   6.9785E+05  3.9552E+04  3.5963E+04
0000205   6.9135E+05 -2.9771E+04 -1.3824E+04
0000206   6.8068E+05 -2.0644E+04 -5.1433E+04
0000207   6.9613E+05 -4.6128E+03  7.7560E+03
0000208   6.8042E+05 -1.2836E+04  3.1005E+04
0000209   6.9022E+05  2.0180E+03  1.7018E+04
0000210   6.8166E+05  8.4624E+03  2.6988E+04
0000211   6.9662E+05  7.2057E+03  1.5610E+04
0000212   7.1209E+05 -2.5304E+04  6.4037E+03
0000213   7.0526E+05  2.1760E+04  1.5719E+04
0000214   6.9853E+05  2.2149E+04 -1.4213E+04
0000215   7.1080E+05 -1.1901E+04 -5.1862E+03
0000216   7.0519E+05  3.6756E+04  9.5796E+03
0000217   6.9977E+05 -1.9097E+04 -4.4773E+03
0000218   6.9940E+05  4.9446E+04 -2.6124E+04
0000219   6.6880E+05  1.3557E+04 -2.3882E+04
0000220   6.8787E+05 -2.1727E+04  5.2281E+03
0000221   6.9494E+05  2.1545E+03 -1.1182E+04
0000222   6.9394E+05 -4.4193E+04  2.6100E+04
0000223   7.0132E+05  3.9173E+03  1.2790E+03
0000224   6.9245E+05 -1.8818E+04  2.5396E+04
0000225   6.8804E+05 -2.8637E+04 -3.6290E+04
0000226   6.9226E+05 -2.4063E+04  5.9378E+04
0000227   6.9848E+05 -1.9958E+03 -2.6362E+04
0000228   7.0079E+05 -6.7111E+03  4.7234E+03
0000229   6.9830E+05  1.8365E+04 -2.9564E+04
0000230   6.9381E+05  2.1802E+04  1.9464E+04
0000231   7.0513E+05 -1.2179E+04 -1.6243E+04
0000232   6.7629E+05 -1.5686E+04 -1.0131E+04
0000233   6.8862E+05 -4.1971E+03  1.0765E+04
0000234   7.0684E+05 -5.9412E+02 -2.0874E+04
0000235   6.8728E+05 -7.6187E+03  4.9199E+03
0000236   6.8145E+05 -1.5990E+04  3.5892E+04
0000237   6.7779E+05  1.8331E+04 -1.6923E+04
0000238   6.9571E+05 -2.0254E+04 -1.9605E+04
0000239   6.8747E+05 -7.5472E+03 -1.1828E+04
0000240   6.9127E+05 -9.1423E+02  1.1097E+01
0000241   7.0465E+05  3.5870E+04  4.1898E+04
0000242   7.0437E+05 -4.8478E+04 -1.8798E+03
0000243   6.9639E+05 -2.5331E+03 -4.3313E+02
0000244   6.9006E+05 -8.8208E+02 -7.9250E+03
0000245   6.9583E+05  2.9501E+04 -7.2101E+03
0000246   6.8213E+05 -9.9783E+03  4.9710E+03
0000247   6.6597E+05 -1.3810E+04  5.2869E+04
0000248   6.4653E+05 -6.9428E+04  1.3008E+05
0000249   6.7894E+05 -3.2500E+02  5.0048E+04
0000250   7.2216E+05  2.8405E+04 -3.6390E+04
0000251   6.7551E+05 -2.3931E+04 -3.7563E+04
0000252   7.1089E+05 -5.8820E+03 -4.8760E+04
0000253   7.1339E+05  2.0914E+04  9.5654E+03
0000254   7.0777E+05 -9.1642E+03  1.3125E+04
0000255   7.0599E+05 -2.1017E+04  7.4020E+03
0000256   6.9984E+05 -6.2871E+04  4.7373E+04
0000257   7.1303E+05 -4.1790E+04  5.5738E+03
0000258   6.9655E+05  4.5014E+04 -1.5568E+04
0000259   6.9043E+05  1.5189E+04 -2.2875E+04
0000260   7.1967E+05 -4.4081E+04 -1.6834E+03
0000261   7.0686E+05  8.0310E+03  1.0341E+04
0000262   6.8225E+05 -3.0198E+02 -1.5706E+04
0000263   6.6830E+05  2.3986E+04 -6.0367E+04
0000264   7.2050E+05  1.9271E+04  1.9531E+04
0000265   6.8834E+05  6.8587E+03  8.8466E+03
0000266   6.7395E+05  3.1710E+03 -2.3035E+04
0000267   6.8331E+05  3.3849E+04  4.4246E+03
0000268   7.0657E+05  9.4454E+03  6.2527E+03
0000269   6.7995E+05 -4.0372E+04 -3.0871E+04
0000270   6.9549E+05  5.7252E+04 -4.5526E+04
0000271   6.9633E+05  1.7579E+04 -2.4297E+04
0000272   6.8324E+05  1.3718E+04 -6.4057E+04
0000273   6.8968E+05  2.0781E+04  1.3139E+04
0000274   7.0191E+05 -4.6778E+04 -4.9285E+04
0000275   6.5847E+05 -3.2916E+04 -2.3472E+04
0000276   6.9291E+05  1.2875E+04 -7.0047E+04
0000277   6.9671E+05  3.1004E+04 -2.6766E+04
0000278   6.7842E+05 -4.0459E+04  1.2092E+03
0000279   6.8691E+05  9.1020E+03 -1.8026E+04
0000280   6.9393E+05 -1.8226E+04 -1.1655E+04
0000281   6.8354E+05  6.7199E+04 -6.3853E+03
0000282   6.9037E+05 -1.3692E+04  6.2489E+03
0000283   6.8626E+05 -4.1269E+03  1.4500E+04
0000284   6.8824E+05 -2.2593E+02  1.5673E+03
0000285   6.9745E+05  1.5608E+04  3.5350E+03
0000286   6.7949E+05  1.8952E+04  3.4114E+03
0000287   6.9021E+05  1.3784E+04  4.1753E+04
0000288   6.8577E+05  2.1575E+04  1.7285E+03
0000289   6.9826E+05  1.0286E+04  2.5051E+04
0000290   6.9215E+05 -3.7938E+04  6.1141E+02
0000291   6.9317E+05  7.4257E+03 -4.4953E+04
0000292   6.7624E+05 -8.4772E+03  2.8658E+04
0000293   7.1212E+05 -8.7585E+03  2.8369E+04
0000294   6.9703E+05  2.6301E+04  2.5190E+04
0000295   6.9740E+05  1.6339E+04  1.8127E+04
0000296   6.9710E+05  3.3171E+04 -7.6060E+03
0000297   7.0434E+05  8.1260E+03  3.6009E+04
0000298   7.0528E+05  7.8309E+04  2.2151E+04
0000299   6.8650E+05 -1.0755E+04  3.7796E+04
0000300   6.6497E+05  2.4338E+04 -4.2797E+04
0000301   6.7657E+05  2.1318E+03 -4.7304E+04
0000302   6.7074E+05 -3.6433E+04 -2.3498E+04
0000303   6.9879E+05  1.2676E+04 -1.4891E+04
0000304   7.1072E+05 -7.6142E+03  1.1390E+04
0000305   6.8930E+05 -3.7081E+03 -3.7424E+03
0000306   7.0120E+05 -3.9681E+03  4.2091E+04
0000307   6.7472E+05  2.7166E+04  6.8659E+04
0000308   6.6912E+05 -4.7380E+04  1.1551E+04
0000309   7.0196E+05 -1.3634E+04 -1.5415E+04
0000310   6.8201E+05  3.3734E+03  1.6826E+04
0000311   6.8288E+05 -1.6934E+04  5.8634E+03
0000312   7.1719E+05 -7.1046E+02  1.5432E+04
0000313   6.9819E+05  2.7210E+04  2.6331E+03
0000314   6.9488E+05  6.6013E+03 -1.4616E+04
0000315   6.7735E+05  9.1488E+03 -2.3686E+04
0000316   6.9900E+05 -3.7510E+04 -2.4905E+04
0000317   7.0095E+05 -1.6898E+04 -9.5797E+03
0000318   6.9017E+05 -1.6504E+04  4.5050E+04
0000319   6.8489E+05  3.3506E+04 -3.2224E+04
0000320   6.1261E+05  3.0669E+04  8.4689E+04
0000321   6.8617E+05 -3.8230E+04 -1.5894E+04
0000322   6.8074E+05 -3.4163E+04  5.5825E+03
0000323   7.0929E+05  7.9481E+03  1.4528E+04
0000324   6.9993E+05 -1.3285E+04  1.4061E+04
0000325   7.1051E+05 -8.9662E+02  5.2464E+03
0000326   7.0587E+05  7.7309E+03 -1.0813E+04
0000327   7.0734E+05 -1.6483E+04 -7.1599E+03
0000328   6.8934E+05 -1.5967E+04  9.4391E+03
0000329   6.8030E+05 -2.0644E+04 -5.2960E+03
0000330   6.9240E+05 -2.0456E+04  6.1650E+03
0000331   6.8764E+05 -4.2399E+02 -1.4441E+04
0000332   7.1518E+05  3.0347E+04  3.4974E+03
0000333   6.9372E+05  2.2240E+04 -1.5844E+03
0000334   6.8629E+05 -1.1998E+04 -1.1046E+04
0000335   6.9025E+05  3.3846E+03  1.2937E+04
0000336   6.9245E+05  7.9456E+03  3.3224E+04
0000337   6.9865E+05  1.6138E+04  1.2437E+03
0000338   7.0125E+05 -2.8721E+04 -1.6167E+04
0000339   7.0905E+05 -2.9794E+04  2.1150E+04
0000340   7.0758E+05  1.0803E+04  1.4101E+04
0000341   6.7753E+05 -9.2312E+03  1.6853E+04
0000342   6.8657E+05 -7.9476E+03 -4.4821E+03
0000343   6.8620E+05  6.5404E+04  2.6339E+04
0000344   7.1387E+05 -1.4110E+04 -7.1786E+03
0000345   7.0775E+05 -2.4907E+04 -5.8704E+04
0000346   7.2155E+05  9.7975E+03 -2.7628E+03
0000347   7.1128E+05 -3.2622E+04  4.1713E+03
0000348   7.0704E+05 -7.2368E+03  2.3005E+03
0000349   6.9836E+05  2.1170E+04 -4.6728E+03
0000350   6.8662E+05  5.0819E+04  1.8388E+04
0000351   6.9194E+05  7.0770E+04 -3.7124E+04
0000352   6.8924E+05  1.7300E+04 -4.6952E+03
0000353   6.7747E+05  2.7696E+04  8.9221E+03
0000354   6.9292E+05  6.3521E+03 -7.4981E+03
0000355   7.0310E+05  6.6768E+03 -2.3973E+04
0000356   7.1928E+05  6.0761E+03 -1.2453E+03
0000357   7.0380E+05  3.6616E+04 -8.8415E+03
0000358   6.9515E+05 -1.9603E+03  7.8747E+03
0000359   7.0832E+05  1.5493E+04 -1.5550E+04
0000360   7.0974E+05  1.3182E+04 -4.2674E+04
0000361   6.7982E+05 -8.5787E+03  5.5842E+03
0000362   6.8309E+05  1.8464E+04  2.2301E+04
0000363   7.0242E+05  1.5793E+04  6.2097E+03
0000364   6.9789E+05  6.1153E+03 -6.1230E+03
0000365   6.8646E+05  2.6758E+04 -3.5662E+04
0000366   7.1637E+05  1.1398E+04  6.0105E+03
0000367   6.8358E+05 -6.9525E+03 -2.8069E+03
0000368   7.0816E+05 -1.7916E+04  4.5673E+03
0000369   6.9996E+05 -7.5249E+03  7.0534E+03
0000370   7.0244E+05 -1.1897E+04 -1.1076E+04
0000371   6.9205E+05  2.5353E+04  2.7977E+04
0000372   6.9203E+05 -9.1346E+03 -2.1888E+04
0000373   6.9879E+05  2.8631E+04  2.1955E+04
0000374   6.9698E+05 -6.3868E+03 -2.5070E+04
0000375   6.6544E+05  3.8978E+04 -5.7969E+04
0000376   6.7594E+05  2.5842E+04  1.5820E+04
0000377   6.9412E+05  1.0950E+04 -6.2447E+03
0000378   6.8915E+05  2.9638E+04 -1.4425E+04
0000379   6.7145E+05 -4.7698E+04  5.5086E+04
0000380   6.9766E+05  2.1643E+03 -7.1433E+03
0000381   6.8458E+05  1.5894E+04  1.5565E+04
0000382   6.2403E+05  3.2215E+04 -6.4980E+04
0000383   6.8424E+05 -8.1478E+02 -9.1821E+03
0000384   7.0123E+05  1.3260E+04  1.5328E+04
0000385   7.1181E+05  4.7774E+04 -3.8194E+04
0000386   7.0104E+05  9.4923E+03  1.3023E+04
0000387   6.9442E+05 -1.4231E+04  1.8809E+04
0000388   6.9619E+05  5.3373E+02  2.1155E+04
0000389   6.8986E+05  1.4788E+04  3.1167E+04
0000390   6.8920E+05 -5.6783E+03 -1.9923E+04
0000391   6.8157E+05 -2.2261E+04  3.3504E+04
0000392   6.9665E+05  7.4527E+03  9.1068E+03
0000393   6.9375E+05  7.0131E+03  4.2738E+04
0000394   6.8317E+05  2.4761E+03 -4.1414E+04
0000395   6.9661E+05 -1.1839E+04 -4.9459E+03
0000396   7.0597E+05  1.9745E+04  1.7886E+04
0000397   6.7211E+05 -3.1902E+04 -2.4993E+03
0000398   6.9324E+05  7.2524E+03  4.6223E+03
0000399   6.9507E+05  1.4028E+04 -3.8751E+03
0000400   6.6849E+05  2.8040E+04  5.7976E+04
0000401   7.0775E+05 -4.7906E+03 -1.4095E+04
0000402   6.8671E+05  3.7365E+04  8.5837E+03
0000403   6.8221E+05 -9.9078E+03 -1.3377E+04
0000404   6.8862E+05  1.4166E+04  1.8119E+04
0000405   7.0154E+05 -3.0638E+04  2.7574E+04
0000406   7.0837E+05 -2.5914E+04  6.7663E+03
0000407   6.9419E+05 -1.7731E+04 -3.7682E+03
0000408   6.9743E+05 -3.4235E+04  3.1584E+04
0000409   7.1479E+05  1.7015E+04 -1.2742E+04
0000410   6.9152E+05  3.0089E+04 -4.2953E+04
0000411   7.1279E+05  1.1627E+04  8.3215E+03
0000412   6.8560E+05  1.3361E+04  1.0172E+04
0000413   6.8321E+05  4.6127E+04 -4.3854E+04
0000414   6.9561E+05 -7.8230E+02  2.3321E+03
0000415   7.0600E+05 -2.0572E+04 -5.7036E+03
0000416   6.8183E+05 -3.9657E+03  3.7035E+04
0000417   6.9232E+05  1.2696E+04 -2.4361E+04
0000418   6.9072E+05  3.1418E+04  2.0083E+04
0000419   6.9026E+05  5.1156E+04 -2.5741E+04
0000420   6.9317E+05 -4.9969E+04 -1.7411E+04
0000421   6.9213E+05 -9.2870E+03  1.7858E+04
0000422   6.9661E+05  2.4242E+04 -1.8140E+03
0000423   6.7367E+05  8.9986E+03  2.8160E+03
0000424   6.9298E+05 -5.1182E+03  1.0946E+04
0000425   6.9734E+05 -1.6907E+04 -8.0349E+02
0000426   6.9828E+05 -1.6536E+04  2.8589E+04
0000427   7.0545E+05  6.1738E+03  2.3639E+04
0000428   6.9994E+05  1.3895E+04  1.6515E+04
0000429   6.8454E+05  2.8898E+04 -3.7452E+04
0000430   6.9008E+05 -1.3785E+04  1.6666E+04
0000431   6.8521E+05  3.7145E+04 -1.1831E+04
0000432   7.1000E+05  1.2553E+04 -3.7384E+04
0000433   6.9600E+05  1.4180E+04 -1.6319E+04
0000434   6.7505E+05  3.4431E+03 -5.0072E+04
0000435   6.7315E+05  3.4141E+04  4.6608E+03
0000436   6.9596E+05 -3.0734E+04 -3.1906E+04
0000437   6.9670E+05  4.4633E+04 -2.2525E+04
0000438   6.9978E+05  1.8499E+04  6.7245E+03
0000439   6.9536E+05  4.0214E+03 -1.0999E+04
0000440   6.7987E+05  6.0550E+03 -3.5652E+02
0000441   6.8343E+05 -1.4863E+04 -1.9217E+04
0000442   7.0961E+05  1.9769E+04  1.8957E+04
0000443   6.8561E+05 -2.3093E+01  3.5035E+03
0000444   6.7886E+05  1.6683E+04 -1.5036E+03
0000445   6.9492E+05  8.4055E+02 -2.1796E+04
0000446   7.1936E+05 -4.0292E+04  2.9300E+03
0000447   7.0596E+05 -5.6506E+04  2.6711E+04
0000448   6.9351E+05  2.0154E+04 -4.7843E+04
0000449   6.8887E+05 -8.1659E+03  4.3446E+03
0000450   6.9228E+05 -2.2100E+04 -3.1381E+04
0000451   6.8748E+05 -4.4607E+04  1.8424E+04
0000452   6.9709E+05 -2.5956E+03  2.4318E+04
0000453   7.0562E+05 -2.1918E+04  1.6877E+04
0000454   6.8843E+05 -4.6131E+04 -1.1306E+04
0000455   7.0314E+05  2.2678E+04 -1.1675E+04
0000456   6.8317E+05  5.0595E+04  9.4695E+03
0000457   6.9581E+05 -2.2277E+04 -1.5253E+04
0000458   6.9821E+05 -1.3323E+04  4.8969E+03
0000459   6.8289E+05  1.4361E+04  1.4517E+04
0000460   6.9635E+05  2.3329E+04 -5.5200E+04
0000461   6.7908E+05 -1.4492E+04  2.7417E+04
0000462   6.8216E+05  3.3240E+03 -2.6304E+04
0000463   7.1743E+05  5.7140E+04  2.4309E+03
0000464   6.9995E+05  2.0827E+04 -5.1985E+03
0000465   6.9395E+05 -1.5598E+04 -6.9695E+02
0000466   6.8978E+05 -4.8573E+04  6.0500E+04
0000467   6.8014E+05 -5.7028E+03 -1.2649E+03
0000468   6.9604E+05  4.3201E+03  2.2395E+04
0000469   7.1029E+05 -5.5111E+04  3.1152E+04
0000470   7.0910E+05  8.6722E+03  5.3355E+03
0000471   6.8280E+05  4.2213E+02 -2.6369E+04
0000472   6.9904E+05  1.6864E+04  8.9732E+03
0000473   6.9492E+05  1.1653E+04 -1.3618E+04
0000474   6.9368E+05 -2.7937E+02 -1.4305E+03
0000475   6.8042E+05  3.8874E+03 -1.8328E+04
0000476   6.9331E+05 -2.1214E+04 -2.5160E+03
0000477   6.7928E+05  2.7077E+04 -4.8821E+04
0000478   6.8963E+05  2.2352E+04  3.4874E+04
0000479   7.1322E+05 -3.2675E+04  2.1577E+04
0000480   6.8767E+05 -3.7057E+04  1.7397E+03
0000481   7.0585E+05  2.7131E+04  5.0573E+04
0000482   6.8810E+05  1.4126E+04  2.9137E+04
0000483   6.9440E+05  6.2614E+03 -5.8094E+03
0000484   6.8956E+05 -8.6208E+03 -6.5108E+03
0000485   7.0139E+05 -5.7282E+03  2.5762E+04
0000486   6.8593E+05 -7.2209E+03  6.7323E+03
0000487   7.0081E+05 -1.9155E+04 -1.8424E+04
0000488   7.0619E+05  4.7655E+03 -4.1612E+03
0000489   7.0167E+05  4.0267E+03 -2.2780E+03
0000490   7.0974E+05 -2.4479E+04 -2.4169E+04
0000491   7.0292E+05  1.1227E+04 -1.0730E+03
0000492   7.2079E+05  1.3702E+04  5.5861E+04
0000493   7.0477E+05  1.4046E+04  3.5611E+03
0000494   6.6711E+05  3.9772E+04  4.0382E+04
0000495   6.8669E+05  3.2065E+04  8.4194E+02
0000496   6.9166E+05 -3.4093E+04 -1.7993E+04
0000497   7.0096E+05  3.7977E+03 -6.8416E+03
0000498   6.8094E+05 -4.7756E+04 -2.1529E+04
0000499   7.0566E+05 -3.5897E+04 -1.9644E+04
0000500   6.8084E+05 -2.3236E+04  1.9707E+04
0000501   7.2289E+05 -3.8512E+04  4.4628E+03
0000502   6.7728E+05  9.8686E+03 -2.8266E+04
0000503   6.9674E+05 -2.9447E+04  7.2180E+04
0000504   6.9437E+05  2.5422E+04  3.3131E+03
0000505   6.3201E+05 -4.4486E+04 -7.5171E+04
0000506   6.9053E+05 -3.0248E+04 -2.1915E+04
0000507   6.9463E+05 -3.7113E+04 -7.4028E+03
0000508   7.0517E+05 -6.4718E+03  2.9576E+04
0000509   6.9239E+05  2.0085E+03 -3.3718E+04
0000510   6.8041E+05  1.6071E+04  2.9653E+04
0000511   6.9493E+05  1.0283E+04  2.4656E+04
0000512   7.0521E+05  1.0866E+04 -1.5125E+04
0000513   7.0020E+05 -2.0679E+04 -5.1344E+03
0000514   6.7449E+05  1.0368E+04 -3.0514E+04
0000515   6.7375E+05  1.7120E+04 -2.5416E+04
0000516   6.9489E+05  8.3568E+03  4.0901E+04
0000517   6.8889E+05  2.2049E+04 -4.0216E+04
0000518   7.0912E+05 -3.7881E+04 -3.4774E+03
0000519   6.8316E+05  1.4910E+04  2.2916E+04
0000520   6.8264E+05  7.4857E+03 -7.1282E+03
0000521   6.8240E+05  3.5688E+04 -6.6349E+04
0000522   7.0899E+05 -2.1390E+04 -5.9658E+03
0000523   6.9743E+05 -1.1234E+04  2.2065E+02
0000524   6.8885E+05  4.5305E+04 -5.5769E+03
0000525   6.8737E+05  1.1217E+04  1.8602E+04
0000526   6.9499E+05  3.2980E+04  6.9383E+03
0000527   7.0094E+05 -1.6118E+04 -1.4036E+04
0000528   6.9382E+05  6.2213E+03 -9.1103E+03
0000529   6.8813E+05  3.0189E+04  3.9051E+03
0000530   7.0873E+05 -1.5016E+04 -2.9220E+04
0000531   6.9253E+05  1.1815E+04  3.9368E+04
0000532   6.8813E+05  8.7627E+04 -6.5300E+04
0000533   6.8293E+05  6.4084E+03  4.9312E+03
0000534   6.7634E+05  1.4603E+04  7.0002E+04
0000535   6.8771E+05  1.6241E+04  1.7089E+04
0000536   6.9455E+05 -4.0595E+03  4.1722E+03
0000537   6.9463E+05 -6.8339E+03 -4.1118E+04
0000538   6.9310E+05 -1.8888E+03  9.8168E+03
0000539   6.6028E+05  2.7756E+04  3.7873E+03
0000540   6.8108E+05  3.3093E+04  5.6440E+03
0000541   7.0024E+05  7.7008E+03 -2.3538E+03
0000542   6.7559E+05 -3.2580E+04 -1.2394E+04
0000543   6.7610E+05 -9.7638E+03  1.0339E+04
0000544   6.9977E+05  2.7295E+04 -2.7527E+04
0000545   6.7529E+05  1.8436E+03 -5.5167E+04
0000546   6.9648E+05 -4.7927E+04  1.5522E+04
0000547   7.0060E+05 -2.1557E+04  1.2962E+04
0000548   6.8726E+05  4.2529E+04 -2.8170E+04
0000549   6.8930E+05  3.2937E+04 -5.8020E+04
0000550   6.8737E+05 -1.1957E+04 -6.3792E+03
0000551   7.1412E+05 -2.9094E+03  1.9956E+04
0000552   6.8804E+05  5.1078E+03  4.1429E+04
0000553   6.9547E+05  1.2755E+04 -3.2351E+04
0000554   7.0327E+05  6.0954E+03  1.4147E+04
0000555   7.2376E+05 -2.6369E+03  2.5948E+04
0000556   6.6916E+05 -2.3344E+04  1.4304E+04
0000557   6.8638E+05 -3.2918E+04 -1.0288E+04
0000558   7.0942E+05 -8.8513E+03 -1.2925E+04
0000559   6.9564E+05 -2.0261E+04 -2.2176E+04
0000560   7.1792E+05 -3.2752E+04  1.4534E+04
0000561   6.7367E+05  3.3646E+03  1.5763E+04
0000562   7.0045E+05 -7.7838E+02 -2.4540E+04
0000563   6.9002E+05 -1.1913E+04  1.0063E+03
0000564   6.7381E+05 -2.3445E+04 -7.3165E+03
0000565   7.0249E+05 -4.9149E+03 -4.3261E+04
0000566   7.1911E+05 -6.1309E+03 -1.0960E+04
0000567   6.6921E+05 -5.8314E+03  4.4200E+03
0000568   6.9168E+05  1.4552E+04  4.8496E+03
0000569   6.9549E+05 -1.8391E+04  2.3337E+04
0000570   7.1225E+05  9.1312E+03  1.0568E+04
0000571   6.9192E+05 -3.2475E+04  2.1739E+04
0000572   6.9685E+05 -2.5093E+04 -1.4628E+04
0000573   6.8221E+05  1.3783E+04  2.0405E+04
0000574   6.9171E+05  1.7403E+04 -1.3699E+04
0000575   7.0714E+05 -1.4803E+04 -2.2715E+04
0000576   6.8980E+05  1.0460E+04 -1.1678E+03
0000577   6.7371E+05  3.8308E+04  4.8179E+02
0000578   6.9323E+05  1.2340E+04  2.9866E+04
0000579   7.1743E+05  3.6843E+04 -2.9612E+04
0000580   6.7658E+05  2.9109E+04 -1.2023E+04
0000581   6.9951E+05  3.4796E+03 -6.9303E+04
0000582   6.8542E+05 -6.7600E+03 -3.5172E+04
0000583   6.7937E+05 -1.7202E+04 -3.1483E+04
0000584   6.8664E+05 -3.0873E+04 -1.2829E+04
0000585   6.8299E+05 -7.3023E+04  7.3183E+04
0000586   6.7856E+05  7.7299E+04  5.9455E+03
0000587   6.9597E+05 -2.1849E+04  2.1989E+04
0000588   6.9448E+05 -3.0248E+04  6.7320E+03
0000589   6.9988E+05  2.1370E+04 -1.5305E+03
0000590   6.4361E+05  2.7249E+04 -3.4295E+04
0000591   7.0069E+05 -9.2751E+03  1.4485E+03
0000592   7.0709E+05  1.3094E+04 -1.4570E+04
0000593   6.9410E+05 -1.1851E+04 -6.4376E+03
0000594   6.9282E+05 -1.2037E+04  1.4386E+04
0000595   6.9195E+05 -3.0334E+04 -2.9719E+04
0000596   6.9871E+05  6.2684E+04  4.9418E+04
0000597   6.8314E+05 -7.2422E+03  2.2318E+04
0000598   6.8372E+05 -2.8700E+04  1.8805E+04
0000599   6.9463E+05  1.4187E+04  8.7868E+03
0000600   6.8552E+05  1.5622E+04  1.0855E+04
0000601   7.1927E+05  4.2322E+03 -4.3104E+04
0000602   6.2546E+05  1.7439E+05 -8.7848E+03
0000603   6.9753E+05 -1.3573E+04  1.4991E+04
0000604   6.9080E+05 -1.9076E+04 -3.7461E+04
0000605   7.1333E+05  4.5390E+04 -8.7842E+02
0000606   6.9378E+05  8.1629E+02 -1.6393E+04
0000607   6.7458E+05 -2.2556E+04 -2.1579E+04
0000608   6.9712E+05  1.5852E+04  7.7882E+04
0000609   6.6523E+05  6.9034E+04 -1.5617E+04
0000610   7.0270E+05 -1.6016E+04 -3.6366E+03
0000611   6.9203E+05  1.7226E+04 -5.7790E+03
0000612   6.7948E+05  2.2973E+04  2.0015E+04
0000613   7.1339E+05 -1.1132E+04  1.1886E+02
0000614   7.1686E+05 -9.4937E+03  2.0367E+04
0000615   7.2576E+05  1.5960E+04 -5.2831E+04
0000616   6.9848E+05 -2.4443E+04  3.6597E+03
0000617   7.0000E+05 -3.9631E+04  1.6760E+04
0000618   6.7848E+05  3.7266E+04 -1.0745E+04
0000619   6.7685E+05 -4.1494E+04 -1.5280E+04
0000620   6.8579E+05 -4.1542E+02  6.9178E+03
0000621   6.8464E+05 -8.2081E+02 -2.2938E+03
0000622   7.0785E+05  2.8451E+04  5.9463E+03
0000623   7.0014E+05 -3.5105E+04 -6.9727E+03
0000624   7.0932E+05 -2.9948E+03  3.9698E+03
0000625   6.9509E+05 -1.2525E+04 -1.1782E+04
0000626   6.9296E+05 -1.1321E+04  1.3525E+04
0000627   7.0443E+05 -1.5872E+04 -2.4121E+03
0000628   6.9801E+05 -4.7694E+03  8.9919E+03
0000629   6.9556E+05  1.5858E+04 -1.0721E+04
0000630   6.7742E+05  1.8450E+04  1.3261E+04
0000631   6.9347E+05 -3.6105E+04 -4.1094E+04
0000632   6.9300E+05  7.3366E+03  1.6674E+04
0000633   6.8962E+05 -4.1232E+03  6.7914E+03
0000634   6.7922E+05 -2.4955E+04  5.3163E+03
0000635   6.8828E+05  1.6678E+03 -1.1012E+04
0000636   6.8418E+05 -2.4558E+04 -3.9602E+04
0000637   6.9521E+05 -8.9408E+03 -4.1070E+04
0000638   7.1819E+05  1.3604E+04 -2.2806E+03
0000639   6.9644E+05 -2.4062E+04 -5.4325E+03
0000640   7.0436E+05  3.3501E+04  1.0550E+04
0000641   6.8546E+05  7.6617E+03  2.6303E+04
0000642   6.9881E+05 -4.5136E+02  3.0381E+04
0000643   6.8015E+05 -2.5768E+04  1.1677E+04
0000644   7.0745E+05  1.3037E+04 -2.0839E+04
0000645   6.9201E+05 -8.5498E+03  4.2487E+04
0000646   7.2366E+05 -1.4142E+04  9.7174E+03
0000647   7.1047E+05 -3.2405E+04  1.9495E+04
0000648   6.8714E+05 -1.1908E+04  5.2287E+03
0000649   7.0917E+05  6.9178E+03  3.3308E+04
0000650   7.1040E+05 -1.0537E+04 -4.4561E+04
0000651   6.9639E+05  2.1661E+03  3.0992E+04
0000652   6.8002E+05 -1.0043E+04 -3.6549E+03
0000653   7.1244E+05 -1.1059E+04  3.5100E+04
0000654   6.7164E+05 -1.7252E+04 -4.6467E+04
0000655   6.9448E+05 -1.6015E+03  6.5597E+03
0000656   7.1008E+05  7.1124E+03 -1.0890E+04
0000657   6.7944E+05 -1.8332E+04 -4.0778E+03
0000658   6.5425E+05 -1.2184E+03 -6.2161E+03
0000659   6.9178E+05 -7.5693E+03 -9.4348E+03
0000660   6.8134E+05  3.6214E+03 -6.0447E+03
0000661   6.8742E+05  1.4925E+04 -2.2794E+04
0000662   7.0545E+05  1.5632E+03  4.2663E+04
0000663   6.9471E+05  1.7325E+04 -9.0995E+03
0000664   6.9216E+05 -2.2651E+04  2.9021E+02
0000665   7.1777E+05 -1.4344E+04  2.0927E+03
0000666   6.8111E+05 -1.7204E+04  4.1300E+04
0000667   7.1112E+05 -8.2192E+03  2.9114E+04
0000668   6.9268E+05  1.0103E+04  2.5087E+04
0000669   6.9167E+05  7.6518E+03 -3.2514E+03
0000670   6.9201E+05 -1.8723E+04  2.9407E+04
0000671   6.9121E+05  7.1625E+03 -4.5606E+04
0000672   6.6821E+05 -4.7995E+04  2.9239E+04
0000673   6.8316E+05  3.5403E+04 -2.6453E+04
0000674   6.8801E+05 -5.1811E+03 -2.2031E+04
0000675   7.1647E+05  2.0617E+04 -2.4570E+04
0000676   6.7980E+05 -5.7963E+04  1.3464E+04
0000677   7.0307E+05 -1.1636E+04  1.7978E+04
0000678   6.8898E+05  1.2846E+04 -1.7024E+04
0000679   7.0523E+05 -4.5663E+03  1.6817E+04
0000680   7.0204E+05  2.9415E+03  8.4278E+03
0000681   6.9998E+05  4.8911E+04  6.1972E+03
0000682   7.0551E+05 -1.2267E+04  1.1434E+04
0000683   7.1235E+05  3.5851E+03  2.3028E+04
0000684   6.8004E+05 -4.6859E+03 -9.1093E+03
0000685   6.8551E+05  2.5676E+03 -6.7310E+03
0000686   7.1190E+05  1.9127E+04 -1.9080E+04
0000687   6.9333E+05 -2.8219E+04  4.5628E+04
0000688   7.0415E+05 -1.7404E+04  1.1526E+04
0000689   6.6231E+05  6.3054E+04 -3.0047E+04
0000690   7.0926E+05 -6.6823E+03  3.0178E+03
0000691   6.9206E+05  6.6114E+03  1.4275E+04
0000692   6.8955E+05 -2.6659E+04  1.0635E+04
0000693   6.9533E+05 -2.6134E+04  1.0347E+04
0000694   6.8071E+05 -7.1285E+03  8.8830E+03
0000695   7.1459E+05 -2.5575E+04 -1.6582E+04
0000696   7.0683E+05 -1.6555E+04  1.7822E+04
0000697   6.9800E+05 -5.7525E+03  4.3262E+03
0000698   6.9105E+05 -5.3898E+04 -1.3707E+04
0000699   6.9826E+05  8.6350E+02  2.3124E+04
0000700   6.8697E+05 -3.4975E+04 -2.1579E+04
0000701   6.7541E+05 -4.2003E+04 -8.2545E+04
0000702   6.7314E+05  5.0951E+04  2.9256E+04
0000703   6.7078E+05  6.2072E+04  6.2824E+03
0000704   7.0746E+05 -3.8707E+04 -3.7981E+04
0000705   7.0496E+05  3.8239E+04 -2.6986E+04
0000706   6.8829E+05 -2.3352E+04  6.5156E+03
0000707   7.0658E+05 -1.0667E+04 -4.1876E+03
0000708   7.1667E+05 -9.2681E+03  1.3906E+04
0000709   6.8059E+05  1.4890E+02  8.6259E+03
0000710   6.8834E+05 -1.7493E+04  3.1785E+00
0000711   7.0186E+05 -3.9220E+04  1.3733E+04
0000712   6.8971E+05  2.5779E+04 -1.0231E+05
0000713   6.9900E+05  4.0865E+03  2.7427E+04
0000714   7.1590E+05 -1.8043E+03 -1.5861E+04
0000715   6.8946E+05  2.1434E+04  1.9135E+04
0000716   7.0129E+05 -3.6362E+04  1.3323E+04
0000717   6.6836E+05  4.0559E+04 -2.3227E+04
0000718   7.0153E+05  6.9113E+03 -1.3632E+04
0000719   6.8144E+05  1.5168E+02 -2.4617E+04
0000720   6.9328E+05  3.0247E+04  1.2195E+04
0000721   7.0025E+05 -5.2176E+03  2.5551E+04
0000722   7.0318E+05 -4.9324E+04  1.5501E+04
0000723   6.9782E+05 -1.0089E+04  5.3012E+04
0000724   6.9663E+05 -7.3049E+03  1.8189E+04
0000725   7.1143E+05 -3.3215E+04  4.1535E+04
0000726   6.8696E+05 -1.3131E+04 -8.6634E+03
0000727   6.8439E+05 -2.2613E+04 -3.2686E+04
0000728   7.0462E+05  1.9359E+04 -1.7636E+04
0000729   7.0811E+05 -2.2673E+04  2.0482E+04
0000730   6.8999E+05  2.8280E+04  2.5161E+04
0000731   7.1467E+05 -3.6665E+03  6.1506E+03
0000732   6.8945E+05  2.9589E+04 -1.8364E+04
0000733   6.9829E+05 -5.4593E+04 -8.4256E+04
0000734   7.0094E+05 -3.4883E+04  1.4822E+03
0000735   6.8614E+05 -3.1706E+04 -7.5553E+04
0000736   6.9896E+05 -9.3261E+03 -5.5692E+04
0000737   6.8820E+05  1.6512E+04 -1.4360E+04
0000738   6.7180E+05  3.0127E+03  3.0432E+04
0000739   6.8330E+05 -6.5694E+04 -2.3948E+04
0000740   6.7952E+05  1.9765E+04 -5.0603E+03
0000741   7.0653E+05  2.7824E+04 -3.0261E+04
0000742   7.0053E+05 -1.3942E+04  3.5257E+03
0000743   6.8960E+05  6.6513E+03  1.4660E+03
0000744   6.9203E+05  1.9202E+04  3.7328E+04
0000745   6.7678E+05 -7.7081E+03  8.1130E+03
0000746   6.8703E+05 -3.2000E+04  7.7279E+03
0000747   6.8040E+05 -3.8349E+04  3.0568E+03
0000748   7.1184E+05 -1.8736E+04  2.9633E+04
0000749   6.5613E+05  1.7194E+04 -2.2160E+04
0000750   7.2119E+05 -1.8315E+04  1.8696E+04
0000751   7.0038E+05  5.3089E+04 -3.0195E+04
0000752   6.7723E+05 -7.2766E+04 -6.8658E+04
0000753   6.7503E+05  1.1759E+04  6.6524E+03
0000754   7.0680E+05  3.9364E+04  6.5196E+04
0000755   6.8631E+05 -5.3842E+04 -9.3123E+03
0000756   6.9421E+05  8.2567E+03 -3.1127E+04
0000757   6.8363E+05 -4.1061E+03 -3.9102E+04
0000758   7.0319E+05  1.8530E+03 -4.7273E+02
0000759   6.8542E+05  5.5140E+04  1.7508E+04
0000760   6.7486E+05  3.4326E+04  5.1772E+04
0000761   7.0363E+05 -2.7629E+03  1.7441E+03
0000762   6.8848E+05 -3.4791E+03  1.5910E+04
0000763   6.7911E+05  2.7401E+03 -5.7536E+03
0000764   7.0640E+05  3.2973E+04  1.2612E+04
0000765   7.2302E+05  6.7454E+03 -1.4113E+04
0000766   6.8746E+05  2.5825E+04  2.1966E+04
0000767   7.0915E+05 -1.6163E+03  2.6283E+04
0000768   6.7383E+05 -2.8579E+04  2.7832E+04
0000769   6.9234E+05  2.1128E+03 -1.2092E+04
0000770   7.0257E+05 -7.4509E+03 -9.9648E+03
0000771   7.0293E+05  1.9438E+03 -4.4547E+03
0000772   7.0538E+05  8.4226E+03 -3.3879E+04
0000773   7.0123E+05  5.9942E+04  1.0075E+04
0000774   6.8165E+05 -2.6196E+04  2.9362E+04
0000775   7.1356E+05 -8.3428E+03 -2.3413E+04
0000776   6.8443E+05  1.7103E+04 -7.1153E+03
0000777   6.9749E+05  1.2506E+04  3.9899E+04
0000778   7.0257E+05  8.8317E+03 -3.5915E+04
0000779   6.9968E+05  6.4551E+04 -2.1723E+03
0000780   6.7576E+05  6.8117E+03 -1.3270E+04
0000781   6.8915E+05  2.4735E+04  1.2907E+04
0000782   7.0540E+05 -2.0253E+03 -1.7572E+04
0000783   7.0534E+05 -4.8285E+03  4.2080E+02
0000784   7.2010E+05 -2.3563E+04 -1.5411E+04
0000785   6.9149E+05  4.6637E+04  1.4757E+04
0000786   6.8624E+05 -2.4821E+03 -2.7516E+04
0000787   6.9058E+05 -1.5453E+04  1.3943E+04
0000788   6.8288E+05 -2.1025E+03 -6.3582E+03
0000789   7.0283E+05 -3.3213E+04 -5.8902E+03
0000790   6.9485E+05  1.6646E+04  1.4242E+03
0000791   7.2612E+05  5.5527E+03 -2.3051E+04
0000792   7.2072E+05  1.0204E+04 -1.4796E+04
0000793   7.1051E+05  2.3906E+04  2.4028E+03
0000794   6.9878E+05  6.6847E+03 -2.9896E+04
0000795   6.9422E+05  1.1472E+04 -1.6310E+04
0000796   6.8531E+05 -3.7861E+03 -1.4811E+04
0000797   7.0111E+05  1.5231E+04  4.5888E+03
0000798   6.9718E+05 -3.2929E+02  4.0522E+04
0000799   6.7123E+05 -6.9812E+04  1.3317E+05
0000800   7.0350E+05 -2.2216E+04 -4.2265E+03
0000801   6.7420E+05  7.5748E+04  7.6541E+03
0000802   6.8652E+05 -2.3859E+04 -1.6031E+04
0000803   6.6953E+05 -2.8965E+04  9.8678E+03
0000804   6.9079E+05  3.3639E+04 -3.2907E+04
0000805   6.5496E+05  2.3807E+04 -2.8791E+04
0000806   7.0273E+05  2.2700E+03 -6.9678E+03
0000807   7.4204E+05  2.0524E+04 -1.7712E+04
0000808   6.8966E+05  2.2259E+04 -5.5730E+04
0000809   6.8699E+05  3.9861E+04  1.1846E+03
0000810   6.8078E+05  4.8046E+04  6.6403E+03
0000811   6.9890E+05  4.4603E+03 -1.3326E+04
0000812   7.1244E+05 -8.6715E+02  2.0947E+04
0000813   7.0308E+05 -2.6811E+04  1.9872E+04
0000814   7.1035E+05 -1.1202E+04  5.4949E+04
0000815   7.0343E+05 -5.9280E+01  1.5514E+03
0000816   6.8604E+05  1.1092E+03 -4.9997E+04
0000817   6.9853E+05  3.0593E+03  1.9511E+04
0000818   6.8114E+05 -4.6276E+04  2.8215E+04
0000819   7.0411E+05  4.0299E+02 -3.8712E+04
0000820   7.1136E+05 -8.0259E+03  1.1097E+04
0000821   7.1188E+05  1.0452E+04  2.4117E+04
0000822   6.9339E+05  1.2963E+04  2.6701E+04
0000823   7.0223E+05 -7.8187E+04 -1.5085E+04
0000824   7.0565E+05  9.0318E+03  4.1271E+03
0000825   7.0573E+05 -2.9220E+04 -1.1737E+04
0000826   6.9453E+05  2.7734E+04 -1.9855E+04
0000827   6.8421E+05  1.2404E+04 -2.3391E+04
0000828   7.1968E+05  1.0450E+04  1.1647E+04
0000829   7.0388E+05  3.5261E+03  2.5791E+03
0000830   6.9928E+05  1.6302E+04 -3.6718E+04
0000831   6.9167E+05 -1.1909E+04 -6.0961E+03
0000832   6.4483E+05 -2.4690E+05 -2.0908E+03
0000833   6.8874E+05  3.5715E+04  8.9352E+03
0000834   7.0273E+05  3.4770E+03  9.4492E+03
0000835   6.7739E+05  1.9479E+04 -2.1141E+04
0000836   6.9870E+05 -4.7293E+04 -2.4729E+04
0000837   6.9943E+05  2.4008E+03  1.0327E+04
0000838   6.8465E+05  2.8264E+04  1.1040E+04
0000839   7.1909E+05  7.7840E+03  2.0097E+04
0000840   7.0475E+05  4.5366E+03 -1.2117E+04
0000841   7.0659E+05  3.8295E+03  4.7596E+03
0000842   6.9862E+05 -1.6475E+03 -8.9544E+02
0000843   6.9967E+05 -1.3312E+04  4.0565E+04
0000844   6.9797E+05 -6.5848E+03  4.2567E+04
0000845   7.1318E+05  6.5031E+03 -2.7400E+04
0000846   6.7829E+05 -5.1254E+04 -2.3540E+04
0000847   6.9944E+05 -1.9855E+03  2.7635E+04
0000848   6.8644E+05 -1.3207E+03 -5.2609E+03
0000849   6.9476E+05  5.1331E+03  6.4636E+04
0000850   7.0141E+05 -1.7230E+04 -1.2169E+04
0000851   7.1625E+05 -1.5724E+04  2.0277E+04
0000852   6.9266E+05  1.1833E+04  1.4764E+04
0000853   7.0328E+05 -4.4040E+03  2.9649E+04
0000854   7.0729E+05 -7.9168E+03  2.4202E+02
0000855   6.8790E+05  3.0550E+04 -2.0655E+04
0000856   6.8988E+05  2.5686E+02  4.4227E+04
0000857   7.0442E+05  2.5736E+03  2.0644E+03
0000858   6.9404E+05 -1.2837E+02  1.0212E+04
0000859   7.0938E+05  1.2451E+04 -4.9113E+03
0000860   6.8893E+05  1.1348E+05  2.4719E+04
0000861   6.8900E+05  8.3395E+03  1.1696E+04
0000862   6.9284E+05  3.1607E+04  3.2826E+03
0000863   7.0071E+05  9.0693E+03  1.9982E+04
0000864   6.9304E+05  1.3923E+04  2.1773E+04
0000865   6.8563E+05  5.0476E+04 -4.7140E+04
0000866   7.1485E+05 -7.7025E+03  3.9233E+03
0000867   6.9655E+05  1.9118E+04  3.3000E+04
0000868   6.7560E+05  7.2811E+03 -4.9539E+03
0000869   6.8256E+05 -4.3575E+04  2.5008E+03
0000870   6.8811E+05 -7.5375E+02 -1.9551E+03
0000871   6.8293E+05 -2.4075E+04 -7.2351E+03
0000872   6.9744E+05  1.3552E+04  5.7510E+03
0000873   6.8460E+05 -6.6348E+03  8.3580E+03
0000874   6.9433E+05 -3.2408E+04 -5.7083E+02
0000875   7.0153E+05  2.9677E+02  2.0598E+03
0000876   6.8030E+05  1.6473E+04  3.0097E+04
0000877   7.0260E+05 -1.0178E+04  3.3157E+04
0000878   6.9015E+05  2.9748E+04 -1.0427E+03
0000879   6.4490E+05  4.6479E+04  5.5012E+04
0000880   7.0598E+05 -4.0915E+02  6.5813E+03
0000881   7.0658E+05 -1.4861E+04 -1.3600E+04
0000882   6.8455E+05 -1.7900E+04 -1.4146E+04
0000883   7.0076E+05  2.3850E+04  1.9803E+04
0000884   6.7900E+05  1.0411E+04  1.2499E+04
0000885   6.9786E+05 -2.3149E+04 -1.6799E+02
0000886   6.6532E+05  6.4999E+04 -3.8867E+04
0000887   6.8156E+05  2.9433E+04  8.5039E+03
0000888   6.8018E+05 -2.4707E+04  9.8105E+03
0000889   7.0077E+05  1.7733E+03 -1.4118E+04
0000890   7.1082E+05 -8.1930E+03  3.8392E+03
0000891   6.9773E+05  3.5476E+04  1.0914E+04
0000892   6.9939E+05 -1.1241E+04  1.6562E+04
0000893   7.0534E+05  1.1399E+04  2.0974E+04
0000894   7.0321E+05  2.2737E+04 -8.9738E+03
0000895   6.8805E+05 -1.2379E+04  3.8057E+04
0000896   6.8011E+05 -1.7059E+04 -1.1528E+03
0000897   6.6799E+05 -1.8517E+04  2.1185E+04
0000898   7.0086E+05  2.1498E+03 -2.8579E+04
0000899   6.6333E+05  4.2967E+04 -9.3518E+04
0000900   6.9601E+05  3.1389E+04 -3.3017E+04
0000901   7.0535E+05 -1.2630E+03  1.3999E+03
0000902   6.7035E+05 -8.0494E+04  1.3911E+03
0000903   6.8446E+05  4.2969E+04  9.2378E+03
0000904   6.9754E+05  2.0667E+04 -3.0420E+04
0000905   7.1477E+05  2.5816E+03 -4.8645E+04
0000906   6.8714E+05  4.9119E+04 -6.9402E+03
0000907   6.8244E+05  1.2867E+04  5.2575E+04
0000908   7.0329E+05  4.9667E+03 -1.2137E+04
0000909   6.7117E+05 -5.9453E+03 -2.0078E+04
0000910   6.7564E+05 -2.5415E+03 -4.0317E+03
0000911   6.9554E+05  1.3618E+04 -1.7293E+04
0000912   6.9430E+05  2.4603E+04 -1.7697E+04
0000913   7.0699E+05  1.0710E+04  2.9303E+04
0000914   6.9441E+05  4.3229E+04 -1.9680E+04
0000915   6.7853E+05  3.9771E+04  3.6502E+04
0000916   6.7190E+05 -6.8681E+03 -5.7499E+03
0000917   6.9881E+05 -4.9204E+04 -2.3521E+04
0000918   7.0203E+05 -4.4892E+04 -5.6350E+03
0000919   6.9624E+05 -8.1731E+03  5.4725E+04
0000920   6.9931E+05  1.3890E+04  3.0423E+04
0000921   7.1500E+05  4.9087E+04  5.8196E+02
0000922   7.0558E+05  9.4000E+03 -6.7102E+03
0000923   6.9370E+05 -5.7472E+04 -4.4137E+04
0000924   6.8712E+05  2.0930E+03 -1.1874E+04
0000925   6.8888E+05 -4.2317E+03  8.5502E+03
0000926   6.7242E+05 -2.4490E+04  2.8606E+03
0000927   7.0320E+05 -5.2694E+03 -5.6861E+03
0000928   6.8947E+05 -1.2516E+04 -2.5667E+04
0000929   7.1219E+05  2.6404E+04  3.3036E+04
0000930   7.0079E+05 -3.7973E+04 -4.7972E+04
0000931   6.7322E+05 -8.5758E+03 -1.2867E+04
0000932   6.9816E+05 -1.0971E+03 -2.1470E+04
0000933   7.0909E+05 -1.2274E+04 -4.7609E+03
0000934   7.0037E+05  1.2720E+04  1.3440E+04
0000935   6.8654E+05  1.9751E+04 -1.6204E+04
0000936   7.0475E+05 -1.0303E+04 -1.0202E+04
0000937   6.9716E+05 -3.2138E+01  1.1357E+04
0000938   6.7551E+05 -1.8606E+04  1.6691E+04
0000939   7.1145E+05 -3.0759E+04  1.7957E+04
0000940   6.9178E+05  6.2491E+03 -1.5135E+04
0000941   6.9701E+05 -3.8536E+03  3.7443E+04
0000942   7.0162E+05  3.8017E+04 -4.6051E+04
0000943   7.0889E+05 -4.7579E+04 -6.9361E+03
0000944   6.6665E+05 -3.6239E+04  3.5073E+04
0000945   7.0482E+05  3.5365E+03  1.1855E+04
0000946   6.8014E+05 -8.3499E+03 -7.3789E+03
0000947   7.0628E+05  1.9004E+04  2.3205E+04
0000948   7.0656E+05 -2.8775E+04  1.1518E+04
0000949   7.1742E+05 -4.8720E+03 -2.2130E+03
0000950   6.7600E+05 -2.6332E+04  6.2345E+04
0000951   7.1405E+05  6.5038E+03 -1.8409E+04
0000952   6.7966E+05 -5.6889E+04  4.1258E+04
0000953   6.8815E+05 -4.6240E+04 -1.4458E+04
0000954   7.1668E+05  2.5254E+04 -1.4248E+03
0000955   7.0752E+05  4.2673E+04 -5.3706E+03
0000956   7.0044E+05 -6.3918E+03  2.1135E+03
0000957   7.0163E+05  9.1920E+03  2.3719E+02
0000958   7.0991E+05 -3.8979E+04 -3.8933E+04
0000959   7.0896E+05  1.1858E+04  2.8842E+04
0000960   6.8435E+05  1.4636E+00 -3.4674E+02
0000961   7.0050E+05 -9.9148E+03 -7.0263E+02
0000962   6.9795E+05 -2.0684E+04  3.6363E+04
0000963   6.9412E+05  1.1815E+04  7.8134E+03
0000964   6.8552E+05  9.7783E+03 -1.1140E+04
0000965   6.8880E+05 -4.7746E+04  5.0375E+04
0000966   7.1731E+05 -4.2070E+02 -2.1622E+04
0000967   6.9334E+05  1.1121E+03  3.4564E+04
0000968   6.9544E+05 -7.0243E+04 -3.8298E+04
0000969   6.9555E+05 -9.0491E+02 -8.1078E+03
0000970   6.8556E+05 -3.6230E+04  1.5220E+04
0000971   6.6563E+05  1.4317E+04  1.4685E+05
0000972   7.0278E+05 -7.2123E+03 -1.1360E+04
0000973   6.9835E+05 -1.9648E+04  2.3181E+04
0000974   7.1163E+05  8.6372E+03  1.9512E+04
0000975   6.4843E+05  4.0105E+04  1.1816E+05
0000976   6.9323E+05 -3.4942E+04 -3.1488E+04
0000977   6.7255E+05  2.1504E+03 -1.4448E+03
0000978   6.8089E+05  1.6773E+04  2.1557E+04
0000979   7.0595E+05  3.5644E+03 -1.2947E+04
0000980   6.9273E+05 -8.2045E+03  2.8892E+04
0000981   6.8307E+05  7.5739E+03 -1.1688E+04
0000982   6.8808E+05 -3.3660E+03 -8.7067E+03
0000983   7.0198E+05 -5.6553E+04 -2.3272E+04
0000984   6.9204E+05  3.6585E+04  2.8460E+04
0000985   6.8556E+05  9.6041E+03 -1.7569E+04
0000986   6.9202E+05  1.4571E+04  1.6494E+03
0000987   6.9125E+05 -1.5792E+04 -2.6646E+03
0000988   7.0453E+05 -3.6761E+04 -3.0083E+04
0000989   7.1164E+05  1.3616E+04  5.6298E+03
0000990   7.2234E+05 -6.3397E+04  1.0883E+04
0000991   6.9651E+05  1.0199E+04 -7.3731E+03
0000992   6.7409E+05 -8.5114E+04 -4.1054E+04
0000993   6.7425E+05 -1.7343E+04  9.1602E+03
0000994   7.0287E+05 -2.3211E+04 -1.9439E+04
0000995   6.8278E+05  7.7283E+03  8.8323E+02
0000996   7.0088E+05  2.8127E+04 -5.4096E+04
0000997   6.7081E+05 -2.1746E+04  2.0399E+04
0000998   6.8747E+05  1.4090E+04 -9.8989E+03
0000999   6.8783E+05 -2.1527E+04  1.5888E+04
0001000   6.9498E+05  6.0136E+04  3.8291E+04
