============================== SRIM-2013.00 ==============================
==============================================================================
====== SRIM Outputs\RANGE_3D.txt : File of Final Ion Positions =====

Ion =  H (01)   Ion Mass= 001.0080
Energy  = 1100000.E-03 keV
Ion Angle to Surface = 00.0 degrees
==================== TARGET =======================
  Layer # 1 - Si_Top    
  Layer # 1 - Bottom Depth=300000.E+01 A
  Layer # 1 - Density =0002.3210 g/cm3
  Layer # 1 -  100 % of Si
икикикикикикикикикикикикикикикикикикикикикикикикикикикикикикикикикикикикикикикикикикикикикикикикикикикик
  Layer # 2 - Si_Bottom 
  Layer # 2 - Bottom Depth=600000.E+01 A
  Layer # 2 - Density =0002.3210 g/cm3
  Layer # 2 -  100 % of Si
икикикикикикикикикикикикикикикикикикикикикикикикикикикикикикикикикикикикикикикикикикикикикикикикикикикик
                                            
Ion       Depth  X   Lateral Y   Lateral Z  
Number    (Angstrom) (Angstrom)  (Angstrom) 
-------  ----------- ----------- -----------
0000001   1.9271E+05 -7.1816E+03 -6.5121E+03
0000002   1.9341E+05  1.2622E+03 -5.5262E+03
0000003   1.9922E+05  6.3712E+03 -8.9478E+03
0000004   1.9450E+05 -2.1598E+03  3.6679E+03
0000005   1.9387E+05 -5.1577E+03  3.0280E+03
0000006   1.9523E+05  1.3583E+04 -1.1815E+04
0000007   1.9024E+05  2.6431E+03 -1.0525E+03
0000008   1.9470E+05 -8.7200E+03 -1.4247E+04
0000009   1.8891E+05  1.0353E+04 -2.4262E+03
0000010   1.9641E+05 -5.3950E+03  7.4638E+03
0000011   1.9624E+05  2.0933E+03  7.3060E+03
0000012   1.9484E+05 -1.9523E+03 -1.2686E+04
0000013   1.9449E+05  1.8122E+04  5.5336E+03
0000014   1.9940E+05  6.8490E+02 -4.0915E+03
0000015   1.9264E+05 -2.9845E+03  3.1977E+03
0000016   2.0103E+05 -1.6414E+03 -7.7782E+03
0000017   1.8340E+05 -4.5463E+04  7.1992E+03
0000018   1.9520E+05  7.1270E+02  8.0994E+03
0000019   1.9341E+05 -1.4086E+03  2.0479E+04
0000020   1.9723E+05  3.6467E+02 -1.0062E+04
0000021   1.9695E+05 -2.8241E+03  4.2108E+02
0000022   1.9095E+05  2.8088E+02  1.2669E+03
0000023   1.8818E+05  3.4508E+03 -1.0356E+04
0000024   1.9542E+05 -1.4706E+04 -2.5154E+04
0000025   1.9068E+05 -4.2433E+03  5.9540E+03
0000026   1.9149E+05  3.4904E+03 -4.4440E+03
0000027   1.9424E+05  3.7834E+03  1.2717E+04
0000028   1.9668E+05  2.4599E+03 -2.7454E+03
0000029   1.8638E+05  4.7061E+03  1.7021E+03
0000030   1.9634E+05 -2.5234E+03 -1.5921E+03
0000031   1.9092E+05  5.7394E+03  2.6094E+03
0000032   1.9039E+05 -1.2998E+04  4.1479E+03
0000033   1.9588E+05  1.7718E+03  1.2349E+04
0000034   1.8827E+05 -3.1839E+03 -6.0001E+03
0000035   1.9118E+05  6.9151E+03 -3.9245E+03
0000036   1.8802E+05 -2.9187E+03 -4.7853E+02
0000037   1.9826E+05  1.2974E+04 -5.2308E+03
0000038   1.9333E+05 -5.4650E+02  1.2444E+03
0000039   1.8718E+05  6.3068E+03  1.0050E+04
0000040   1.9566E+05 -5.2055E+03  1.6899E+03
0000041   1.8567E+05 -2.7074E+03 -1.5777E+04
0000042   1.9466E+05 -6.1989E+03  4.8377E+03
0000043   1.9519E+05 -1.7553E+03  1.1799E+03
0000044   1.8961E+05  3.3792E+03  7.0680E+03
0000045   1.8911E+05  7.1432E+02  1.0823E+04
0000046   1.9153E+05 -1.3301E+04  7.9078E+02
0000047   1.9286E+05  2.7290E+03  1.0305E+04
0000048   1.9428E+05 -1.7433E+03 -1.9754E+04
0000049   1.9963E+05 -1.9924E+04  2.8982E+03
0000050   1.9147E+05 -4.7261E+03 -9.7177E+03
0000051   1.9238E+05 -5.0040E+03 -1.4860E+04
0000052   1.8801E+05  1.7047E+04 -3.5028E+03
0000053   1.9280E+05  3.0993E+03  6.8014E+03
0000054   1.9099E+05  1.5749E+04 -1.7544E+04
0000055   1.9778E+05  1.2801E+04 -7.4778E+03
0000056   1.9914E+05 -1.2129E+04  8.1072E+03
0000057   1.9339E+05  7.9686E+03 -1.0754E+04
0000058   1.8817E+05 -2.7138E+03  1.5155E+04
0000059   1.9600E+05 -9.2193E+02  2.8730E+03
0000060   1.9539E+05 -3.5726E+03 -1.3311E+04
0000061   1.9500E+05  1.4123E+03  8.5871E+03
0000062   1.8714E+05 -1.1545E+04  5.2988E+03
0000063   1.9328E+05 -2.8238E+03  5.7729E+03
0000064   1.9386E+05  6.5929E+03  3.9449E+03
0000065   1.8936E+05  3.4887E+03 -6.1773E+03
0000066   1.8622E+05  1.8371E+04  3.7536E+03
0000067   1.9367E+05  1.7235E+04  8.2504E+03
0000068   1.9189E+05  1.1850E+03 -9.7825E+03
0000069   1.9601E+05 -6.2173E+03  5.7168E+03
0000070   1.9007E+05 -1.5876E+04 -1.9218E+04
0000071   1.9359E+05 -5.2097E+03 -3.3320E+03
0000072   1.9295E+05  5.0856E+03  6.2439E+03
0000073   1.9135E+05  1.0660E+03  2.4925E+03
0000074   1.9547E+05 -1.2866E+02  3.3304E+02
0000075   1.9132E+05  2.3430E+03  1.3140E+04
0000076   1.9307E+05 -1.2083E+04 -7.8454E+03
0000077   1.8682E+05  1.9687E+04  5.4765E+03
0000078   1.8973E+05 -3.0450E+03 -1.1517E+04
0000079   1.9319E+05 -1.2150E+04  6.8148E+03
0000080   1.9768E+05 -1.0015E+04 -1.0782E+04
0000081   1.9571E+05 -5.4329E+03 -1.1532E+03
0000082   1.8956E+05 -4.3342E+03 -8.3287E+02
0000083   1.9507E+05 -9.5090E+03  5.3351E+03
0000084   1.9722E+05  7.8866E+03 -2.4387E+03
0000085   1.9584E+05  9.8216E+02 -6.3437E+03
0000086   1.9486E+05 -4.6258E+03 -9.2177E+03
0000087   1.8991E+05  1.2956E+04 -3.2286E+04
0000088   1.9152E+05 -8.8562E+03 -4.6509E+03
0000089   1.9204E+05 -1.1195E+04 -1.2573E+03
0000090   1.9319E+05  4.0058E+03 -3.3596E+03
0000091   1.9386E+05 -8.5455E+03 -1.1539E+04
0000092   2.0054E+05  1.5082E+04  1.1491E+04
0000093   1.8783E+05 -1.3027E+04 -3.6311E+03
0000094   1.9348E+05  1.1841E+04 -4.9486E+03
0000095   1.8896E+05 -1.7142E+04  1.7000E+04
0000096   1.9429E+05 -3.6859E+02 -1.4258E+04
0000097   1.9640E+05 -4.7592E+03 -3.8615E+03
0000098   1.9791E+05  7.2757E+03 -7.5801E+03
0000099   1.9101E+05  1.6611E+04 -3.7360E+03
0000100   1.8930E+05 -4.9972E+03  3.9282E+03
0000101   2.0072E+05  2.6302E+03  3.4806E+03
0000102   2.0176E+05  4.9879E+03 -1.1637E+04
0000103   1.9114E+05  3.3336E+03 -2.1455E+04
0000104   1.2797E+05  5.3142E+04  8.0876E+04
0000105   1.9272E+05 -3.7145E+03  1.3564E+04
0000106   1.9196E+05 -5.0362E+02  1.5943E+04
0000107   1.9116E+05  1.3324E+03  1.8778E+04
0000108   1.9677E+05 -3.2542E+03 -5.1964E+01
0000109   1.9192E+05  3.2693E+03 -2.9875E+03
0000110   1.9126E+05 -1.4051E+04 -6.7523E+03
0000111   1.9225E+05  1.1632E+04  1.0335E+04
0000112   1.9110E+05 -3.0986E+03  1.4014E+03
0000113   1.9452E+05 -8.4941E+03 -7.0018E+03
0000114   1.9075E+05 -5.7615E+03 -1.3815E+03
0000115   1.9274E+05  1.2045E+04  1.6635E+03
0000116   1.9773E+05 -4.7187E+01  3.6076E+03
0000117   1.9120E+05  7.8593E+03  1.7282E+04
0000118   1.9169E+05  1.4237E+03  1.2101E+04
0000119   1.9909E+05  2.5040E+03 -3.5256E+03
0000120   1.8966E+05 -1.6507E+03 -1.1922E+04
0000121   1.9420E+05  2.5701E+02 -6.4725E+03
0000122   1.9612E+05 -7.9526E+03  6.2031E+03
0000123   1.8994E+05  1.5790E+03  9.4625E+02
0000124   1.8961E+05 -5.5758E+03  4.2591E+03
0000125   1.9516E+05 -1.6327E+04  5.6283E+03
0000126   1.9474E+05 -1.2701E+04  7.3090E+03
0000127   1.9418E+05 -1.5964E+04  8.0615E+02
0000128   1.8804E+05 -9.3667E+03  5.8439E+03
0000129   1.9279E+05 -1.2458E+03  1.2368E+04
0000130   1.9721E+05  1.5288E+04 -5.9708E+03
0000131   1.9259E+05 -4.4705E+03  4.2328E+03
0000132   1.9784E+05  1.2948E+02 -1.4453E+03
0000133   1.9455E+05 -1.4825E+03 -4.1878E+03
0000134   1.9964E+05 -2.0203E+03 -2.5326E+03
0000135   1.9972E+05 -1.2411E+04  6.9841E+03
0000136   1.9785E+05 -1.6900E+03  3.8713E+03
0000137   1.9366E+05  1.1786E+04 -1.1174E+04
0000138   1.8889E+05  1.1982E+04  1.4890E+03
0000139   1.9192E+05  2.6655E+03  6.8461E+03
0000140   1.9105E+05 -3.9604E+03 -9.9926E+02
0000141   1.9629E+05  4.8876E+03 -4.2603E+03
0000142   1.8729E+05 -3.8262E+03  6.9900E+03
0000143   1.9240E+05 -1.6154E+04 -1.3644E+04
0000144   1.8814E+05 -3.9080E+03  1.6840E+04
0000145   1.9349E+05  5.4865E+03  6.9396E+03
0000146   1.9366E+05  5.8265E+03  2.0526E+03
0000147   1.9425E+05 -1.2792E+03 -2.5837E+02
0000148   1.9550E+05  4.0525E+03  6.6585E+03
0000149   1.8856E+05 -4.7930E+03 -4.1512E+03
0000150   1.9452E+05  4.1758E+03 -2.0616E+04
0000151   1.9596E+05 -3.2421E+03 -1.0600E+04
0000152   1.9540E+05  5.6172E+03  2.9390E+02
0000153   1.9682E+05 -2.7050E+03 -1.2205E+04
0000154   1.9161E+05  8.8075E+03  3.2799E+03
0000155   1.9085E+05  1.3989E+03  1.1653E+04
0000156   1.9071E+05 -1.2575E+04 -2.1256E+03
0000157   1.9084E+05  1.1151E+04  2.1830E+03
0000158   1.9179E+05  9.4940E+03 -1.2523E+04
0000159   1.9052E+05 -9.0694E+03  1.3276E+04
0000160   1.8545E+05  1.0745E+04 -1.2154E+04
0000161   1.9413E+05 -4.7195E+03  2.0706E+03
0000162   1.9514E+05 -5.0576E+03  4.2464E+03
0000163   1.9585E+05  1.2176E+04 -4.2422E+02
0000164   1.8814E+05 -1.0501E+04  8.4022E+03
0000165   1.9449E+05  2.3653E+03 -5.7948E+03
0000166   1.9330E+05  6.7347E+02  3.7968E+03
0000167   1.8751E+05 -5.1197E+03 -5.5193E+03
0000168   1.9261E+05 -2.3095E+03 -1.2929E+04
0000169   1.9541E+05 -2.1562E+03  4.2425E+03
0000170   1.9331E+05  7.9236E+03 -8.2563E+03
0000171   2.0044E+05 -5.9783E+03  4.8531E+02
0000172   1.9164E+05 -7.7117E+03 -4.6054E+02
0000173   1.8855E+05  3.9448E+04  2.8160E+04
0000174   1.9159E+05 -1.3404E+04  3.5035E+03
0000175   1.9060E+05  1.1820E+04 -1.4104E+04
0000176   1.9222E+05 -1.8178E+03  7.0695E+03
0000177   1.8961E+05  1.0901E+03 -9.2145E+03
0000178   1.9302E+05 -2.6212E+03  5.8031E+03
0000179   1.9411E+05  2.2329E+03 -4.4492E+03
0000180   1.9544E+05 -2.6642E+03  3.9994E+03
0000181   1.8814E+05 -9.5464E+03 -1.1126E+04
0000182   1.9368E+05 -5.8969E+03  1.3114E+04
0000183   1.9324E+05  6.9630E+03 -7.8290E+03
0000184   1.9580E+05 -1.5214E+04 -4.3725E+03
0000185   1.8944E+05  3.2096E+02  7.0743E+02
0000186   1.9232E+05  5.1227E+03  6.3996E+03
0000187   1.8969E+05  2.2572E+03  3.9743E+03
0000188   1.9573E+05 -8.8959E+03 -1.3110E+02
0000189   1.8664E+05  7.3029E+03  3.1629E+03
0000190   1.9288E+05 -8.4794E+03  1.0355E+04
0000191   1.9897E+05 -1.8430E+04 -7.1620E+02
0000192   1.9924E+05 -5.1163E+03  8.5910E+03
0000193   1.9145E+05 -9.7744E+03  8.3646E+02
0000194   1.9604E+05  1.5393E+02 -3.8978E+03
0000195   2.0108E+05  1.3635E+04  9.1522E+03
0000196   1.9095E+05  8.2709E+03 -3.4208E+03
0000197   1.9889E+05  3.5308E+02  5.2251E+03
0000198   1.9267E+05 -1.0116E+04  2.7213E+01
0000199   1.8908E+05  2.5881E+03  1.0604E+04
0000200   1.8773E+05  7.5267E+03 -2.2371E+03
0000201   1.8588E+05  4.5190E+03 -4.6011E+03
0000202   1.9374E+05  1.3729E+04  4.7068E+03
0000203   1.9383E+05  4.7186E+03  1.5028E+03
0000204   1.9455E+05 -6.3908E+03  4.8094E+02
0000205   1.9630E+05  4.4498E+02 -1.1333E+02
0000206   1.9166E+05 -1.6579E+04  4.8311E+03
0000207   1.9372E+05  2.4935E+03  2.9131E+03
0000208   1.9035E+05 -6.9138E+03 -2.5738E+03
0000209   2.0083E+05  6.1218E+03 -7.7413E+03
0000210   2.0021E+05  1.2998E+03 -2.7291E+03
0000211   1.9354E+05 -3.0358E+02 -1.2595E+04
0000212   1.9580E+05 -2.5680E+03 -1.5634E+03
0000213   1.9255E+05 -1.1220E+04 -2.6093E+03
0000214   1.9456E+05 -3.9258E+03 -1.2875E+04
0000215   1.9520E+05  1.3625E+03  5.8505E+03
0000216   1.9496E+05 -9.4268E+03 -2.2237E+03
0000217   1.8947E+05  9.8178E+03 -1.0524E+04
0000218   1.9118E+05  1.5157E+03 -2.2220E+04
0000219   1.9068E+05  8.1794E+03 -2.1322E+04
0000220   1.9472E+05  3.8343E+04  1.9723E+04
0000221   1.9554E+05 -6.7423E+03 -2.0200E+03
0000222   1.9242E+05  1.6684E+03  3.0556E+03
0000223   1.9058E+05  2.8351E+03  1.0481E+04
0000224   1.8762E+05 -4.2878E+03 -2.2080E+03
0000225   1.9457E+05  6.8820E+03  5.3573E+03
0000226   1.8202E+05 -1.0815E+04 -6.9692E+03
0000227   1.9000E+05  5.6179E+03 -3.6995E+04
0000228   1.9066E+05 -1.2069E+04  1.1780E+04
0000229   1.9582E+05  2.7900E+02 -3.9681E+03
0000230   1.8682E+05  1.2120E+04  1.5493E+03
0000231   1.9834E+05  4.2490E+03  1.1803E+02
0000232   1.9310E+05  4.6955E+03  7.7664E+03
0000233   1.9895E+05 -8.4696E+03  5.2037E+03
0000234   1.9348E+05 -7.4314E+03  2.3145E+03
0000235   1.9781E+05  3.8945E+02 -1.7120E+03
0000236   1.8867E+05  2.3749E+03  8.6378E+03
0000237   1.9093E+05 -1.4718E+04  2.6121E+04
0000238   1.9547E+05  3.7021E+03  3.6544E+03
0000239   1.9246E+05 -3.3642E+03 -5.8019E+03
0000240   1.9380E+05 -1.0481E+04  4.1427E+03
0000241   1.9528E+05 -3.6965E+03  6.3762E+03
0000242   1.9676E+05 -4.1448E+03  9.0605E+03
0000243   1.9472E+05 -2.6966E+03 -1.0262E+03
0000244   1.9185E+05  5.8413E+03  1.1457E+03
0000245   1.9500E+05 -4.2215E+03 -2.7817E+03
0000246   1.9390E+05  1.1679E+04 -1.0108E+04
0000247   1.9112E+05  9.2391E+02 -8.2128E+03
0000248   1.9103E+05 -1.0684E+03  1.2459E+03
0000249   1.9289E+05  9.3911E+02  3.9156E+02
0000250   1.9942E+05  2.7690E+03 -3.7835E+02
0000251   1.9132E+05 -7.7000E+03  8.5578E+03
0000252   1.9273E+05 -2.3941E+03 -1.8340E+03
0000253   1.9335E+05  1.0343E+04 -4.3839E+02
0000254   1.9191E+05  1.0526E+04  2.2320E+03
0000255   1.9211E+05  9.9939E+03  3.3054E+03
0000256   1.9230E+05 -1.0663E+04  6.7374E+03
0000257   1.8997E+05 -5.9014E+03  8.5867E+03
0000258   2.0008E+05 -1.9873E+03 -1.0969E+04
0000259   1.9467E+05  8.6970E+03  4.2401E+03
0000260   1.9111E+05 -3.7271E+03  9.8813E+03
0000261   1.9338E+05 -2.3831E+03 -1.1182E+04
0000262   1.9115E+05  1.1385E+04  3.5072E+03
0000263   1.9975E+05 -1.0960E+04 -2.8292E+03
0000264   1.9365E+05  6.3514E+03 -7.6275E+03
0000265   1.9121E+05 -8.2458E+02 -5.1732E+03
0000266   1.9480E+05  3.2580E+03  2.1140E+03
0000267   1.9008E+05  3.2721E+02 -4.6424E+03
0000268   1.9676E+05 -8.2885E+03  3.2865E+03
0000269   1.9424E+05 -8.0644E+03 -1.0775E+04
0000270   1.9227E+05 -2.3399E+04  1.9238E+04
0000271   1.8269E+05  1.4232E+02 -3.6903E+04
0000272   1.8453E+05 -4.9044E+04  4.7426E+03
0000273   1.9321E+05 -2.3492E+04  6.6980E+03
0000274   1.9076E+05 -6.3050E+03 -4.8963E+03
0000275   1.9574E+05 -4.9437E+02  7.7471E+03
0000276   1.9259E+05  9.2238E+03 -8.7713E+03
0000277   1.8904E+05 -1.8851E+03 -1.0602E+03
0000278   1.9083E+05  3.7261E+02 -7.7150E+01
0000279   1.9001E+05  5.8939E+03  2.4863E+03
0000280   1.9194E+05 -5.6470E+02 -1.2111E+04
0000281   1.9693E+05  2.2143E+03  2.4509E+03
0000282   1.9718E+05 -9.7585E+03 -1.7291E+03
0000283   1.9174E+05  3.1620E+03  1.7845E+02
0000284   1.9255E+05 -1.4202E+03 -9.9370E+03
0000285   1.9496E+05 -6.7912E+03 -4.3010E+03
0000286   1.9519E+05 -1.0156E+04 -2.8306E+02
0000287   1.9029E+05 -1.0195E+04 -9.4770E+02
0000288   1.9439E+05 -2.0041E+03  4.1901E+03
0000289   1.8461E+05 -4.4441E+03  8.5992E+03
0000290   1.9191E+05 -4.8262E+03 -4.8841E+03
0000291   1.9679E+05 -2.7429E+03  5.0356E+03
0000292   1.9219E+05 -6.8368E+03 -1.5015E+03
0000293   1.9237E+05  3.7712E+03  3.3857E+03
0000294   1.9664E+05  8.3737E+03  7.6785E+03
0000295   1.9090E+05  3.0111E+03 -1.2703E+04
0000296   1.8964E+05  3.4912E+01 -9.5952E+03
0000297   2.0275E+05  1.3810E+04  1.4896E+03
0000298   1.9405E+05 -7.2544E+01  2.7851E+03
0000299   1.8555E+05  3.5307E+04  2.9654E+04
0000300   2.0307E+05  2.2050E+03  9.2919E+03
0000301   1.8914E+05  8.9227E+03  5.1358E+03
0000302   1.9257E+05 -1.5397E+04 -2.6630E+03
0000303   1.9232E+05 -9.4562E+03 -3.5851E+03
0000304   1.9370E+05 -1.2770E+04 -1.4882E+03
0000305   1.9815E+05  3.7624E+03  8.8270E+03
0000306   1.9903E+05 -4.9333E+03  1.0115E+04
0000307   1.9842E+05  1.3795E+03  6.1159E+02
0000308   1.9260E+05  7.3263E+02 -3.6788E+03
0000309   1.8976E+05 -6.0329E+03 -2.4908E+03
0000310   1.9557E+05  8.1628E+03  8.9530E+03
0000311   1.9644E+05 -5.8541E+03 -2.4865E+03
0000312   1.9123E+05  5.1414E+02  1.4174E+03
0000313   1.9644E+05  4.9619E+03 -4.2460E+03
0000314   1.9499E+05 -7.6532E+03 -4.2684E+03
0000315   1.8684E+05 -2.6644E+03  7.4778E+03
0000316   1.9035E+05  6.5045E+02  2.2017E+03
0000317   1.8959E+05  6.7721E+02 -8.2036E+03
0000318   1.9620E+05  1.1935E+03 -6.0792E+03
0000319   1.9324E+05  2.6679E+03  1.0108E+04
0000320   1.9563E+05  3.5324E+02  8.2941E+03
0000321   1.9015E+05 -7.3002E+03  1.4927E+03
0000322   1.9358E+05 -1.2003E+03  1.3653E+04
0000323   1.9179E+05  1.0557E+04 -3.7442E+03
0000324   1.9393E+05 -2.2349E+04 -3.5962E+03
0000325   1.8390E+05  1.6368E+04 -1.1259E+04
0000326   1.9229E+05 -9.0031E+03  6.6526E+03
0000327   1.9255E+05  1.5647E+04  7.2461E+03
0000328   1.9893E+05 -2.4374E+03 -6.8356E+03
0000329   1.9576E+05 -5.7743E+03 -4.3044E+03
0000330   1.8974E+05 -7.0598E+03  7.2583E+03
0000331   1.8819E+05  1.1641E+04 -7.2109E+03
0000332   1.9823E+05  3.5434E+03  8.7581E+02
0000333   1.9382E+05  5.8405E+03 -1.6111E+04
0000334   1.9225E+05 -2.7036E+03  1.1333E+03
0000335   1.9196E+05  1.2679E+03  5.2067E+03
0000336   1.9465E+05 -9.1773E+02 -3.4119E+03
0000337   1.9776E+05  4.1744E+03 -2.1266E+03
0000338   1.9246E+05 -3.9053E+03  4.0205E+03
0000339   1.5172E+05 -2.6615E+04 -9.4634E+04
0000340   1.8878E+05 -1.1713E+04  6.9237E+03
0000341   1.8543E+05  5.6730E+03 -2.7515E+03
0000342   1.9128E+05 -2.9593E+03  2.9169E+03
0000343   1.9485E+05  5.4707E+03  7.6586E+03
0000344   1.9087E+05 -1.2265E+03 -3.1163E+03
0000345   1.9274E+05  1.9691E+03  4.3858E+03
0000346   1.9079E+05 -1.7425E+03  4.7912E+03
0000347   1.9145E+05 -1.2079E+04  1.1002E+04
0000348   1.9292E+05  2.2767E+03  4.5454E+03
0000349   1.9617E+05 -2.2156E+02  1.5341E+04
0000350   1.9223E+05 -2.8361E+03 -1.0808E+03
0000351   1.9346E+05 -6.9058E+03  4.7748E+03
0000352   1.8980E+05 -5.9932E+03  9.8885E+03
0000353   1.9039E+05  1.2949E+00  1.0943E+04
0000354   1.9267E+05 -1.1214E+03  5.2363E+03
0000355   1.8847E+05  1.9419E+03  4.2812E+02
0000356   1.8638E+05  1.0693E+03  9.1557E+03
0000357   1.6878E+05 -3.5296E+04 -4.0057E+02
0000358   1.9145E+05 -1.1614E+04  8.8045E+03
0000359   1.9177E+05  9.5498E+03  1.0192E+04
0000360   1.9423E+05  1.3350E+04 -6.6769E+03
0000361   1.8731E+05  1.0840E+04  1.2496E+04
0000362   1.9354E+05  8.8732E+02 -1.1566E+04
0000363   1.9471E+05  3.1471E+03  8.8851E+03
0000364   1.9624E+05 -4.6336E+03  8.2794E+02
0000365   1.9148E+05 -6.8486E+03  5.0996E+03
0000366   1.9612E+05 -1.5342E+03 -5.9985E+03
0000367   1.9407E+05  8.7295E+03 -1.0951E+04
0000368   1.8971E+05  1.1720E+03 -2.4247E+03
0000369   1.9625E+05 -7.2291E+03 -4.0824E+03
0000370   1.9437E+05  1.7243E+03  4.6169E+03
0000371   1.9123E+05 -1.9854E+03 -2.3964E+03
0000372   1.9063E+05  4.7495E+03  2.9409E+03
0000373   1.8996E+05  3.1699E+03 -1.4778E+03
0000374   1.9425E+05 -8.8332E+03 -1.2458E+04
0000375   1.9432E+05  4.6883E+03  8.3804E+02
0000376   1.9185E+05 -1.2825E+03 -5.4654E+03
0000377   1.9444E+05  7.2543E+03 -1.4177E+04
0000378   1.9777E+05 -9.6130E+01  7.8246E+03
0000379   1.9120E+05  9.1701E+03 -7.1270E+03
0000380   1.9970E+05 -4.1469E+02  1.4347E+04
0000381   1.9328E+05  2.7177E+03  6.9687E+03
0000382   1.9349E+05  9.1188E+03 -1.5188E+03
0000383   1.8876E+05  9.2869E+03 -7.0407E+03
0000384   1.9227E+05  6.8235E+03 -7.4333E+03
0000385   1.9187E+05  2.0397E+03  9.6719E+03
0000386   1.9299E+05  3.9418E+03 -2.7999E+03
0000387   1.8861E+05 -8.1836E+03  1.1259E+04
0000388   1.7388E+05  6.9549E+04 -4.4868E+04
0000389   1.9016E+05  1.6775E+04  3.5420E+04
0000390   1.9375E+05  6.8706E+03  3.5894E+03
0000391   1.9550E+05 -2.8614E+03  1.6667E+03
0000392   1.8729E+05 -2.3134E+04  1.0529E+04
0000393   1.8986E+05 -5.3228E+03 -4.3610E+03
0000394   1.9183E+05  4.4125E+02  1.4890E+04
0000395   1.9195E+05 -4.7088E+03 -1.1709E+04
0000396   1.8456E+05 -4.7707E+03 -7.5105E+03
0000397   1.8897E+05  3.7597E+03 -1.9042E+04
0000398   1.9459E+05 -2.2533E+03 -4.2272E+03
0000399   1.9549E+05  1.2558E+04 -3.1552E+03
0000400   1.9468E+05 -1.0726E+04  5.8402E+03
0000401   1.8441E+05 -1.5657E+04 -2.4839E+04
0000402   1.9313E+05 -7.9443E+03  2.3966E+03
0000403   1.9260E+05 -2.0797E+04  2.1516E+03
0000404   1.9109E+05 -1.0450E+04  5.9453E+01
0000405   1.8998E+05 -2.8793E+04 -1.0432E+04
0000406   1.9151E+05  6.1172E+03 -4.5073E+02
0000407   2.0332E+05 -5.2845E+02  8.5709E+03
0000408   1.8888E+05  4.6354E+03 -2.7504E+03
0000409   1.9969E+05  3.0248E+03 -8.1540E+03
0000410   1.7974E+05  2.7357E+04  2.1968E+04
0000411   1.9389E+05 -8.1166E+03 -1.9192E+03
0000412   1.9107E+05 -1.0323E+04 -2.2281E+03
0000413   1.9611E+05  2.8838E+03 -4.3041E+03
0000414   1.9597E+05  1.6425E+04  4.0216E+03
0000415   1.9212E+05  8.9573E+02 -1.1157E+04
0000416   1.9739E+05 -6.9158E+03  8.2416E+03
0000417   1.9491E+05 -4.6820E+02  1.3016E+04
0000418   1.9816E+05  6.3204E+02  2.8401E+03
0000419   1.8993E+05  4.3565E+03 -1.4188E+03
0000420   1.9951E+05  5.5144E+03 -1.9327E+03
0000421   1.9300E+05  1.0686E+04  1.4668E+04
0000422   1.8651E+05 -9.7791E+03 -4.3040E+03
0000423   1.9151E+05 -1.0886E+04  2.6247E+01
0000424   1.9436E+05 -1.2431E+04 -2.3442E+03
0000425   1.9009E+05  1.5724E+03  3.7583E+03
0000426   1.9817E+05  7.5212E+03 -1.9720E+03
0000427   1.9460E+05 -9.4765E+03 -2.1800E+02
0000428   1.9672E+05 -2.7559E+03 -1.4763E+03
0000429   1.9702E+05  3.0269E+03 -1.2215E+04
0000430   1.8823E+05 -2.2242E+03  2.9309E+03
0000431   1.9118E+05 -2.2990E+03 -2.3047E+03
0000432   1.9033E+05  1.0022E+03 -4.8703E+03
0000433   1.8631E+05 -1.2560E+04  5.8261E+02
0000434   1.9453E+05  5.0487E+03  3.7092E+03
0000435   1.8442E+05  1.8505E+03  1.2087E+04
0000436   1.8786E+05  2.3185E+04  1.8731E+04
0000437   1.9326E+05  1.3123E+04  1.9963E+03
0000438   1.9215E+05 -8.0818E+02  1.5471E+03
0000439   1.9987E+05 -1.7908E+03  8.3794E+02
0000440   1.8465E+05  4.5671E+03  6.6555E+02
0000441   1.9341E+05 -2.3969E+03  1.0862E+04
0000442   1.8622E+05 -7.7008E+03 -1.7796E+04
0000443   1.8984E+05 -1.6828E+04  2.5141E+03
0000444   1.8788E+05 -4.1968E+03 -5.9160E+03
0000445   1.8715E+05  3.4469E+03  1.0396E+04
0000446   1.9710E+05 -7.2158E+03  5.3986E+03
0000447   1.8786E+05  1.3728E+03 -6.3727E+03
0000448   1.9378E+05 -1.5066E+03 -4.4746E+03
0000449   1.9100E+05  6.9527E+03  1.6519E+03
0000450   1.9303E+05  6.8035E+03  3.9778E+03
0000451   1.9462E+05 -5.3309E+03 -5.3621E+03
0000452   1.8754E+05 -6.3470E+03 -9.3799E+03
0000453   1.8843E+05 -2.9996E+03  3.1237E+03
0000454   1.9630E+05 -2.4506E+03 -4.8486E+03
0000455   1.8791E+05  4.7384E+03  7.3407E+03
0000456   1.9471E+05  2.9075E+02  8.1194E+02
0000457   1.8674E+05  1.0040E+03  9.5777E+03
0000458   1.9518E+05  8.1929E+03  9.4885E+03
0000459   1.9124E+05  4.9004E+02  1.5949E+04
0000460   1.9484E+05  4.9719E+03 -3.3348E+03
0000461   1.8945E+05 -2.2071E+03  4.0567E+03
0000462   1.8160E+05 -4.3981E+03 -4.4558E+03
0000463   1.9168E+05 -6.5129E+03  6.4128E+03
0000464   1.8922E+05  3.4977E+03  9.3678E+03
0000465   1.9074E+05 -2.6822E+03 -1.3540E+04
0000466   1.9580E+05  8.3071E+03 -1.6586E+03
0000467   1.9543E+05 -1.0869E+04  5.2591E+03
0000468   1.9469E+05 -6.2396E+02 -4.4286E+03
0000469   1.9196E+05 -4.5629E+03 -3.3953E+03
0000470   1.9226E+05 -1.8172E+03 -4.2556E+03
0000471   1.9496E+05  4.7090E+02 -3.5959E+03
0000472   1.9441E+05  3.0374E+03 -8.9904E+03
0000473   2.0104E+05  2.1434E+03  3.1913E+03
0000474   1.8796E+05  8.1173E+03 -8.6060E+02
0000475   1.9127E+05  7.4665E+03 -8.9444E+03
0000476   1.9803E+05 -3.1684E+03  1.3410E+04
0000477   1.9545E+05 -6.7452E+03  5.7892E+03
0000478   1.8979E+05  2.2563E+03 -1.3384E+04
0000479   1.9020E+05 -9.1260E+03 -2.1978E+03
0000480   1.8953E+05 -2.5626E+03  3.3928E+03
0000481   1.9178E+05 -1.0068E+04  1.6726E+03
0000482   1.8636E+05 -1.1320E+03 -2.6333E+03
0000483   1.9467E+05 -2.3644E+03  6.5296E+03
0000484   1.8576E+05 -2.6032E+03 -5.9261E+03
0000485   1.9132E+05 -9.6799E+03  7.9662E+03
0000486   1.9338E+05  4.8267E+03 -4.9071E+02
0000487   1.9453E+05  3.9459E+03 -5.7524E+03
0000488   1.9226E+05  9.3469E+03  6.9187E+03
0000489   1.9212E+05  1.0093E+04  2.8006E+03
0000490   1.9374E+05  1.1024E+04 -5.9104E+02
0000491   1.9822E+05 -1.2280E+04 -1.0782E+04
0000492   1.8782E+05 -5.3877E+03  5.6939E+03
0000493   1.8870E+05  1.4245E+02 -1.4383E+04
0000494   1.9339E+05  3.9034E+03  5.2597E+03
0000495   1.8768E+05 -1.0020E+04 -2.3278E+04
0000496   1.9524E+05 -7.7933E+03 -2.2619E+03
0000497   1.9291E+05 -5.1041E+03 -2.7331E+03
0000498   1.9065E+05 -1.1783E+04 -3.5275E+03
0000499   2.0151E+05  5.8676E+02 -3.1337E+03
0000500   1.9563E+05 -9.0270E+03 -4.9147E+03
0000501   1.9436E+05 -1.4317E+04  4.4150E+03
0000502   1.9784E+05  1.1604E+03  5.2071E+03
0000503   1.9681E+05 -4.4674E+03 -1.6465E+03
0000504   1.8636E+05  3.0450E+04 -1.8065E+04
0000505   1.9187E+05  1.0464E+04  1.4893E+04
0000506   1.8897E+05 -2.9456E+04 -2.7975E+03
0000507   1.8687E+05 -2.1143E+03  1.5644E+03
0000508   1.9116E+05  2.9788E+03  7.8557E+03
0000509   1.8796E+05  6.5722E+03  1.2103E+04
0000510   1.9318E+05  2.0657E+04 -2.6305E+04
0000511   1.9120E+05  6.8305E+02 -9.3815E+03
0000512   1.9641E+05  5.5380E+03  6.9892E+03
0000513   1.9141E+05  1.5881E+04  2.1239E+04
0000514   1.8918E+05 -2.7806E+03  2.2707E+03
0000515   1.9689E+05 -1.0033E+03 -6.7495E+03
0000516   1.8328E+05 -1.9257E+04  3.5122E+03
0000517   1.8906E+05 -1.5838E+04 -3.0600E+03
0000518   1.8128E+05 -9.4802E+03 -1.3242E+04
0000519   1.9628E+05 -9.6326E+03 -1.4436E+04
0000520   1.8811E+05  4.2638E+03 -7.6063E+03
0000521   1.9556E+05  5.1173E+03 -9.5938E+03
0000522   1.9138E+05  1.3694E+03 -1.0158E+04
0000523   1.9348E+05  1.8375E+04 -4.9896E+03
0000524   2.0181E+05 -8.7767E+03 -2.5578E+03
0000525   1.9665E+05 -9.4111E+02  3.7050E+03
0000526   2.0016E+05 -7.7176E+03 -7.9372E+03
0000527   1.9033E+05 -1.0525E+04 -1.1111E+04
0000528   1.9553E+05 -8.1220E+02  2.6745E+03
0000529   1.9158E+05  2.2937E+03  8.7628E+03
0000530   1.9246E+05 -7.1198E+03  2.1460E+04
0000531   1.8885E+05 -7.1262E+03  3.6569E+03
0000532   1.8966E+05 -3.4088E+03 -4.1048E+03
0000533   1.7221E+05 -3.0933E+04  6.7051E+04
0000534   1.9396E+05 -1.3821E+04  8.1536E+03
0000535   1.8923E+05  8.2895E+03  9.6102E+03
0000536   1.9265E+05  4.8332E+03  8.7614E+03
0000537   1.9130E+05  2.1057E+03  6.1414E+03
0000538   1.9657E+05 -2.1947E+03  6.7969E+03
0000539   1.8995E+05 -5.5942E+03  7.9449E+03
0000540   1.9282E+05  1.2348E+03 -4.4623E+03
0000541   1.9276E+05 -3.4963E+02 -1.1928E+04
0000542   1.8764E+05 -1.3805E+04  3.7668E+03
0000543   1.9462E+05  1.1138E+03 -6.9289E+02
0000544   1.9198E+05 -2.6998E+04  9.5373E+03
0000545   1.8837E+05  6.7000E+03  1.3046E+04
0000546   1.8552E+05 -2.0343E+04  2.0637E+03
0000547   1.7157E+05 -6.3627E+03 -8.5185E+04
0000548   1.9233E+05 -7.2500E+03  2.3299E+03
0000549   1.9067E+05  9.1485E+03  7.0481E+03
0000550   1.9337E+05  2.1623E+03 -7.3026E+03
0000551   1.8944E+05 -1.7681E+03 -3.0766E+03
0000552   1.9256E+05 -2.2090E+03 -8.1073E+03
0000553   1.9325E+05  4.8095E+03  5.0878E+03
0000554   1.9098E+05 -9.7373E+03  1.1727E+04
0000555   2.0120E+05 -3.9406E+03  3.3232E+03
0000556   1.9630E+05  3.3889E+03  3.9580E+03
0000557   1.9221E+05  4.6973E+03 -1.3592E+04
0000558   1.8973E+05  6.8446E+03  1.5666E+03
0000559   1.8914E+05 -8.3751E+03 -6.0364E+03
0000560   1.9513E+05 -8.6321E+03 -7.9759E+03
0000561   1.9267E+05 -1.7397E+04 -5.8149E+03
0000562   1.9701E+05 -6.0241E+02  3.2671E+03
0000563   1.8373E+05 -3.2689E+02 -2.3009E+04
0000564   1.9348E+05  2.0825E+03  3.2470E+03
0000565   1.9459E+05  5.3628E+02 -4.4897E+03
0000566   1.9352E+05 -1.1131E+04 -5.5932E+03
0000567   1.9097E+05 -1.0782E+04  5.8327E+03
0000568   1.9189E+05 -7.4709E+02  1.1977E+04
0000569   1.9267E+05 -1.5067E+03 -6.9149E+03
0000570   1.8891E+05 -4.8475E+03  2.7869E+03
0000571   1.9049E+05 -8.9333E+02 -3.1649E+03
0000572   1.8598E+05 -8.6964E+03  1.8894E+03
0000573   1.9530E+05  1.2921E+04 -1.6000E+03
0000574   1.9414E+05 -4.2578E+03 -5.0129E+02
0000575   1.9472E+05  3.1332E+03  1.9550E+03
0000576   1.8953E+05  8.9473E+03 -7.7799E+03
0000577   1.6837E+05  6.4225E+04  8.2607E+02
0000578   1.9831E+05  5.7127E+03 -5.0619E+03
0000579   1.9589E+05 -6.8954E+03 -3.0139E+03
0000580   1.9127E+05  8.3660E+03 -5.5009E+03
0000581   1.8694E+05 -8.2992E+03  4.1274E+02
0000582   2.0057E+05  2.4748E+03  6.6577E+03
0000583   1.9227E+05  4.2492E+03  6.0600E+03
0000584   1.9058E+05  7.6374E+03  5.3982E+03
0000585   1.9646E+05  4.9122E+03  5.9120E+02
0000586   1.8673E+05  8.7763E+03 -4.5651E+03
0000587   1.8825E+05  2.4804E+04 -1.3482E+04
0000588   1.9481E+05  6.8052E+03 -1.2089E+04
0000589   1.9570E+05 -4.9556E+03 -2.5068E+03
0000590   1.9469E+05  5.5820E+03  2.6497E+03
0000591   1.9140E+05 -2.2175E+04 -1.6578E+03
0000592   1.9434E+05 -1.6035E+04 -6.7348E+03
0000593   1.8925E+05 -1.9834E+04 -1.9246E+04
0000594   1.8657E+05 -1.2817E+03  2.3640E+04
0000595   1.8910E+05  2.8085E+02  1.8835E+04
0000596   1.8850E+05 -2.2227E+03  6.3322E+03
0000597   1.9663E+05  6.1208E+03  1.7019E+03
0000598   1.9322E+05  2.5332E+03 -1.5621E+04
0000599   1.9257E+05 -7.9358E+03  2.0532E+04
0000600   1.8471E+05 -1.3042E+03 -7.4664E+03
0000601   1.9187E+05  2.4762E+03  4.9457E+03
0000602   1.9328E+05  1.0553E+04  3.2804E+03
0000603   1.9967E+05 -3.7834E+03  1.5532E+03
0000604   1.9018E+05 -1.0257E+03  1.0767E+04
0000605   1.9462E+05 -4.6007E+03 -2.2364E+04
0000606   1.9434E+05  4.5257E+03 -2.0765E+03
0000607   1.9599E+05  4.3071E+03 -1.0024E+04
0000608   1.9329E+05  9.8364E+03  7.4366E+03
0000609   1.9037E+05  1.3973E+03 -1.0536E+04
0000610   1.9276E+05 -9.4699E+03  1.7574E+04
0000611   1.9084E+05 -6.2807E+03 -4.0540E+02
0000612   1.9237E+05 -2.7351E+03 -1.1985E+04
0000613   1.9224E+05 -3.8602E+02  2.0271E+03
0000614   1.9368E+05 -7.9327E+03  3.7138E+02
0000615   1.9460E+05 -2.1148E+03  5.8727E+03
0000616   1.9118E+05  4.1494E+03 -5.2980E+02
0000617   1.9605E+05  5.6674E+03  8.3190E+03
0000618   1.8755E+05 -2.0491E+03 -7.1804E+03
0000619   1.9046E+05 -7.9946E+01 -6.4067E+03
0000620   1.8943E+05  3.5828E+03  6.6819E+03
0000621   1.9737E+05 -2.2189E+03  4.8779E+03
0000622   1.9887E+05 -9.9528E+03  1.6669E+04
0000623   1.9526E+05  1.3400E+03  5.9596E+03
0000624   1.9966E+05  3.8520E+03  1.7653E+03
0000625   1.8988E+05 -9.9937E+02  1.4145E+03
0000626   1.9096E+05  8.4356E+03 -6.7285E+03
0000627   1.9528E+05 -8.4165E+03  1.1497E+04
0000628   1.9618E+05 -9.4992E+03  5.4563E+02
0000629   1.8923E+05 -8.5724E+03 -2.1250E+04
0000630   1.9267E+05  6.9308E+03 -1.2104E+04
0000631   1.9019E+05  1.9120E+03  3.5734E+03
0000632   1.9236E+05  5.0369E+03  3.9548E+03
0000633   1.9166E+05  2.8646E+03  3.1969E+02
0000634   1.9118E+05 -4.2482E+03  7.4111E+03
0000635   1.9376E+05 -6.4354E+03 -1.2029E+04
0000636   1.9575E+05  1.0474E+04  3.4161E+03
0000637   1.9548E+05  7.2529E+03  2.7424E+02
0000638   1.8712E+05  6.4133E+03  8.8139E+03
0000639   1.8926E+05  4.8007E+03  8.8872E+02
0000640   1.9823E+05 -1.4737E+03 -1.0235E+04
0000641   2.0151E+05  1.2761E+03 -3.7197E+03
0000642   2.0152E+05 -1.6478E+03 -1.2777E+04
0000643   1.9134E+05 -5.7676E+03 -1.3769E+04
0000644   1.9401E+05 -5.0981E+02 -9.7867E+03
0000645   1.8914E+05  2.0540E+04  2.9356E+03
0000646   1.9542E+05 -3.2603E+03  5.2720E+03
0000647   1.9101E+05  6.5244E+03 -2.7833E+03
0000648   1.9474E+05 -3.2218E+03 -2.5452E+01
0000649   1.8544E+05 -7.4469E+03  1.1055E+04
0000650   1.9122E+05 -1.0555E+04  1.7075E+04
0000651   1.9469E+05  2.5499E+03  6.6372E+03
0000652   1.9629E+05 -5.4069E+03  1.1774E+04
0000653   1.8932E+05  6.3541E+03 -3.3091E+03
0000654   1.8982E+05 -1.2142E+04  7.5635E+02
0000655   1.9164E+05 -4.7891E+03 -6.6138E+03
0000656   1.8727E+05  5.6472E+03  4.5357E+03
0000657   1.8783E+05 -3.6828E+02  3.7941E+03
0000658   1.9423E+05 -6.8312E+03  1.5623E+03
0000659   1.9481E+05  6.2872E+03 -1.4947E+02
0000660   1.9413E+05 -7.1723E+03 -1.8972E+04
0000661   1.9289E+05 -1.1994E+03 -2.2578E+03
0000662   1.9248E+05 -3.4191E+04 -4.3382E+03
0000663   1.9525E+05  4.5307E+02  3.2566E+03
0000664   1.8689E+05 -4.4205E+03  1.8955E+04
0000665   1.9275E+05 -6.6445E+03 -6.4013E+03
0000666   1.8791E+05  1.5789E+04 -1.8865E+03
0000667   1.9621E+05  1.4715E+01  5.3736E+02
0000668   1.9747E+05 -4.6543E+03 -1.9818E+03
0000669   1.9414E+05  3.7835E+03 -3.0393E+03
0000670   1.8783E+05 -1.4251E+04  5.5667E+03
0000671   1.8782E+05 -2.5338E+04  3.3317E+04
0000672   1.8225E+05  2.2217E+04  1.8291E+04
0000673   1.9477E+05  5.1874E+03  6.9775E+03
0000674   1.9147E+05  7.2882E+03  1.2624E+04
0000675   1.9285E+05  7.8953E+03 -1.8925E+04
0000676   1.9667E+05  1.1400E+03  1.1927E+04
0000677   1.9811E+05 -5.0965E+03 -4.4009E+03
0000678   1.8580E+05  1.1556E+04 -5.1921E+03
0000679   1.9514E+05  2.9941E+03  1.2397E+04
0000680   1.9410E+05  2.7977E+03  1.0414E+04
0000681   1.9297E+05  3.8298E+03  5.0084E+03
0000682   1.9553E+05 -3.0335E+03  1.5529E+03
0000683   1.9181E+05  2.4731E+03  2.3704E+03
0000684   1.9276E+05 -7.7138E+03 -3.5586E+03
0000685   1.9299E+05  8.4712E+03  2.6759E+03
0000686   1.9447E+05  8.3201E+03  1.0912E+04
0000687   1.9046E+05 -2.6760E+03 -9.9770E+03
0000688   1.9162E+05 -7.5211E+03 -9.2818E+02
0000689   1.9133E+05 -2.9093E+03  8.6267E+03
0000690   1.8592E+05  1.1696E+04 -1.0547E+04
0000691   1.9324E+05 -6.2249E+03 -3.8078E+03
0000692   1.9236E+05 -7.8987E+03 -9.4342E+02
0000693   1.9350E+05  5.9068E+03  1.1130E+04
0000694   1.9075E+05 -4.1993E+03  6.7068E+02
0000695   1.9157E+05 -8.9679E+03  4.0992E+03
0000696   1.9137E+05  3.4098E+03  2.0760E+03
0000697   1.8794E+05 -1.3813E+03 -2.5308E+02
0000698   1.9829E+05 -6.6326E+03 -4.8816E+03
0000699   1.8299E+05 -2.8595E+04  2.1189E+04
0000700   1.9235E+05 -1.7280E+03  4.6231E+02
0000701   1.9317E+05  1.5048E+03 -8.5137E+03
0000702   1.9819E+05  3.4536E+03  2.5950E+03
0000703   1.8840E+05  1.4040E+04 -2.0321E+03
0000704   1.9993E+05  8.5090E+03 -1.9743E+03
0000705   1.9452E+05  1.8806E+04  1.0789E+04
0000706   1.9616E+05 -1.8424E+04 -5.7135E+03
0000707   1.9468E+05 -3.0659E+03  1.9062E+02
0000708   2.0099E+05 -1.5589E+04 -1.0662E+04
0000709   1.9664E+05  3.2114E+03  7.9541E+03
0000710   1.8724E+05  3.4921E+03  2.6211E+03
0000711   1.9542E+05 -3.7079E+03  2.6183E+02
0000712   1.9106E+05  1.8850E+03  3.9904E+03
0000713   1.9493E+05  4.9876E+02 -1.7004E+04
0000714   1.9136E+05 -3.9959E+03  9.6976E+03
0000715   1.8200E+05 -8.9082E+03  2.5508E+03
0000716   1.8602E+05  1.5803E+04  8.5062E+03
0000717   1.8909E+05 -2.5887E+03  2.7530E+03
0000718   1.9550E+05  4.3390E+03  5.6680E+02
0000719   1.8531E+05 -1.0153E+04 -2.2720E+03
0000720   1.9714E+05  2.8878E+03  3.2442E+03
0000721   1.9766E+05  1.1336E+03  3.7228E+03
0000722   1.9630E+05  6.6728E+03  3.2203E+03
0000723   1.8770E+05 -5.2129E+03 -1.0914E+04
0000724   1.9090E+05 -8.5959E+03  2.2731E+03
0000725   1.9058E+05 -2.6429E+02 -2.4306E+03
0000726   1.6037E+05 -1.6987E+02  1.6296E+04
0000727   1.9833E+05  2.1683E+03 -5.2630E+03
0000728   1.8374E+05 -3.7525E+03 -5.6050E+03
0000729   1.8951E+05  4.3356E+02 -5.5892E+03
0000730   1.9850E+05 -9.5091E+03  8.9595E+03
0000731   1.8666E+05  7.5515E+03  5.5339E+03
0000732   1.8462E+05 -1.1368E+04 -1.0250E+04
0000733   1.8911E+05  8.0308E+03 -3.6685E+03
0000734   1.8962E+05  2.2723E+04 -1.3782E+04
0000735   1.9352E+05  1.1263E+04 -5.3265E+03
0000736   1.9318E+05 -2.0537E+03  3.6748E+03
0000737   1.9442E+05 -6.8929E+03  1.1910E+03
0000738   1.8610E+05  1.2572E+04 -2.0379E+04
0000739   1.9594E+05  6.6633E+03 -7.2371E+02
0000740   1.8705E+05  5.9973E+03 -1.5979E+04
0000741   1.9215E+05  1.1353E+04 -5.2151E+03
0000742   1.9599E+05  5.0675E+03 -3.9094E+03
0000743   1.8956E+05  8.5178E+03  1.3463E+04
0000744   1.9519E+05  8.6975E+03 -1.5988E+03
0000745   2.0003E+05 -5.6819E+03  3.2255E+03
0000746   1.8786E+05  5.1873E+03  6.6979E+03
0000747   1.9209E+05  3.0182E+03  5.2536E+03
0000748   1.9215E+05 -3.0258E+03  8.4869E+02
0000749   1.8974E+05  3.9583E+03 -7.9948E+03
0000750   1.9210E+05 -1.1978E+04  1.0953E+04
0000751   1.9318E+05  3.9151E+02  1.0796E+02
0000752   1.8512E+05 -2.6114E+04 -2.8232E+04
0000753   1.9078E+05  9.4782E+03 -9.2509E+03
0000754   1.9284E+05  4.4268E+03 -5.2139E+03
0000755   1.6190E+05  6.3039E+04 -3.4038E+04
0000756   1.9240E+05  1.0656E+04 -4.6789E+03
0000757   1.9404E+05 -6.7770E+03 -7.0406E+03
0000758   1.9104E+05  2.0712E+04 -1.3075E+04
0000759   1.8843E+05 -7.0879E+03 -3.0976E+03
0000760   1.8957E+05  4.0189E+03  1.4415E+03
0000761   1.9097E+05 -2.8251E+03  8.7073E+03
0000762   1.9428E+05 -3.2054E+03 -5.6029E+03
0000763   1.9404E+05 -1.8579E+03  1.5631E+04
0000764   1.8655E+05  9.8679E+03 -1.8128E+04
0000765   1.8911E+05 -7.8046E+02 -2.2448E+03
0000766   1.9288E+05  9.9468E+03 -7.8449E+03
0000767   1.8756E+05  3.6338E+03 -9.8076E+03
0000768   1.9794E+05  4.4404E+03 -1.6072E+04
0000769   1.9087E+05 -2.4289E+03 -4.5242E+03
0000770   1.9614E+05 -7.8563E+02  5.5101E+03
0000771   1.9071E+05  7.8270E+03  1.5901E+04
0000772   1.8380E+05 -2.7717E+03 -6.4248E+03
0000773   1.9131E+05  1.6553E+03  3.3010E+03
0000774   1.9335E+05  9.6407E+02 -1.3232E+04
0000775   1.9361E+05 -1.5197E+04  1.0003E+04
0000776   1.9128E+05 -2.8049E+03 -1.4689E+04
0000777   1.9245E+05  2.6187E+03  9.0385E+02
0000778   1.9357E+05  1.0628E+04  1.8796E+03
0000779   1.9017E+05 -2.3362E+03  6.9605E+03
0000780   1.9451E+05  5.7148E+03 -3.1792E+03
0000781   1.9384E+05 -7.8461E+03  8.9324E+03
0000782   1.8809E+05 -4.0629E+03 -1.8977E+04
0000783   1.9245E+05  3.7783E+02  4.1297E+03
0000784   1.8801E+05  3.2347E+03  8.0960E+03
0000785   1.9392E+05  4.4824E+03  1.3846E+04
0000786   1.8971E+05 -7.3338E+03 -3.7261E+03
0000787   1.8805E+05  4.0245E+03 -3.1426E+03
0000788   1.9142E+05 -4.0654E+03 -9.5118E+03
0000789   1.9205E+05 -1.0624E+04 -6.0172E+03
0000790   1.8874E+05 -1.1004E+04  1.4306E+04
0000791   1.9136E+05 -4.1550E+03  7.8862E+03
0000792   1.9787E+05 -1.1275E+04 -1.2552E+04
0000793   1.9262E+05 -1.0649E+03 -7.2503E+03
0000794   1.9143E+05 -2.5687E+04  8.5018E+03
0000795   1.9496E+05  9.6876E+03 -1.2306E+04
0000796   1.9005E+05  4.0192E+03 -1.7101E+02
0000797   1.9329E+05  1.3922E+04 -9.0302E+03
0000798   2.0052E+05  5.0977E+03  3.2557E+02
0000799   1.8669E+05 -8.3161E+03 -1.0223E+04
0000800   1.9258E+05 -3.4609E+03 -5.4113E+02
0000801   1.9619E+05 -5.1357E+03 -6.9988E+03
0000802   1.9416E+05 -2.1932E+03  5.1763E+03
0000803   1.9677E+05 -1.1559E+04 -7.3226E+02
0000804   1.9686E+05 -3.7095E+02 -3.6106E+03
0000805   1.9663E+05  9.9003E+03 -1.5288E+03
0000806   1.8788E+05  7.0495E+03  3.0032E+03
0000807   1.9348E+05  3.9686E+03  1.5436E+04
0000808   1.9669E+05  5.1351E+03 -4.1280E+03
0000809   1.9351E+05 -1.4555E+03  4.9735E+03
0000810   1.8996E+05 -2.1242E+03  7.9944E+02
0000811   1.9843E+05 -6.4636E+03  2.1709E+02
0000812   1.9661E+05  4.4274E+03 -1.3333E+04
0000813   1.9557E+05 -1.1408E+04 -5.1331E+03
0000814   1.9115E+05  6.9715E+03 -2.2153E+04
0000815   1.8901E+05 -5.5895E+02  2.1482E+03
0000816   2.0037E+05 -9.7226E+02  4.1480E+03
0000817   1.8824E+05  1.3796E+04  1.1489E+04
0000818   1.8893E+05 -1.3317E+04  8.3824E+03
0000819   1.9623E+05  4.8357E+03 -7.7382E+03
0000820   1.9140E+05  7.4404E+02  8.7910E+03
0000821   1.9387E+05  5.3094E+02  3.3262E+03
0000822   1.9170E+05  4.3510E+03  2.5440E+03
0000823   1.9090E+05  4.7203E+02 -7.9681E+03
0000824   1.9494E+05  3.0006E+03 -5.2621E+03
0000825   1.8969E+05 -4.7852E+03  1.4012E+04
0000826   1.9410E+05  9.9674E+03 -7.0436E+03
0000827   1.9513E+05  1.8745E+03 -1.8233E+04
0000828   1.9541E+05 -3.0244E+03 -1.0979E+03
0000829   1.9341E+05 -8.6293E+02  7.6363E+03
0000830   1.7412E+05  5.5998E+04  3.3128E+03
0000831   1.9035E+05  9.5167E+03 -1.1111E+03
0000832   1.9959E+05 -6.2897E+03  9.5804E+02
0000833   1.9910E+05 -5.7664E+03 -5.4726E+02
0000834   1.8637E+05 -1.4411E+04 -1.2231E+04
0000835   1.8647E+05  3.7005E+03  5.6802E+03
0000836   1.9018E+05 -3.2122E+03  3.9894E+03
0000837   1.9196E+05  6.8509E+03  6.4014E+03
0000838   1.9125E+05  7.5437E+03 -5.9437E+02
0000839   1.9165E+05  4.4876E+03  5.1230E+03
0000840   1.9136E+05 -3.2447E+02  5.6137E+03
0000841   1.8737E+05 -1.6257E+04  1.4390E+04
0000842   1.9702E+05  7.5139E+02 -4.8984E+03
0000843   1.9219E+05  6.8190E+03 -1.7720E+04
0000844   1.9309E+05  7.5448E+03  7.4725E+03
0000845   1.9472E+05  1.4622E+04  5.5534E+03
0000846   1.8742E+05 -1.1277E+04  7.0063E+02
0000847   1.9344E+05 -6.2705E+03  3.9902E+03
0000848   1.9075E+05 -2.8920E+03  3.4369E+03
0000849   1.3778E+05  8.8700E+04 -8.2963E+04
0000850   1.9379E+05  3.8609E+03 -5.3737E+03
0000851   1.9400E+05  3.3105E+03 -4.1926E+03
0000852   1.9209E+05  3.0835E+03  4.0324E+03
0000853   1.9838E+05  5.6606E+02 -2.4496E+03
0000854   1.9977E+05 -5.0862E+02  1.0381E+04
0000855   1.9630E+05  5.4472E+03  8.0046E+03
0000856   1.9112E+05  5.3334E+03 -1.2317E+03
0000857   1.8745E+05 -2.1564E+04 -2.4097E+03
0000858   1.9455E+05 -1.0876E+04 -5.0852E+02
0000859   1.9076E+05  6.3981E+03  5.8190E+03
0000860   1.8948E+05 -5.1356E+03 -5.9762E+03
0000861   1.9023E+05 -5.9864E+02 -9.2412E+03
0000862   1.9223E+05  5.3894E+03  6.4882E+03
0000863   1.9104E+05 -4.0997E+03  3.1848E+03
0000864   1.9230E+05  1.5741E+04  1.8225E+02
0000865   1.8695E+05 -5.6058E+03  3.8906E+03
0000866   1.8964E+05  6.3577E+03  3.7673E+03
0000867   1.9558E+05  1.0261E+03  6.7784E+03
0000868   1.9342E+05 -5.8627E+02 -1.1472E+04
0000869   1.9413E+05  1.0323E+04 -7.6251E+03
0000870   1.9942E+05  6.7484E+03  1.6216E+04
0000871   1.9026E+05  2.5810E+03 -2.8904E+03
0000872   1.9731E+05  5.3366E+03 -1.4300E+04
0000873   1.9665E+05 -6.1539E+03 -1.3982E+04
0000874   1.9819E+05  1.1322E+04  1.2200E+03
0000875   1.9351E+05 -6.7862E+03 -7.4744E+03
0000876   1.8377E+05  6.2840E+02  1.3617E+04
0000877   1.9972E+05 -2.4972E+03  4.0025E+03
0000878   1.9671E+05  5.3495E+03 -7.1320E+03
0000879   1.9205E+05  1.1772E+04 -4.8367E+03
0000880   1.8784E+05  2.0218E+03  2.4225E+04
0000881   1.9417E+05 -5.7956E+02 -1.1539E+04
0000882   1.8780E+05  9.2386E+03 -8.6157E+03
0000883   2.0049E+05 -3.8154E+03 -4.3289E+03
0000884   1.9516E+05  4.1860E+03 -2.0295E+03
0000885   1.9735E+05 -5.3606E+03  2.2728E+03
0000886   1.8975E+05  5.6992E+03  1.9392E+04
0000887   1.9714E+05 -7.9236E+03  1.7645E+04
0000888   1.9005E+05 -5.8777E+02  4.6562E+02
0000889   1.9293E+05  2.5581E+03  1.1260E+04
0000890   1.9207E+05 -1.3128E+03  3.4683E+03
0000891   1.9078E+05  6.0594E+03 -6.9150E+03
0000892   1.9939E+05  4.3864E+03  2.7452E+03
0000893   1.9089E+05  2.3642E+03  1.1369E+03
0000894   1.9682E+05  6.4054E+02  1.6131E+03
0000895   1.9280E+05 -7.6418E+02 -1.1886E+04
0000896   1.8909E+05  8.8633E+03 -1.5859E+04
0000897   1.9931E+05 -3.4397E+03 -1.6576E+04
0000898   1.9707E+05 -1.3143E+03 -4.1273E+03
0000899   1.9711E+05 -2.7132E+03  2.4742E+02
0000900   1.9143E+05  3.5044E+03  1.3071E+03
0000901   1.8807E+05 -3.0357E+03 -8.2198E+02
0000902   2.0178E+05  1.1148E+04 -8.4652E+03
0000903   1.9498E+05  1.2772E+03 -1.6884E+03
0000904   1.9520E+05  5.2418E+03 -4.8005E+03
0000905   1.9449E+05 -1.1724E+04  3.2662E+03
0000906   1.8987E+05 -4.4042E+03  8.8564E+03
0000907   1.9646E+05  8.5576E+03  1.9347E+04
0000908   1.9435E+05 -1.0243E+04 -6.4807E+03
0000909   1.9295E+05  7.5628E+03  6.1296E+03
0000910   1.9052E+05 -7.1440E+03  6.2230E+02
0000911   1.9164E+05 -4.7917E+03 -7.8789E+03
0000912   1.9123E+05 -4.0029E+03 -7.1030E+03
0000913   1.8769E+05  5.0424E+03 -4.3256E+03
0000914   1.9109E+05  3.8542E+03  3.1410E+02
0000915   1.8220E+05  1.1812E+04 -1.8477E+04
0000916   1.9272E+05 -8.8376E+03 -1.1131E+04
0000917   1.9142E+05 -8.2887E+03  3.7684E+03
0000918   1.9025E+05 -2.6008E+03  2.1313E+03
0000919   1.8749E+05 -7.6557E+03  1.0326E+04
0000920   1.9112E+05 -4.4161E+03  4.4521E+03
0000921   1.9015E+05  5.7578E+03 -4.7102E+03
0000922   1.8908E+05 -1.0439E+04  1.2022E+03
0000923   1.9694E+05  1.2723E+03 -3.1314E+03
0000924   1.9792E+05 -1.1859E+04 -5.0221E+03
0000925   1.9179E+05 -1.3621E+03 -1.3346E+04
0000926   1.8666E+05 -5.9235E+03  3.8889E+03
0000927   1.8457E+05  1.0656E+04  1.7689E+01
0000928   1.9752E+05  4.9322E+03 -8.8285E+03
0000929   1.9615E+05 -2.5522E+03  6.1482E+03
0000930   1.9849E+05 -2.7609E+02 -5.0439E+03
0000931   1.9206E+05 -6.3336E+03 -2.1949E+02
0000932   1.8901E+05 -5.2015E+03 -3.1971E+03
0000933   1.9650E+05 -8.6809E+03  1.3275E+04
0000934   1.9244E+05  3.5349E+03  1.7407E+03
0000935   1.9609E+05  9.3941E+03  5.2419E+03
0000936   1.9145E+05  4.2074E+03  1.3284E+04
0000937   1.9596E+05 -6.4032E+03  1.1722E+03
0000938   1.9331E+05  4.6252E+03 -7.4848E+03
0000939   2.0193E+05 -8.0951E+03  2.1258E+03
0000940   1.9444E+05 -1.1151E+04  1.1107E+04
0000941   1.9250E+05 -7.2618E+03  3.4813E+03
0000942   1.9542E+05  3.5930E+03  1.6442E+03
0000943   1.9579E+05 -5.1260E+03 -1.4113E+04
0000944   1.9673E+05 -7.6710E+03  1.7467E+03
0000945   1.9104E+05  1.4721E+03  4.7411E+03
0000946   1.8137E+05  2.2669E+03 -6.7607E+03
0000947   1.9243E+05  9.6191E+03 -2.2034E+04
0000948   1.9820E+05 -5.6863E+03 -8.3284E+03
0000949   1.8996E+05 -1.9044E+03 -2.2921E+03
0000950   1.9179E+05 -8.2404E+03  6.2229E+03
0000951   1.8038E+05  3.2305E+04  1.7761E+04
0000952   1.9948E+05 -2.4795E+03 -1.3631E+04
0000953   1.9306E+05  1.1981E+04 -2.5168E+02
0000954   1.8698E+05 -5.8985E+03  2.3168E+03
0000955   1.9584E+05 -2.0659E+03 -1.7141E+03
0000956   1.9655E+05  3.6005E+03  5.0180E+03
0000957   1.9304E+05  4.3852E+03  1.2483E+04
0000958   1.8898E+05 -8.1365E+03  9.9736E+02
0000959   1.9386E+05  7.1877E+03 -1.3203E+03
0000960   1.8894E+05 -3.6206E+03  3.8976E+03
0000961   1.9925E+05  6.0317E+03 -1.8726E+03
0000962   1.9227E+05  8.4324E+03 -1.6209E+03
0000963   1.9618E+05 -1.4803E+04  1.5485E+03
0000964   1.8474E+05 -3.5614E+04  4.1028E+03
0000965   1.9441E+05 -8.2117E+03  4.1903E+03
0000966   1.8867E+05  1.3992E+04 -7.0233E+03
0000967   1.9002E+05  5.7071E+03 -1.0226E+04
0000968   1.9772E+05  2.0562E+03 -1.1083E+04
0000969   1.9110E+05 -2.0453E+03  5.7744E+02
0000970   1.9431E+05  7.0713E+03 -6.5080E+03
0000971   1.9020E+05 -2.4497E+03  3.7002E+03
0000972   1.9011E+05 -8.5474E+03  9.6179E+03
0000973   1.9775E+05 -2.9509E+03 -4.2683E+03
0000974   1.9572E+05  8.7296E+03 -3.3510E+03
0000975   1.9011E+05 -9.5012E+03  1.7845E+03
0000976   1.9840E+05 -1.2294E+03  6.8066E+03
0000977   1.8847E+05 -7.5327E+02  8.0864E+03
0000978   1.9091E+05  5.8420E+03  5.1006E+03
0000979   1.9642E+05  5.2633E+03  1.1680E+03
0000980   1.9882E+05 -2.1101E+02 -5.7051E+03
0000981   1.8998E+05  3.5716E+03  1.3847E+04
0000982   1.9736E+05 -1.1757E+04 -5.9022E+03
0000983   1.8994E+05 -4.5457E+03 -3.1208E+03
0000984   1.9613E+05 -6.9596E+03 -9.4173E+03
0000985   1.9169E+05  4.6981E+03 -5.1725E+03
0000986   1.9772E+05  7.1711E+03 -9.6658E+03
0000987   1.9147E+05 -7.2095E+03  1.1599E+03
0000988   1.8474E+05 -6.3323E+03 -6.5154E+02
0000989   1.9498E+05  9.1228E+03 -5.4221E+03
0000990   1.9564E+05 -1.2194E+03 -4.4592E+03
0000991   1.9138E+05 -1.1392E+04 -4.7050E+03
0000992   1.9968E+05 -6.6902E+02  7.1191E+03
0000993   1.9741E+05 -1.0051E+04 -5.1043E+03
0000994   1.9037E+05 -1.5074E+03  2.6996E+03
0000995   1.9000E+05 -4.5709E+03 -2.5675E+03
0000996   1.9209E+05  2.0801E+04 -9.9343E+03
0000997   1.8854E+05 -1.3756E+04  4.8515E+03
0000998   1.9057E+05  2.3842E+03 -6.0314E+03
0000999   1.9427E+05  5.3070E+03 -2.1908E+03
0001000   1.9571E+05  1.6018E+03  5.9739E+03
