============================== SRIM-2013.00 ==============================
==============================================================================
====== SRIM Outputs\RANGE_3D.txt : File of Final Ion Positions =====

Ion =  H (01)   Ion Mass= 001.0080
Energy  = 4000000.E-03 keV
Ion Angle to Surface = 00.0 degrees
==================== TARGET =======================
  Layer # 1 - Si_Top    
  Layer # 1 - Bottom Depth=300000.E+01 A
  Layer # 1 - Density =0002.3210 g/cm3
  Layer # 1 -  100 % of Si
икикикикикикикикикикикикикикикикикикикикикикикикикикикикикикикикикикикикикикикикикикикикикикикикикикикик
  Layer # 2 - Si_Bottom 
  Layer # 2 - Bottom Depth=600000.E+01 A
  Layer # 2 - Density =0002.3210 g/cm3
  Layer # 2 -  100 % of Si
икикикикикикикикикикикикикикикикикикикикикикикикикикикикикикикикикикикикикикикикикикикикикикикикикикикик
                                            
Ion       Depth  X   Lateral Y   Lateral Z  
Number    (Angstrom) (Angstrom)  (Angstrom) 
-------  ----------- ----------- -----------
0000001   1.4907E+06 -5.0266E+04 -8.6213E+03
0000002   1.5407E+06 -3.6273E+04  1.7409E+04
0000003   1.5124E+06  5.6003E+04 -7.0581E+03
0000004   1.4883E+06 -4.0662E+04  2.1746E+04
0000005   1.4657E+06  4.0555E+04 -2.9315E+04
0000006   1.5086E+06 -5.4468E+04  7.5255E+04
0000007   1.4847E+06 -4.0303E+04  5.7095E+04
0000008   1.4688E+06 -3.0487E+04  2.9230E+04
0000009   1.5197E+06  2.2022E+04 -4.5983E+04
0000010   1.5193E+06  5.1268E+04  6.7553E+04
0000011   1.5017E+06 -2.0023E+04  2.5923E+03
0000012   1.4779E+06 -6.9006E+04 -2.0385E+04
0000013   1.5153E+06 -3.5982E+04  6.1775E+04
0000014   1.4968E+06  3.8142E+03 -5.4660E+04
0000015   1.5442E+06 -3.5277E+04 -2.4316E+04
0000016   1.5165E+06 -2.8479E+03  1.2826E+04
0000017   1.5070E+06 -2.6237E+04 -6.2587E+04
0000018   1.4402E+06  4.4582E+04 -7.1214E+04
0000019   1.4834E+06  3.2403E+04 -2.2682E+04
0000020   1.5217E+06  4.4458E+04  1.7643E+04
0000021   1.4612E+06 -4.4962E+04 -6.9785E+04
0000022   1.4653E+06 -7.8976E+04 -5.1141E+04
0000023   1.5212E+06  8.6331E+03  1.2322E+03
0000024   1.5153E+06  4.2381E+04 -6.0221E+04
0000025   1.4610E+06 -1.8091E+04 -1.6240E+05
0000026   1.5268E+06 -3.0631E+04 -7.0487E+04
0000027   1.5021E+06 -7.9848E+04 -7.8987E+03
0000028   1.4634E+06  1.6905E+04  1.0605E+05
0000029   1.4723E+06  1.3166E+05 -4.6641E+04
0000030   1.4625E+06 -1.2044E+05 -8.8641E+03
0000031   1.4767E+06  1.1371E+05 -9.5045E+04
0000032   1.5177E+06 -4.2149E+04 -3.9433E+04
0000033   1.5175E+06 -2.9478E+04 -7.4769E+03
0000034   1.5144E+06 -5.5820E+04  6.4010E+04
0000035   1.4669E+06  3.5433E+04 -1.2843E+04
0000036   1.5094E+06  3.8808E+04  9.5960E+04
0000037   1.4962E+06  5.5195E+04 -7.9524E+04
0000038   1.4822E+06  8.9001E+04  1.1387E+04
0000039   1.5353E+06  1.8039E+04  1.9747E+04
0000040   1.5399E+06  3.2253E+04  2.2042E+04
0000041   1.5106E+06  9.7580E+03 -5.6417E+04
0000042   1.5160E+06 -8.0714E+04  5.9671E+04
0000043   1.5271E+06 -8.6609E+03 -5.9139E+03
0000044   1.5012E+06 -6.7730E+04  2.2466E+04
0000045   1.5184E+06 -8.0730E+04 -3.9610E+03
0000046   1.5199E+06 -1.1836E+04 -2.1960E+04
0000047   1.4864E+06 -3.2510E+04 -1.2335E+05
0000048   1.5064E+06  9.1923E+04  3.1179E+04
0000049   1.5434E+06 -1.1200E+05 -1.4286E+04
0000050   1.5174E+06  5.0613E+04 -3.4138E+04
0000051   1.4929E+06  3.6560E+04 -5.9034E+04
0000052   1.5082E+06 -6.7868E+04  1.7829E+04
0000053   1.4884E+06  9.7028E+04  7.5317E+04
0000054   1.5024E+06 -3.5024E+04 -1.3729E+04
0000055   1.5323E+06 -5.8785E+03  5.0259E+04
0000056   1.3979E+06  1.2377E+05  1.8314E+05
0000057   1.4432E+06 -7.1567E+04 -4.4652E+03
0000058   1.4705E+06 -5.7375E+04  2.5003E+04
0000059   1.4905E+06  3.8100E+03 -6.4313E+03
0000060   1.5090E+06  6.7579E+04 -3.7704E+04
0000061   1.5009E+06  3.3550E+04  3.4067E+04
0000062   1.5525E+06  3.7629E+04 -2.4926E+04
0000063   1.4880E+06 -6.8879E+04 -6.4180E+03
0000064   1.4934E+06  1.4737E+02 -4.2445E+04
0000065   1.5088E+06  6.6435E+03 -1.2876E+05
0000066   1.5088E+06 -4.5776E+04  3.0327E+04
0000067   1.4817E+06 -1.0124E+05 -7.0645E+04
0000068   1.5000E+06  1.2650E+04 -1.3118E+05
0000069   1.4512E+06  6.6694E+03 -3.1423E+04
0000070   1.4973E+06 -3.4074E+03 -3.8720E+04
0000071   1.5130E+06 -1.1534E+04 -1.1145E+04
0000072   1.4890E+06  6.5121E+04  2.0370E+04
0000073   1.5593E+06 -4.1124E+03  5.1863E+04
0000074   1.5161E+06  7.4212E+04 -2.7331E+04
0000075   1.5110E+06 -3.1151E+03  1.4887E+04
0000076   1.5402E+06  9.6823E+04  4.4987E+04
0000077   1.4866E+06  6.1252E+04  8.7833E+04
0000078   1.4620E+06 -2.7909E+04 -1.3072E+05
0000079   1.5014E+06 -5.8683E+04  3.5765E+04
0000080   1.5084E+06  3.3495E+03 -6.1565E+04
0000081   1.4975E+06 -1.0630E+04  1.5954E+04
0000082   1.5076E+06 -8.6621E+03 -6.3990E+04
0000083   1.5087E+06 -2.8569E+04 -4.2098E+04
0000084   1.5082E+06 -1.3368E+04 -3.6476E+04
0000085   1.5425E+06  2.1891E+04 -8.2382E+04
0000086   1.5228E+06  2.5408E+04  2.8219E+04
0000087   1.5098E+06  1.2799E+04 -7.1442E+04
0000088   1.5075E+06 -7.8564E+03  5.4410E+04
0000089   1.5135E+06  6.0013E+03 -2.8095E+04
0000090   1.5292E+06 -4.9133E+04  5.0722E+04
0000091   1.5337E+06 -6.1741E+04  1.1671E+04
0000092   1.5060E+06  5.0397E+04 -1.3738E+04
0000093   1.4784E+06  2.5683E+04 -2.1934E+05
0000094   1.4873E+06 -1.8337E+04 -7.2500E+04
0000095   1.5330E+06  2.5350E+04 -5.3230E+02
0000096   1.5235E+06  1.3568E+04 -2.2665E+04
0000097   1.5104E+06 -3.3364E+04  3.7890E+04
0000098   1.4662E+06 -7.3349E+04  1.4295E+04
0000099   1.5216E+06  3.2562E+04  4.2449E+04
0000100   1.4708E+06  2.2652E+04 -2.3006E+04
0000101   1.4863E+06  2.2575E+04  2.0118E+04
0000102   1.4753E+06  6.9192E+04 -3.2210E+04
0000103   1.5267E+06  3.4785E+04  2.7266E+04
0000104   1.5335E+06 -1.6353E+04 -2.8880E+04
0000105   1.5230E+06 -3.2010E+04 -6.8723E+03
0000106   1.5024E+06  3.2296E+04  7.8516E+04
0000107   1.4990E+06  2.7020E+04 -9.9659E+03
0000108   1.5065E+06 -9.2112E+03  7.7316E+03
0000109   1.4823E+06  6.8999E+04 -1.5834E+05
0000110   1.4873E+06  1.0516E+04 -7.3111E+03
0000111   1.4719E+06 -4.0344E+04  7.3271E+03
0000112   1.5158E+06 -3.7217E+04 -6.6749E+03
0000113   1.5520E+06 -2.1877E+04  1.1918E+04
0000114   1.5103E+06  3.2308E+04 -2.1186E+04
0000115   1.4675E+06 -4.8937E+04 -2.8808E+04
0000116   1.5159E+06  3.1075E+04 -2.9411E+03
0000117   1.4773E+06 -3.6198E+04 -5.3682E+04
0000118   1.4720E+06  1.2266E+05 -3.9285E+04
0000119   1.5484E+06  2.6235E+04 -2.1103E+03
0000120   1.5061E+06 -2.8819E+04  2.7220E+04
0000121   1.4430E+06  1.6761E+04 -8.5778E+03
0000122   1.4746E+06  3.5948E+04 -2.2492E+04
0000123   1.5238E+06  1.7289E+04 -4.0280E+04
0000124   1.4936E+06 -1.2798E+05 -2.7505E+04
0000125   1.5549E+06  9.6971E+03 -2.2292E+03
0000126   1.5295E+06 -2.3636E+04 -1.2082E+04
0000127   1.5230E+06  5.5825E+03  3.3081E+04
0000128   1.4811E+06  3.0368E+04  1.0145E+05
0000129   1.5042E+06  4.4622E+03 -1.7057E+04
0000130   1.5212E+06 -1.8818E+04 -9.9866E+04
0000131   1.5361E+06  2.3317E+04  1.4650E+04
0000132   1.5256E+06 -1.5987E+04  3.2232E+04
0000133   1.5471E+06  9.5333E+04 -3.6783E+04
0000134   1.4923E+06  1.2935E+03 -1.6820E+03
0000135   1.5149E+06  4.1818E+04 -1.9482E+04
0000136   1.5186E+06 -2.9369E+04  1.9242E+04
0000137   1.4881E+06  1.2603E+04 -3.0251E+04
0000138   1.5104E+06  1.4618E+03  3.5108E+04
0000139   1.5109E+06  9.6783E+03  2.5906E+04
0000140   1.5174E+06 -7.2161E+02  2.2976E+04
0000141   1.5133E+06 -8.7383E+03 -1.0053E+04
0000142   1.5534E+06  1.0169E+05  2.4972E+04
0000143   1.4924E+06  5.4621E+04 -5.0529E+04
0000144   1.4809E+06 -1.4095E+04  3.3611E+04
0000145   1.5125E+06 -3.4715E+04 -4.6699E+04
0000146   1.4716E+06 -1.3644E+05 -2.5933E+04
0000147   1.4946E+06  1.4762E+05  1.2269E+04
0000148   1.5246E+06 -6.8699E+04  8.7963E+03
0000149   1.4594E+06  1.8562E+05  4.5916E+04
0000150   1.4929E+06 -8.7541E+03 -5.5196E+03
0000151   1.5054E+06  4.3077E+04 -4.5729E+04
0000152   1.5125E+06 -4.2786E+04  4.9039E+04
0000153   1.5119E+06  3.9777E+04  4.4825E+04
0000154   1.5115E+06 -1.5334E+04 -1.8361E+04
0000155   1.5003E+06  1.9597E+04  4.9319E+04
0000156   1.4797E+06 -7.3023E+04  8.4739E+04
0000157   1.5400E+06 -2.7555E+04 -4.3478E+04
0000158   1.5106E+06 -4.2193E+04  3.9697E+04
0000159   1.4970E+06 -4.4494E+04  2.6895E+04
0000160   1.5124E+06 -3.0605E+04 -1.4771E+05
0000161   1.5105E+06  3.8737E+04 -5.2942E+04
0000162   1.5111E+06 -1.3488E+04 -2.0116E+04
0000163   1.5064E+06 -3.7742E+04 -2.0325E+04
0000164   1.4916E+06  5.2062E+04  1.7785E+04
0000165   1.5353E+06 -1.0062E+04  6.3576E+04
0000166   1.5067E+06 -2.6497E+04 -8.0001E+03
0000167   1.5339E+06 -5.3729E+03 -5.6259E+04
0000168   1.5200E+06  3.0759E+04 -1.6245E+04
0000169   1.4681E+06 -6.2228E+04  6.0148E+04
0000170   1.4717E+06  5.1341E+04  4.1250E+04
0000171   1.4995E+06 -4.2878E+04  3.3622E+04
0000172   1.4788E+06 -1.6530E+04  1.2923E+04
0000173   1.4610E+06 -2.0555E+04 -6.3233E+04
0000174   1.4821E+06  5.6787E+04  4.1689E+04
0000175   1.4874E+06 -1.1872E+05  4.8524E+04
0000176   1.4988E+06  4.5863E+04  5.2217E+04
0000177   1.5214E+06  6.3497E+04  2.0635E+04
0000178   1.5294E+06 -3.4221E+04 -6.9353E+03
0000179   1.4917E+06 -3.4652E+04 -6.1371E+04
0000180   1.4999E+06 -2.5550E+04 -1.1204E+05
0000181   1.4829E+06  5.8072E+03 -2.8085E+04
0000182   1.4460E+06 -5.8353E+04  1.2197E+05
0000183   1.4914E+06  6.3159E+03  3.1801E+04
0000184   1.5241E+06  3.5897E+04  1.7970E+04
0000185   1.4848E+06 -1.7979E+03  4.1802E+04
0000186   1.4927E+06  4.8529E+04  5.1772E+03
0000187   1.5211E+06  1.4634E+04  3.2912E+03
0000188   1.4980E+06 -2.6305E+03  3.2056E+03
0000189   1.5046E+06 -4.1584E+04  2.6115E+04
0000190   1.5331E+06  4.0605E+04 -2.7052E+03
0000191   1.4609E+06  5.1952E+04 -3.8719E+04
0000192   1.4122E+06  2.1514E+05 -8.0543E+04
0000193   1.5077E+06  3.9922E+04  2.4269E+04
0000194   1.4358E+06  3.9243E+04 -7.0530E+04
0000195   1.5198E+06  7.0881E+04  7.4214E+04
0000196   1.4950E+06  5.5383E+04  1.1234E+04
0000197   1.5015E+06 -3.0749E+04 -5.1954E+04
0000198   1.5134E+06  1.4525E+05 -2.0481E+04
0000199   1.4869E+06 -5.0206E+03 -4.6729E+02
0000200   1.4844E+06 -3.4202E+04  1.9613E+04
0000201   1.5432E+06  7.4531E+04 -3.5180E+03
0000202   1.4727E+06  3.8123E+04 -4.0251E+04
0000203   1.4975E+06 -1.9651E+04 -7.0093E+04
0000204   1.5637E+06  1.2599E+04  6.1831E+04
0000205   1.4903E+06 -2.3269E+04  1.3983E+03
0000206   1.5056E+06 -1.0073E+05  3.3322E+04
0000207   1.5652E+06  9.6717E+03 -4.4585E+04
0000208   1.4730E+06 -2.8698E+04  4.1820E+04
0000209   1.5361E+06  6.4782E+04  1.3488E+05
0000210   1.5094E+06 -3.9170E+04 -1.1536E+04
0000211   1.5223E+06 -5.3852E+03 -6.1117E+04
0000212   1.5133E+06  1.2646E+05  6.0594E+04
0000213   1.4456E+06  6.3241E+04  9.1888E+03
0000214   1.4739E+06  2.1310E+04 -1.3725E+04
0000215   1.4723E+06  1.7246E+04 -9.3223E+04
0000216   1.4894E+06  5.8303E+04  1.2825E+04
0000217   1.4611E+06 -3.2259E+04 -1.1106E+05
0000218   1.4964E+06 -3.5603E+03 -9.0210E+03
0000219   1.4946E+06 -7.3940E+03  1.0692E+04
0000220   1.4770E+06 -6.9786E+04 -4.0242E+04
0000221   1.5229E+06  1.6983E+04  6.8920E+03
0000222   1.5286E+06 -6.5004E+04  4.3489E+04
0000223   1.4960E+06  4.1000E+04  2.7951E+04
0000224   1.5150E+06 -1.4000E+04  1.3802E+05
0000225   1.4857E+06 -5.2180E+04 -4.4208E+04
0000226   1.5052E+06 -6.0875E+04 -6.3823E+04
0000227   1.5349E+06 -2.2882E+04  5.1725E+04
0000228   1.5172E+06 -7.9070E+04 -2.6709E+04
0000229   1.4960E+06  1.3731E+05  1.4018E+05
0000230   1.5210E+06  7.5491E+04 -6.8829E+03
0000231   1.5201E+06  5.2723E+04 -5.0525E+04
0000232   1.4891E+06 -2.3819E+04 -3.0027E+04
0000233   1.4924E+06  5.1858E+04 -3.9071E+04
0000234   1.4708E+06 -1.3486E+04  1.1085E+05
0000235   1.5241E+06  3.9138E+04  2.5944E+03
0000236   1.4913E+06  2.7425E+04 -3.5385E+04
0000237   1.5172E+06  1.0047E+05  6.6177E+04
0000238   1.4610E+06  6.5987E+04  1.3954E+05
0000239   1.4575E+06  3.6776E+04  1.0595E+05
0000240   1.4803E+06  2.8602E+04 -1.5999E+03
0000241   1.4796E+06 -3.9279E+04 -1.1067E+04
0000242   1.5201E+06 -3.2514E+04  1.2295E+04
0000243   1.4631E+06 -5.4557E+04 -3.2408E+04
0000244   1.4737E+06 -4.6365E+04  3.8503E+04
0000245   1.5135E+06 -6.5649E+04 -6.6778E+04
0000246   1.4804E+06  3.6319E+02 -7.4554E+04
0000247   1.4844E+06  4.7489E+04  2.6419E+04
0000248   1.3229E+06  2.6749E+05 -2.4756E+05
0000249   1.4850E+06  9.0931E+04 -8.0228E+03
0000250   1.4875E+06 -5.4978E+04 -5.6564E+02
0000251   1.5087E+06  3.1611E+04 -3.1991E+04
0000252   1.5073E+06  1.9436E+03 -8.9505E+03
0000253   1.5066E+06 -1.5476E+04  3.5077E+04
0000254   1.4880E+06 -3.7818E+04 -3.2404E+04
0000255   1.5006E+06 -3.6568E+04  5.5248E+04
0000256   1.4857E+06 -1.7978E+04  6.6141E+04
0000257   1.5185E+06  1.4829E+04 -3.7220E+04
0000258   1.5103E+06 -2.1021E+04  1.7163E+04
0000259   1.5003E+06 -3.7001E+03 -4.2433E+04
0000260   1.4948E+06 -2.9043E+04 -8.6083E+04
0000261   1.5186E+06 -6.5943E+03  1.7240E+04
0000262   1.5156E+06 -2.0879E+04  6.6187E+04
0000263   1.5341E+06  4.0435E+04 -4.5114E+04
0000264   1.4891E+06 -7.5167E+04  4.8988E+04
0000265   1.5131E+06 -5.2564E+04 -4.2596E+04
0000266   1.4900E+06 -2.3115E+05 -5.2682E+04
0000267   1.5314E+06 -1.1097E+05 -6.0804E+04
0000268   1.5256E+06  8.5628E+03 -2.0058E+04
0000269   1.5156E+06  4.1386E+04 -1.1222E+04
0000270   1.4892E+06 -2.5986E+04  3.8144E+04
0000271   1.5175E+06 -8.4719E+04  1.3766E+04
0000272   1.5043E+06  3.8299E+03  7.1745E+03
0000273   1.4666E+06  8.3462E+03 -5.6241E+04
0000274   1.5025E+06  4.8798E+03 -2.2742E+04
0000275   1.4501E+06  6.6829E+04  4.8833E+04
0000276   1.4847E+06 -3.4411E+04  1.3239E+04
0000277   1.4813E+06  6.1330E+04  6.9271E+04
0000278   1.4844E+06 -6.4096E+04  1.3116E+05
0000279   1.4787E+06  1.7040E+04 -3.3923E+04
0000280   1.4836E+06  4.3712E+04 -5.6127E+04
0000281   1.5334E+06 -3.4317E+04 -3.2058E+04
0000282   1.5224E+06 -1.8737E+04  6.3808E+04
0000283   1.4891E+06 -2.2667E+03  1.0368E+04
0000284   1.4727E+06 -2.4307E+04  8.9486E+03
0000285   1.4732E+06 -9.7673E+02 -8.9709E+03
0000286   1.4896E+06 -1.0561E+05  1.8074E+05
0000287   1.4891E+06 -3.9748E+04  5.9939E+04
0000288   1.5079E+06  1.7927E+04 -2.6737E+04
0000289   1.5114E+06 -1.1728E+04  3.4724E+03
0000290   1.4443E+06 -7.3846E+04 -9.2928E+04
0000291   1.4968E+06 -1.2201E+04 -8.2035E+04
0000292   1.5381E+06 -5.2642E+04  1.7193E+05
0000293   1.4730E+06  6.8271E+04 -9.0541E+04
0000294   1.4997E+06  6.3097E+03 -6.5029E+03
0000295   1.5340E+06  5.5141E+04  6.8374E+04
0000296   1.4936E+06  2.4501E+04 -9.4441E+03
0000297   1.5092E+06  1.8815E+04  1.1089E+04
0000298   1.5337E+06 -2.8188E+02  1.1955E+04
0000299   1.4993E+06  7.9113E+04  2.9426E+04
0000300   1.5066E+06 -3.8362E+04  2.0645E+04
0000301   1.5122E+06 -3.8940E+04  4.4012E+04
0000302   1.4578E+06  8.3790E+04 -4.8510E+04
0000303   1.4990E+06  9.4263E+03  1.1639E+03
0000304   1.4939E+06 -3.0423E+04 -6.5720E+04
0000305   1.4842E+06 -9.5521E+04  2.1260E+04
0000306   1.4781E+06 -1.9917E+04 -3.9446E+04
0000307   1.4540E+06 -9.6819E+03  3.1768E+04
0000308   1.5066E+06 -1.8289E+04  2.3794E+04
0000309   1.4711E+06  1.9053E+04 -4.5960E+04
0000310   1.5499E+06  5.5697E+03 -1.6920E+04
0000311   1.5117E+06 -1.5855E+04 -6.2266E+04
0000312   1.5183E+06 -1.8961E+04  1.0536E+04
0000313   1.5010E+06  2.4190E+04 -4.1439E+04
0000314   1.5190E+06 -5.2681E+04  1.7572E+04
0000315   1.5137E+06 -3.7502E+04  1.1019E+05
0000316   1.5511E+06 -2.8163E+03 -2.5417E+04
0000317   1.4990E+06 -7.8787E+04  3.2826E+04
0000318   1.5356E+06 -2.9805E+04  1.2270E+04
0000319   1.4682E+06  1.1702E+05  1.2024E+05
0000320   1.4984E+06  3.3464E+03 -7.2324E+03
0000321   1.5002E+06  2.1301E+03 -9.3306E+04
0000322   1.4696E+06  5.2117E+04 -1.1357E+05
0000323   1.4667E+06 -4.9556E+04 -2.3329E+04
0000324   1.4616E+06 -1.5545E+05 -3.6794E+04
0000325   1.5024E+06 -1.1636E+05 -1.0950E+05
0000326   1.5480E+06 -1.0474E+04  3.0026E+04
0000327   1.4876E+06  7.2961E+03 -1.4514E+04
0000328   1.4997E+06  3.1038E+04  5.0654E+03
0000329   1.5129E+06  2.9468E+03  3.1151E+04
0000330   1.5196E+06  4.0151E+04 -9.4827E+03
0000331   1.4817E+06 -3.4385E+04 -4.3442E+04
0000332   1.5114E+06  1.0712E+04  1.3410E+04
0000333   1.4928E+06 -1.0832E+04  6.6563E+04
0000334   1.5424E+06  4.9655E+04 -1.5415E+04
0000335   1.5094E+06  3.7590E+04 -2.3646E+04
0000336   1.4777E+06  3.0534E+04  8.0039E+04
0000337   1.5270E+06  8.9560E+03  5.9533E+04
0000338   1.4966E+06  6.1062E+04 -3.2222E+04
0000339   1.5083E+06  3.9326E+04 -4.5691E+04
0000340   1.4774E+06 -1.5614E+04  1.7337E+04
0000341   1.4963E+06 -2.9881E+04  4.7486E+04
0000342   1.4979E+06  2.3780E+04  2.2594E+03
0000343   1.4727E+06 -2.5221E+04 -2.3366E+04
0000344   1.5550E+06  9.5081E+03  5.7147E+03
0000345   1.5245E+06  4.0670E+04 -3.3495E+04
0000346   1.5167E+06  8.0650E+04  2.4671E+04
0000347   1.4805E+06  5.1967E+04 -1.4077E+04
0000348   1.5060E+06  3.5988E+04 -1.9094E+04
0000349   1.5165E+06  9.3728E+04 -4.4374E+04
0000350   1.5065E+06 -2.7210E+04 -2.4448E+03
0000351   1.4736E+06 -1.3993E+04  4.8454E+04
0000352   1.4766E+06  9.9446E+04 -4.3526E+03
0000353   1.4934E+06  1.2781E+04 -5.4109E+04
0000354   1.5240E+06 -2.3668E+04  4.8406E+04
0000355   1.4989E+06  5.3406E+04  3.8719E+04
0000356   1.4986E+06 -4.7939E+04 -2.6545E+04
0000357   1.4652E+06  2.9641E+04  1.3789E+04
0000358   1.5136E+06  5.5634E+03 -2.3892E+04
0000359   1.5042E+06 -1.3020E+04 -3.3752E+04
0000360   1.4895E+06 -1.7032E+05  3.7404E+04
0000361   1.5071E+06 -2.8183E+04 -4.7467E+04
0000362   1.4870E+06  7.0062E+04 -7.3938E+04
0000363   1.5508E+06 -1.0241E+04 -2.7664E+04
0000364   1.4970E+06 -1.2953E+05  1.2136E+05
0000365   1.5046E+06 -3.9191E+04 -4.8491E+04
0000366   1.5200E+06  1.5205E+04 -2.2868E+03
0000367   1.5231E+06  8.5773E+03 -4.5018E+04
0000368   1.4877E+06  6.1760E+04 -4.5110E+04
0000369   1.5102E+06  1.0090E+04 -7.8798E+04
0000370   1.5246E+06  1.2455E+05 -3.9744E+04
0000371   1.4907E+06  4.5864E+04  7.0550E+04
0000372   1.4751E+06  6.3445E+04 -1.5395E+04
0000373   1.4938E+06 -1.1636E+04 -7.8662E+03
0000374   1.5135E+06 -1.0608E+03 -1.0933E+04
0000375   1.4592E+06  2.0785E+04  2.1542E+04
0000376   1.5072E+06 -9.4001E+03 -3.9388E+04
0000377   1.5524E+06  3.4575E+04  4.4487E+04
0000378   1.5129E+06  4.5370E+04 -4.0855E+04
0000379   1.5343E+06  2.4014E+04 -2.1134E+04
0000380   1.5154E+06  9.0253E+03 -6.1945E+04
0000381   1.4553E+06 -3.9367E+04 -8.4886E+04
0000382   1.5036E+06 -5.5035E+03 -2.4936E+04
0000383   1.5196E+06 -2.9036E+04  3.9326E+04
0000384   1.4789E+06  1.8706E+04 -8.9782E+04
0000385   1.5151E+06 -4.9477E+04 -1.2475E+03
0000386   1.5088E+06  6.7725E+03  1.2298E+04
0000387   1.4565E+06  3.5631E+04  5.9210E+04
0000388   1.5181E+06 -9.4623E+04 -1.0205E+05
0000389   1.5046E+06 -2.6441E+04 -3.3500E+04
0000390   1.5105E+06  1.6550E+04 -1.6114E+04
0000391   1.5101E+06  1.7663E+04  9.1008E+04
0000392   1.4758E+06 -7.3147E+04 -3.8984E+04
0000393   1.4789E+06  2.0095E+04  8.6150E+04
0000394   1.5022E+06 -7.4440E+04 -7.6809E+04
0000395   1.5248E+06  2.2549E+04  2.4810E+03
0000396   1.5002E+06 -7.1466E+04  3.2312E+04
0000397   1.5033E+06 -2.7589E+03 -3.9723E+04
0000398   1.5016E+06 -5.4370E+04 -2.1259E+04
0000399   1.5090E+06 -1.0315E+05  4.8501E+04
0000400   1.5367E+06 -6.6495E+03  4.2174E+04
0000401   1.4883E+06  2.8172E+04 -5.5264E+03
0000402   1.4881E+06 -8.9390E+04  2.6152E+04
0000403   1.4763E+06  1.7439E+04 -5.4138E+04
0000404   1.5082E+06  5.9120E+04  2.6691E+04
0000405   1.4706E+06 -7.1705E+03 -8.1465E+04
0000406   1.5174E+06 -5.0039E+04  2.9594E+04
0000407   1.4741E+06 -8.9535E+04 -2.0781E+02
0000408   1.4846E+06  3.7303E+04  2.5161E+04
0000409   1.5183E+06  1.4997E+04  2.8682E+04
0000410   1.4445E+06  1.4401E+05  4.6259E+04
0000411   1.5053E+06  5.9474E+03 -2.0312E+04
0000412   1.4865E+06 -5.6540E+04 -1.0715E+05
0000413   1.4572E+06 -3.1813E+04 -1.2677E+03
0000414   1.5154E+06  6.7971E+04  6.1707E+04
0000415   1.5062E+06  2.2156E+04 -1.7308E+04
0000416   1.4977E+06 -8.0698E+04  2.3257E+04
0000417   1.4968E+06  3.1582E+03 -8.9153E+02
0000418   1.4511E+06 -2.3867E+05 -4.6327E+04
0000419   1.4744E+06 -3.7485E+03  1.1938E+04
0000420   1.4955E+06 -5.5172E+04  5.8315E+03
0000421   1.5252E+06  2.8008E+04  9.7550E+04
0000422   1.5048E+06 -1.7670E+04  3.5262E+04
0000423   1.4977E+06 -1.7996E+04 -7.1521E+04
0000424   1.4769E+06  4.4484E+04 -9.3451E+04
0000425   1.5260E+06  5.0599E+04 -8.6390E+03
0000426   1.4954E+06  3.3821E+04  1.0957E+05
0000427   1.5005E+06  6.4124E+04  3.3991E+04
0000428   1.5668E+06 -7.4151E+04  5.8049E+04
0000429   1.4733E+06 -5.1852E+04  2.0128E+04
0000430   1.5212E+06 -7.8775E+03 -7.3816E+04
0000431   1.5409E+06 -9.3347E+04 -1.7403E+04
0000432   1.5551E+06  1.6870E+04  1.0241E+05
0000433   1.4966E+06  1.6626E+04 -4.1544E+04
0000434   1.5223E+06  5.1063E+04 -6.6248E+02
0000435   1.4753E+06 -1.0619E+04  1.4694E+04
0000436   1.5536E+06 -1.1042E+05 -3.8664E+04
0000437   1.4760E+06  2.4563E+04  6.5060E+04
0000438   1.5414E+06  2.3061E+04 -2.7602E+04
0000439   1.5028E+06  1.8564E+04 -6.6291E+04
0000440   1.4896E+06 -2.2821E+04 -1.2050E+05
0000441   1.5005E+06  1.2940E+04 -2.2197E+04
0000442   1.4672E+06 -2.9841E+04 -5.9915E+04
0000443   1.4871E+06  3.4470E+04  7.6686E+04
0000444   1.5208E+06 -1.5422E+04  1.6098E+03
0000445   1.4932E+06  6.8537E+04  2.1792E+04
0000446   1.5419E+06 -4.5392E+04 -3.3470E+04
0000447   1.5104E+06 -7.3852E+03  2.0715E+03
0000448   1.5120E+06  1.0770E+05 -3.9911E+04
0000449   1.4825E+06 -1.3499E+04 -7.7922E+04
0000450   1.4900E+06  2.3424E+04 -8.3071E+02
0000451   1.4707E+06 -1.0646E+04  3.0380E+05
0000452   1.4689E+06 -9.0158E+03 -1.2882E+05
0000453   1.4921E+06 -5.4327E+04  1.2228E+04
0000454   1.4904E+06  5.8316E+03 -1.8430E+04
0000455   1.4141E+06  7.0202E+04  3.0698E+04
0000456   1.5099E+06 -1.7675E+03 -1.8559E+04
0000457   1.4878E+06  4.2326E+03 -2.1795E+04
0000458   1.5397E+06  4.3679E+04  4.0966E+04
0000459   1.5028E+06  4.0137E+04 -4.5483E+04
0000460   1.5544E+06 -3.7058E+04  1.4710E+05
0000461   1.4708E+06  2.4250E+04 -6.0589E+04
0000462   1.4901E+06 -2.5861E+04 -3.2948E+04
0000463   1.4979E+06 -8.8642E+03 -5.9030E+03
0000464   1.5096E+06 -5.1472E+03  6.2564E+04
0000465   1.4410E+06 -9.1882E+04  1.3164E+04
0000466   1.5056E+06  5.3364E+04  3.6005E+04
0000467   1.5554E+06  4.3390E+04 -7.2466E+04
0000468   1.5160E+06  5.0425E+04 -7.8075E+04
0000469   1.5468E+06 -2.6133E+04  9.4395E+04
0000470   1.4481E+06  1.5165E+05  5.0779E+04
0000471   1.4835E+06 -8.1991E+04 -8.1103E+04
0000472   1.4681E+06 -6.5251E+04 -2.3653E+03
0000473   1.5280E+06  2.0536E+04 -5.5758E+04
0000474   1.5461E+06  4.3955E+04 -3.2171E+04
0000475   1.5309E+06  1.4183E+04  2.0381E+04
0000476   1.5136E+06 -1.2147E+05 -6.8427E+02
0000477   1.4857E+06 -1.6502E+04 -1.1757E+05
0000478   1.4806E+06 -7.9761E+04 -1.4256E+05
0000479   1.5052E+06 -4.4124E+04  1.1875E+04
0000480   1.5423E+06  3.3739E+04  1.1261E+04
0000481   1.5108E+06 -2.8510E+04 -8.1758E+04
0000482   1.5211E+06 -1.1048E+04  2.9914E+04
0000483   1.4723E+06  3.4880E+04 -4.0971E+03
0000484   1.5514E+06  2.6925E+04 -7.6536E+03
0000485   1.5512E+06 -1.1563E+04 -5.0159E+03
0000486   1.5099E+06 -6.3303E+03 -7.6066E+03
0000487   1.5299E+06  9.6534E+04  9.6482E+04
0000488   1.4857E+06 -8.7750E+02  2.7228E+04
0000489   1.5199E+06 -3.4283E+04 -2.6874E+04
0000490   1.4972E+06  3.4516E+04 -2.7442E+04
0000491   1.4714E+06  3.2315E+04 -8.7398E+04
0000492   1.5212E+06  1.0653E+04 -6.1033E+04
0000493   1.4647E+06 -2.4792E+04  3.2127E+04
0000494   1.5015E+06  4.8399E+04  2.0494E+04
0000495   1.4976E+06  8.4597E+04  1.6018E+05
0000496   1.5325E+06 -1.0566E+05 -5.8017E+04
0000497   1.4965E+06 -4.1269E+04 -3.8594E+04
0000498   1.5062E+06  6.8502E+04  5.4961E+04
0000499   1.5169E+06  2.6229E+04  4.5024E+04
0000500   1.4774E+06 -1.9092E+04 -2.9523E+04
0000501   1.5075E+06  1.9484E+04  3.1730E+04
0000502   1.5328E+06 -5.0672E+04  1.3190E+04
0000503   1.5199E+06 -1.1651E+04 -2.4650E+04
0000504   1.5246E+06  5.1778E+04  2.6128E+04
0000505   1.4903E+06 -3.1777E+04 -1.6044E+04
0000506   1.5073E+06 -8.7407E+04 -1.7533E+03
0000507   1.4837E+06 -5.4454E+04 -4.2074E+04
0000508   1.4611E+06  2.2982E+04  1.1799E+04
0000509   1.4895E+06  3.5187E+04  4.2789E+04
0000510   1.5050E+06  5.3157E+04  1.2159E+04
0000511   1.5469E+06 -5.6418E+04  1.1720E+04
0000512   1.5057E+06  3.8389E+04  1.3231E+04
0000513   1.5549E+06 -2.9213E+04 -2.2273E+03
0000514   1.4772E+06 -3.5632E+04  1.1275E+05
0000515   1.5172E+06 -5.8336E+03  2.9044E+03
0000516   1.5048E+06  1.7343E+04 -1.3214E+04
0000517   1.4641E+06 -2.4202E+04 -9.1352E+04
0000518   1.5238E+06 -1.7546E+04  7.3809E+03
0000519   1.4645E+06  1.5596E+04 -5.5059E+04
0000520   1.5035E+06 -4.0016E+04 -2.8367E+04
0000521   1.5448E+06  2.8089E+04 -4.5503E+04
0000522   1.5316E+06 -4.5990E+04 -2.9693E+04
0000523   1.4860E+06  5.6840E+03 -1.6903E+04
0000524   1.5302E+06  2.3565E+04  4.1827E+03
0000525   1.5370E+06  4.3295E+04  2.9240E+04
0000526   1.5432E+06 -1.9866E+03  3.7258E+04
0000527   1.5460E+06 -6.2667E+04 -3.9733E+04
0000528   1.4697E+06  1.2259E+04  5.3857E+04
0000529   1.5428E+06  9.9515E+03  2.5490E+04
0000530   1.5005E+06 -3.2686E+04  7.2147E+04
0000531   1.4949E+06  1.0226E+04 -4.0732E+04
0000532   1.4451E+06  1.4650E+05  3.1134E+04
0000533   1.5299E+06 -1.4473E+04 -5.0176E+04
0000534   1.5091E+06 -2.7618E+04  2.2155E+04
0000535   1.4855E+06 -6.3438E+04 -5.7008E+04
0000536   1.4921E+06 -2.5147E+04  1.9745E+04
0000537   1.5335E+06  7.6563E+03 -1.6508E+04
0000538   1.5315E+06  2.7773E+03  5.1066E+03
0000539   1.5182E+06 -9.3483E+04  3.3972E+04
0000540   1.5015E+06 -4.3955E+04 -2.9905E+04
0000541   1.5061E+06  6.0835E+03  6.9018E+04
0000542   1.5019E+06  9.9299E+04 -3.9865E+04
0000543   1.4334E+06 -1.5355E+05 -3.7442E+04
0000544   1.4556E+06  3.2635E+03  2.1038E+04
0000545   1.5057E+06  1.2737E+04 -7.5723E+04
0000546   1.5120E+06 -4.3105E+03  2.8792E+04
0000547   1.5450E+06  6.3541E+04 -2.1981E+04
0000548   1.5436E+06 -1.2126E+04  1.0319E+05
0000549   1.5135E+06  5.9266E+04  9.3070E+03
0000550   1.5190E+06 -5.7320E+04 -3.0720E+04
0000551   1.4838E+06 -8.6323E+03 -6.8851E+04
0000552   1.5143E+06  6.9286E+03 -4.7307E+04
0000553   1.5232E+06 -3.7879E+04 -4.1197E+04
0000554   1.4723E+06 -3.2180E+04 -7.2825E+03
0000555   1.5091E+06 -2.7091E+04  2.3033E+04
0000556   1.4941E+06  4.0976E+04  4.7550E+03
0000557   1.5048E+06 -3.2270E+04  6.4362E+04
0000558   1.5020E+06  4.6398E+04 -3.0324E+03
0000559   1.5211E+06 -3.1174E+04  6.9890E+04
0000560   1.5169E+06  7.7085E+04  9.0792E+04
0000561   1.5314E+06 -4.8218E+04  3.4725E+04
0000562   1.5353E+06 -3.9363E+04 -1.6862E+04
0000563   1.5046E+06  2.0316E+04  4.8896E+04
0000564   1.5146E+06  5.3635E+04 -2.3704E+04
0000565   1.5163E+06  5.3979E+04  3.8343E+04
0000566   1.5173E+06 -1.5040E+05 -8.0548E+04
0000567   1.4958E+06  2.2451E+04 -1.4799E+04
0000568   1.5197E+06  5.3494E+04 -1.4479E+04
0000569   1.5383E+06 -5.3791E+03  2.2959E+04
0000570   1.4798E+06 -1.7528E+04 -6.2895E+04
0000571   1.4984E+06  1.2826E+05 -1.2143E+05
0000572   1.5080E+06 -3.0366E+04 -1.8451E+03
0000573   1.5263E+06 -2.0072E+04  6.1862E+04
0000574   1.4938E+06 -3.2167E+03  9.5049E+02
0000575   1.5252E+06  3.6804E+04  2.7505E+04
0000576   1.5081E+06 -4.3183E+04 -4.0643E+04
0000577   1.5003E+06 -3.9708E+04  7.8624E+04
0000578   1.5367E+06  9.5378E+04 -8.8588E+04
0000579   1.4992E+06 -6.1212E+04  2.2731E+04
0000580   1.4996E+06  8.2727E+04 -5.0965E+04
0000581   1.4950E+06 -1.2265E+05  1.1232E+05
0000582   1.4907E+06 -1.5929E+05 -6.6295E+04
0000583   1.5197E+06 -2.8343E+04 -5.5012E+04
0000584   1.4992E+06  5.5946E+04  5.9696E+03
0000585   1.4945E+06 -5.4112E+04 -1.3692E+04
0000586   1.5573E+06  4.8107E+04  8.0104E+04
0000587   1.4553E+06  7.3875E+04  8.6556E+04
0000588   1.5146E+06  1.9971E+04  1.9970E+04
0000589   1.4992E+06 -7.3528E+03  2.8298E+03
0000590   1.5149E+06 -6.2119E+04 -5.8009E+04
0000591   1.5348E+06 -2.2377E+04 -1.8636E+04
0000592   1.4956E+06 -2.1120E+04  5.6740E+04
0000593   1.5055E+06 -5.2167E+03  2.8103E+04
0000594   1.5224E+06  2.7542E+04  4.4833E+03
0000595   1.5165E+06 -1.0058E+04  1.0203E+04
0000596   1.5219E+06  2.6349E+04  7.0108E+04
0000597   1.4902E+06  1.3409E+04  5.8240E+04
0000598   1.4615E+06  6.1397E+04  1.0399E+05
0000599   1.4648E+06 -2.0518E+05 -8.2059E+04
0000600   1.5155E+06 -7.0517E+03 -5.8333E+04
0000601   1.4936E+06 -5.6529E+04  4.9805E+04
0000602   1.5114E+06  1.3735E+05  1.0280E+03
0000603   1.4930E+06  1.3058E+04 -2.1637E+04
0000604   1.5120E+06 -6.4774E+04 -4.5676E+04
0000605   1.5333E+06 -8.0694E+03  5.4622E+03
0000606   1.5691E+06 -8.2072E+04 -9.6855E+03
0000607   1.5134E+06  2.3673E+04 -1.2146E+04
0000608   1.4939E+06  1.6363E+04  6.0430E+03
0000609   1.4647E+06 -1.6814E+04  3.3633E+04
0000610   1.4929E+06  1.8231E+04  3.8871E+04
0000611   1.4966E+06  6.5131E+03 -2.9215E+04
0000612   1.5468E+06  1.8524E+04 -2.9105E+04
0000613   1.5138E+06  2.6800E+03  3.7093E+04
0000614   1.4895E+06  9.9136E+03  1.6700E+04
0000615   1.5060E+06 -1.0958E+05 -4.6380E+04
0000616   1.5136E+06  4.0580E+04 -7.2949E+03
0000617   1.5067E+06 -5.7403E+04 -4.5450E+04
0000618   1.5320E+06 -3.0231E+04 -9.6760E+04
0000619   1.4562E+06  1.8889E+04  5.2112E+04
0000620   1.5079E+06  1.5726E+04 -4.5334E+04
0000621   1.4562E+06  4.5844E+04 -5.2069E+04
0000622   1.5263E+06  1.5642E+04 -7.6862E+04
0000623   1.4903E+06 -2.7558E+04 -7.1416E+02
0000624   1.5737E+06 -2.5561E+04  5.3933E+04
0000625   1.5130E+06  8.8487E+04 -5.0639E+04
0000626   1.4812E+06 -5.2356E+04  5.6589E+03
0000627   1.5145E+06  5.8942E+03 -1.2263E+04
0000628   1.5781E+06 -6.4963E+04  1.0504E+05
0000629   1.4787E+06  5.6158E+04  2.8440E+04
0000630   1.5280E+06 -4.2611E+03  3.5083E+04
0000631   1.4456E+06 -1.3109E+05 -4.9425E+04
0000632   1.4935E+06  5.6768E+04 -1.6064E+04
0000633   1.4763E+06  3.9898E+04  4.3905E+04
0000634   1.5134E+06  5.2380E+03 -3.0078E+04
0000635   1.4826E+06  1.9892E+04 -4.2432E+04
0000636   1.5507E+06  1.2283E+04 -1.4341E+05
0000637   1.5087E+06  2.9880E+04  2.3734E+04
0000638   1.5298E+06  5.5673E+04  1.5308E+04
0000639   1.4988E+06 -1.1491E+05 -2.1774E+04
0000640   1.5393E+06  3.5036E+04  3.5607E+03
0000641   1.5241E+06 -1.6171E+04  4.4704E+04
0000642   1.4948E+06  5.0578E+04 -7.5218E+03
0000643   1.4728E+06 -1.8245E+05 -1.0956E+05
0000644   1.4978E+06  6.2591E+04  4.3289E+04
0000645   1.5145E+06  1.0757E+04 -4.8591E+04
0000646   1.4840E+06 -5.4314E+04 -4.4564E+04
0000647   1.5150E+06  2.3799E+04 -4.3795E+04
0000648   1.5027E+06  3.4326E+04 -9.1209E+03
0000649   1.4985E+06  1.7591E+02  5.0725E+04
0000650   1.5218E+06 -3.3155E+04  8.9000E+03
0000651   1.4927E+06 -6.8482E+03  4.1966E+04
0000652   1.4887E+06 -9.2919E+04 -1.6562E+04
0000653   1.5552E+06  2.5234E+04  5.3034E+04
0000654   1.5213E+06  4.3260E+03 -3.6819E+03
0000655   1.4978E+06  4.4993E+04  4.0934E+04
0000656   1.5135E+06  8.9988E+04 -2.0492E+04
0000657   1.5354E+06 -5.8595E+04  1.7039E+04
0000658   1.5095E+06 -2.8967E+04 -9.7314E+03
0000659   1.5374E+06  1.0240E+04  2.4161E+04
0000660   1.5212E+06 -1.1575E+04  6.3841E+03
0000661   1.5387E+06 -5.8488E+04  1.0534E+04
0000662   1.5149E+06 -1.0917E+04 -3.9416E+04
0000663   1.5090E+06  1.6267E+03 -2.7682E+04
0000664   1.4840E+06  1.1595E+04 -9.0004E+03
0000665   1.5155E+06  4.1459E+04 -8.0596E+04
0000666   1.5443E+06 -3.3354E+04  1.8281E+04
0000667   1.4928E+06 -4.0827E+04  8.9635E+03
0000668   1.4824E+06  1.0602E+05  8.4881E+03
0000669   1.4710E+06 -6.9144E+04 -1.5707E+05
0000670   1.5101E+06 -1.9908E+04  4.5120E+04
0000671   1.4912E+06  4.4170E+04 -1.0356E+04
0000672   1.4620E+06 -3.9651E+04  3.1420E+04
0000673   1.4809E+06 -1.8955E+04 -7.7427E+04
0000674   1.5497E+06  2.2088E+04 -1.8412E+04
0000675   1.4552E+06  3.1975E+04  3.7228E+04
0000676   1.4896E+06  1.5002E+04 -8.3089E+03
0000677   1.5028E+06  1.9886E+04 -1.3576E+05
0000678   1.4823E+06  7.4914E+04  6.8460E+04
0000679   1.4138E+06  1.0649E+05  1.1084E+05
0000680   1.5377E+06 -8.9259E+03 -1.4658E+04
0000681   1.5312E+06  2.7294E+04 -7.7533E+04
0000682   1.5032E+06 -6.5100E+03 -9.3969E+04
0000683   1.4609E+06  2.3923E+04  4.5095E+03
0000684   1.5237E+06 -2.2294E+04  4.1427E+04
0000685   1.4833E+06 -1.0361E+05 -1.2954E+04
0000686   1.5084E+06  5.8130E+04 -5.7520E+04
0000687   1.4834E+06 -5.2420E+03 -1.4614E+04
0000688   1.5199E+06  1.6486E+04  5.5322E+04
0000689   1.5349E+06  3.1190E+04 -3.2940E+02
0000690   1.5510E+06 -7.2776E+02 -1.6879E+04
0000691   1.5246E+06 -7.7486E+04 -8.7700E+04
0000692   1.4972E+06  5.9889E+04  2.9625E+04
0000693   1.4336E+06  3.0605E+03 -3.7966E+04
0000694   1.4738E+06 -1.9284E+04  2.8297E+04
0000695   1.4994E+06 -8.6248E+04 -1.5327E+04
0000696   1.4974E+06 -3.6558E+04  1.0194E+03
0000697   1.5092E+06  1.7497E+04 -1.0660E+05
0000698   1.4858E+06  4.4329E+04 -4.6638E+04
0000699   1.5635E+06 -9.9520E+04  1.3063E+04
0000700   1.5029E+06 -2.1043E+04 -5.9875E+04
0000701   1.5411E+06 -7.9273E+03  2.8962E+04
0000702   1.4615E+06 -5.3463E+04  1.1197E+05
0000703   1.4661E+06 -1.6363E+04  1.2042E+03
0000704   1.5032E+06 -6.2854E+04 -5.2319E+04
0000705   1.5028E+06 -1.0343E+04 -5.7628E+04
0000706   1.5037E+06 -1.3334E+05 -1.7364E+04
0000707   1.4403E+06 -1.3257E+04 -5.5539E+04
0000708   1.5188E+06 -4.3907E+04  1.1561E+03
0000709   1.4715E+06 -7.2636E+04 -1.0695E+05
0000710   1.5370E+06 -1.7873E+04 -1.3321E+04
0000711   1.5089E+06 -1.6486E+05  7.4546E+04
0000712   1.5434E+06  1.7245E+04  1.3301E+04
0000713   1.5081E+06  1.0417E+05  5.6599E+04
0000714   1.4932E+06  4.9868E+04 -1.1135E+05
0000715   1.4754E+06 -6.6659E+04 -7.8892E+03
0000716   1.5148E+06 -2.8913E+04 -2.5651E+04
0000717   1.5079E+06 -2.3508E+04  9.8410E+03
0000718   1.5125E+06 -4.8495E+04 -2.2848E+04
0000719   1.4837E+06  4.9134E+04  2.3022E+04
0000720   1.4961E+06 -4.8587E+04  2.3616E+04
0000721   1.4725E+06  3.8617E+04 -4.3779E+03
0000722   1.5133E+06  6.5032E+04 -9.1704E+03
0000723   1.5022E+06 -4.4555E+03 -2.6611E+04
0000724   1.5061E+06  4.1404E+04  2.0507E+04
0000725   1.4910E+06 -7.1720E+04 -9.0114E+04
0000726   1.4938E+06  3.4086E+04  8.4668E+03
0000727   1.5066E+06 -5.8105E+04  5.8266E+04
0000728   1.5446E+06  5.8326E+04  6.4819E+04
0000729   1.4725E+06 -9.3713E+04  1.3699E+04
0000730   1.5240E+06 -3.8300E+04 -5.5850E+04
0000731   1.4958E+06  3.7841E+04  9.2555E+04
0000732   1.5243E+06  2.0353E+04  4.4264E+04
0000733   1.5010E+06 -1.4382E+04 -2.3050E+04
0000734   1.5052E+06 -6.8016E+04 -1.1094E+05
0000735   1.4612E+06 -3.9710E+04  1.1819E+05
0000736   1.5002E+06  8.0817E+04 -1.1884E+05
0000737   1.5226E+06 -1.6721E+04  5.5058E+04
0000738   1.4849E+06  7.9207E+03 -2.7682E+03
0000739   1.5117E+06 -5.0219E+04  1.1240E+04
0000740   1.4841E+06  7.5889E+04  3.5941E+04
0000741   1.4911E+06 -6.9695E+03  2.7431E+04
0000742   1.5111E+06  5.2135E+03 -4.2558E+03
0000743   1.5302E+06  6.8878E+04 -2.2098E+04
0000744   1.4606E+06 -4.5535E+04  4.3081E+04
0000745   1.4969E+06  4.7189E+04  1.0463E+05
0000746   1.5189E+06 -4.7162E+04  4.7632E+03
0000747   1.4795E+06  5.5226E+04  8.3667E+04
0000748   1.5234E+06  2.4460E+04  3.6317E+04
0000749   1.4649E+06 -7.9449E+04 -3.9010E+04
0000750   1.5391E+06  2.4413E+02 -4.4045E+02
0000751   1.5025E+06 -5.2987E+04 -1.2920E+04
0000752   1.4977E+06 -1.1378E+04  3.6203E+04
0000753   1.5046E+06  2.7831E+04 -2.9504E+04
0000754   1.4730E+06  1.2845E+04 -1.1430E+04
0000755   1.5020E+06  3.7142E+04 -1.5258E+05
0000756   1.5064E+06 -2.8288E+04  7.0239E+04
0000757   1.4963E+06 -3.1635E+04 -3.8422E+03
0000758   1.4934E+06  9.0214E+03  1.2742E+04
0000759   1.5019E+06  1.0362E+05 -9.3370E+04
0000760   1.4799E+06  5.5415E+04  5.1618E+04
0000761   1.5363E+06  4.3032E+04  2.4124E+04
0000762   1.4868E+06  8.9560E+04 -2.0568E+04
0000763   1.5446E+06  4.3435E+04 -7.9312E+04
0000764   1.5202E+06  1.8589E+04 -6.1159E+04
0000765   1.5084E+06  4.2753E+03  2.1275E+04
0000766   1.4993E+06  5.6913E+04 -1.7563E+04
0000767   1.4603E+06  1.9153E+05  3.6837E+04
0000768   1.4645E+06  7.1028E+03  1.5367E+03
0000769   1.4846E+06 -5.4633E+04 -1.1436E+05
0000770   1.4970E+06  1.2743E+05 -2.4952E+05
0000771   1.4813E+06  1.1078E+04  5.7005E+04
0000772   1.5060E+06  4.5459E+04 -2.0407E+05
0000773   1.5009E+06 -1.5298E+04  4.0726E+04
0000774   1.4829E+06 -2.3548E+04  2.1052E+04
0000775   1.4720E+06  6.7152E+04 -1.6676E+05
0000776   1.5189E+06 -6.5341E+04  7.9274E+04
0000777   1.4600E+06 -2.9727E+04  6.7564E+04
0000778   1.5062E+06 -3.9800E+04 -1.5166E+04
0000779   1.5023E+06  8.6850E+04  9.3801E+04
0000780   1.4668E+06  2.7652E+04 -4.1908E+04
0000781   1.5107E+06 -1.5354E+04  1.3932E+03
0000782   1.5519E+06  2.1332E+04 -4.9804E+04
0000783   1.5524E+06 -3.6300E+04 -6.3075E+03
0000784   1.5277E+06  5.7400E+03  2.0536E+03
0000785   1.5133E+06  1.1548E+05 -7.9071E+04
0000786   1.5032E+06 -6.2111E+04 -1.8346E+04
0000787   1.4980E+06  3.7613E+04 -1.7374E+04
0000788   1.5365E+06 -1.5357E+03 -8.8237E+04
0000789   1.4855E+06  3.8505E+04 -4.5754E+04
0000790   1.4968E+06 -6.5649E+03 -6.6733E+04
0000791   1.4962E+06  1.1020E+04  1.0631E+04
0000792   1.5201E+06 -5.6007E+03  2.8319E+04
0000793   1.4531E+06 -3.1187E+03  5.4096E+04
0000794   1.5236E+06  2.0550E+03 -5.4571E+04
0000795   1.4501E+06  1.1197E+05 -4.1929E+04
0000796   1.5035E+06  1.3427E+04  3.4133E+03
0000797   1.5248E+06 -6.0130E+04 -8.3218E+03
0000798   1.5000E+06  3.0120E+04  1.6372E+04
0000799   1.4967E+06 -1.5936E+04  6.8921E+04
0000800   1.5149E+06 -7.3574E+04 -4.0505E+04
0000801   1.5203E+06 -1.1028E+05  1.7229E+03
0000802   1.4744E+06  1.4543E+04 -1.1441E+04
0000803   1.5113E+06  1.2059E+03 -4.7770E+03
0000804   1.4848E+06  1.1719E+04 -6.9221E+04
0000805   1.5012E+06  7.7523E+03 -6.5581E+04
0000806   1.5380E+06 -1.8535E+04 -8.9510E+04
0000807   1.5274E+06 -3.1973E+03  6.3414E+03
0000808   1.5100E+06  2.8317E+04  8.4185E+04
0000809   1.4878E+06  5.0694E+03 -2.4839E+02
0000810   1.4757E+06  8.2842E+04 -1.3783E+05
0000811   1.5121E+06  9.3080E+04 -6.7507E+04
0000812   1.5163E+06  5.6779E+03 -5.6452E+04
0000813   1.5040E+06 -5.7332E+04  7.5995E+03
0000814   1.4731E+06 -2.3412E+04  1.5341E+04
0000815   1.5147E+06  6.8214E+04 -9.8323E+04
0000816   1.5122E+06  4.5700E+04 -3.5899E+04
0000817   1.5014E+06 -2.2414E+04  3.9337E+04
0000818   1.4690E+06  8.6935E+04 -6.6628E+03
0000819   1.4985E+06  6.6178E+04  1.9280E+04
0000820   1.5536E+06  4.2632E+04  1.8728E+04
0000821   1.4982E+06 -1.3188E+04 -4.2402E+04
0000822   1.5001E+06  2.1889E+04 -3.5268E+04
0000823   1.5062E+06  1.5446E+04 -2.1745E+04
0000824   1.5426E+06 -6.2990E+04 -7.5246E+04
0000825   1.4921E+06 -2.3369E+04  4.8388E+04
0000826   1.5110E+06 -1.5948E+02  7.5144E+04
0000827   1.4966E+06 -6.4491E+04 -4.8430E+04
0000828   1.5035E+06  5.8026E+04  5.5777E+04
0000829   1.5447E+06  7.5655E+03  4.3222E+04
0000830   1.4955E+06 -8.3391E+03  3.5786E+04
0000831   1.5162E+06  1.7839E+04 -6.9584E+03
0000832   1.4971E+06  2.7878E+04 -6.8981E+04
0000833   1.4702E+06 -7.5427E+04 -2.6105E+04
0000834   1.5294E+06  7.4788E+04 -5.5834E+04
0000835   1.5013E+06 -1.7640E+04  1.2005E+05
0000836   1.4642E+06 -5.4982E+04  4.3702E+04
0000837   1.4779E+06 -1.2012E+05  5.0068E+04
0000838   1.5205E+06  4.3228E+04  1.6739E+04
0000839   1.4885E+06 -6.9133E+04  4.0478E+04
0000840   1.5151E+06  9.3873E+04 -1.0689E+04
0000841   1.5035E+06 -4.4123E+04  3.5213E+04
0000842   1.4661E+06 -3.5782E+04  7.4648E+04
0000843   1.5290E+06  5.6120E+04 -1.6171E+04
0000844   1.4936E+06 -9.2797E+04  1.8158E+05
0000845   1.4943E+06  4.1799E+04 -3.3098E+04
0000846   1.4684E+06 -4.7434E+04 -1.9485E+04
0000847   1.5306E+06  2.5142E+03 -6.1875E+04
0000848   1.4841E+06 -7.6565E+04 -4.9384E+04
0000849   1.5013E+06  2.9928E+04 -4.8270E+03
0000850   1.5162E+06  3.2004E+04 -8.9973E+04
0000851   1.4879E+06 -1.7721E+04  5.4468E+04
0000852   1.5357E+06 -1.8508E+04 -3.9649E+04
0000853   1.5333E+06  2.2378E+04 -6.5380E+04
0000854   1.5350E+06  4.6670E+03  3.8695E+04
0000855   1.5171E+06 -7.8057E+04 -7.0078E+04
0000856   1.5341E+06  5.1430E+04  5.1704E+04
0000857   1.4927E+06  1.9990E+04  1.3985E+04
0000858   1.4956E+06 -3.6738E+04  4.5003E+03
0000859   1.5361E+06  5.1856E+04 -3.7167E+04
0000860   1.4889E+06  3.4702E+04  2.1135E+04
0000861   1.4638E+06  1.3569E+05 -2.9561E+04
0000862   1.4947E+06  2.8762E+04  7.3099E+04
0000863   1.4516E+06 -1.9606E+05 -2.0437E+05
0000864   1.4970E+06  1.2400E+05  4.4074E+04
0000865   1.5062E+06 -9.9990E+03  3.8988E+04
0000866   1.5341E+06  2.2657E+04 -2.0632E+04
0000867   1.5537E+06 -2.4650E+03 -1.4341E+04
0000868   1.5052E+06  1.1428E+04  2.7016E+04
0000869   1.5090E+06  3.7194E+04  1.9947E+02
0000870   1.4807E+06  2.3803E+04 -3.2907E+04
0000871   1.5249E+06  1.8447E+04  2.5506E+04
0000872   1.5643E+06  4.3225E+02 -2.7624E+04
0000873   1.5009E+06 -1.1111E+05 -6.3127E+04
0000874   1.5136E+06 -5.1393E+03  6.7195E+04
0000875   5.2854E+05  2.0477E+05  1.6392E+05
0000876   1.4888E+06 -6.7248E+04 -8.0145E+04
0000877   1.5166E+06 -7.8625E+04  6.2132E+04
0000878   1.4991E+06 -2.9640E+03 -5.1504E+04
0000879   1.4766E+06  4.8053E+04 -5.0915E+04
0000880   1.5450E+06  6.1625E+03 -3.5998E+04
0000881   1.5102E+06  9.3791E+04 -1.0410E+05
0000882   1.5023E+06  8.7340E+03  3.0812E+02
0000883   1.5098E+06 -2.7423E+04 -3.4884E+04
0000884   1.4717E+06 -4.2527E+04  2.1592E+04
0000885   1.5153E+06 -3.8142E+04 -9.3890E+04
0000886   1.4844E+06  7.3221E+04  3.1294E+04
0000887   1.5126E+06 -1.3253E+05  4.2963E+04
0000888   1.5294E+06 -4.1076E+04 -2.3821E+04
0000889   1.4900E+06 -2.4859E+04 -2.6403E+04
0000890   1.4891E+06  5.2734E+04  1.1925E+04
0000891   1.5175E+06  7.7998E+03  5.6263E+04
0000892   1.5190E+06 -2.5050E+04  3.6160E+03
0000893   1.4705E+06 -1.0149E+05  1.0410E+04
0000894   1.5671E+06  4.1848E+04  2.9779E+04
0000895   1.5032E+06 -2.0748E+04  3.3711E+04
0000896   1.5023E+06  5.8171E+04  2.8281E+04
0000897   1.5315E+06  1.2798E+04  1.2764E+05
0000898   1.5275E+06  1.2006E+05 -6.2492E+03
0000899   1.4525E+06 -4.6444E+04  1.1013E+05
0000900   1.4980E+06  7.5469E+04  2.2494E+04
0000901   1.5105E+06  1.3912E+04 -1.6155E+04
0000902   1.4903E+06 -2.7635E+03 -5.6846E+03
0000903   1.4588E+06 -6.3427E+04 -8.1609E+03
0000904   1.5314E+06  7.4575E+04  1.3588E+05
0000905   1.5243E+06  3.6411E+04 -1.2991E+05
0000906   1.5026E+06 -6.8707E+04 -7.6507E+03
0000907   1.5155E+06  6.5673E+04 -1.0406E+05
0000908   1.5243E+06  7.2146E+04  9.4951E+04
0000909   1.4894E+06  1.5650E+04 -7.0443E+04
0000910   1.5191E+06 -9.1845E+04  9.4569E+04
0000911   1.4640E+06 -5.8317E+04  6.9035E+03
0000912   1.5011E+06 -1.8975E+04  4.2075E+04
0000913   1.4752E+06 -1.1142E+04  1.6904E+03
0000914   1.5280E+06  1.0391E+04 -5.1328E+04
0000915   1.4921E+06  1.5989E+02 -9.0359E+04
0000916   1.4740E+06 -4.8656E+04 -7.4154E+04
0000917   1.4731E+06 -4.1053E+04 -5.3529E+04
0000918   1.5125E+06  5.3094E+04  3.3640E+03
0000919   1.4875E+06  2.8585E+04  2.0385E+04
0000920   1.5495E+06 -6.2526E+02 -3.0441E+03
0000921   1.5135E+06 -1.8595E+03  4.1531E+04
0000922   1.4992E+06  9.2750E+03 -3.0928E+03
0000923   1.4168E+06  1.1415E+05 -6.6625E+01
0000924   1.5376E+06 -1.4458E+04 -6.0103E+04
0000925   1.5389E+06  4.9616E+04  7.8170E+04
0000926   1.5172E+06  1.1810E+05  1.0935E+04
0000927   1.4790E+06  4.8703E+03  1.5229E+03
0000928   1.4741E+06  4.0303E+03  1.8970E+04
0000929   1.5039E+06  9.6797E+04 -1.8853E+05
0000930   1.5723E+06  1.0245E+05 -5.9641E+04
0000931   1.4704E+06 -1.5307E+05  5.0425E+04
0000932   1.5122E+06 -3.5624E+04 -2.1854E+04
0000933   1.5154E+06 -4.9947E+04 -1.3595E+05
0000934   1.4723E+06 -1.7863E+04  3.9472E+04
0000935   1.4616E+06 -1.3694E+05  2.6382E+04
0000936   1.4923E+06  2.0325E+04  6.6179E+03
0000937   1.4763E+06 -1.3494E+05 -8.2854E+04
0000938   1.5350E+06 -4.2515E+04 -3.9685E+04
0000939   1.5209E+06  1.4349E+04  5.2038E+04
0000940   1.5112E+06 -2.0498E+04 -1.0813E+05
0000941   1.4704E+06  2.3623E+04  5.5684E+04
0000942   1.4975E+06 -4.5821E+04 -3.8846E+04
0000943   1.4570E+06 -1.6412E+05  2.5606E+05
0000944   1.4596E+06 -2.8031E+05  1.1038E+05
0000945   1.5050E+06 -2.6427E+04 -7.5554E+04
0000946   1.4997E+06 -3.3188E+04  3.1830E+04
0000947   1.4873E+06 -4.4018E+04 -1.3684E+04
0000948   1.4024E+06  1.0294E+05 -3.1139E+05
0000949   1.5099E+06  3.9272E+04  1.1011E+05
0000950   1.5351E+06 -6.3864E+04 -5.0949E+04
0000951   1.5364E+06 -1.5100E+03  1.9780E+04
0000952   1.4781E+06  4.6893E+04  1.9269E+04
0000953   1.4764E+06  9.8140E+02  6.5585E+04
0000954   1.5447E+06  1.5456E+04 -1.1858E+04
0000955   1.5261E+06 -9.0695E+03  3.8324E+03
0000956   1.5076E+06  7.8520E+04  9.5820E+04
0000957   1.4876E+06  4.6714E+04 -2.6366E+04
0000958   1.4960E+06  4.1290E+04 -3.8025E+04
0000959   1.5076E+06  3.7078E+04  7.0034E+03
0000960   1.5525E+06  7.3326E+04 -6.6397E+04
0000961   1.5673E+06 -6.3056E+04  5.6785E+03
0000962   1.5300E+06 -2.1804E+04 -6.6601E+03
0000963   1.4971E+06 -1.6458E+04  2.5229E+02
0000964   1.4926E+06 -5.2890E+01 -1.6016E+03
0000965   1.5182E+06  4.2471E+04  6.8453E+04
0000966   1.5264E+06  3.6040E+04  7.7860E+04
0000967   1.5289E+06 -1.0727E+05 -2.7348E+04
0000968   1.5176E+06  6.7148E+04 -1.7105E+04
0000969   1.5542E+06  5.7886E+04 -1.8672E+04
0000970   1.4712E+06 -1.6912E+03 -8.8106E+03
0000971   1.4997E+06 -1.4274E+05  3.3214E+04
0000972   1.5131E+06 -6.6079E+04  9.2972E+03
0000973   1.5268E+06  4.5787E+04 -3.3687E+03
0000974   1.4936E+06  5.9783E+04 -5.4400E+02
0000975   1.5049E+06  2.0323E+04 -2.4258E+04
0000976   1.5126E+06  1.3180E+04  3.3805E+04
0000977   1.5316E+06  4.9994E+04 -2.8762E+04
0000978   1.4965E+06  8.2213E+04  3.4163E+04
0000979   1.5004E+06 -5.1594E+04  6.8365E+04
0000980   1.5019E+06  2.6229E+04  2.3133E+04
0000981   1.4480E+06 -1.3813E+05 -3.6902E+04
0000982   1.5398E+06  5.1911E+04 -3.6181E+04
0000983   1.4731E+06  6.9847E+04  8.6014E+04
0000984   1.4759E+06 -7.9255E+04 -1.3625E+04
0000985   1.5117E+06  5.3575E+04 -1.9261E+04
0000986   1.5499E+06  1.1204E+05  5.1670E+04
0000987   1.5295E+06  5.4884E+03 -7.3458E+04
0000988   1.4893E+06 -5.7630E+04  8.9995E+03
0000989   1.4941E+06  4.3364E+04 -6.8181E+04
0000990   1.5208E+06 -1.6388E+04 -4.6118E+04
0000991   1.4875E+06  2.6951E+04 -2.7289E+04
0000992   1.4884E+06  7.7598E+04 -1.6437E+04
0000993   1.5158E+06  3.8539E+03  1.2104E+03
0000994   1.5264E+06 -1.5224E+04 -9.8449E+02
0000995   1.4827E+06 -8.4955E+03  2.6433E+04
0000996   1.4972E+06 -6.0349E+04 -6.5295E+03
0000997   1.5306E+06 -4.6177E+04 -6.4123E+04
0000998   1.5240E+06  7.4426E+04 -2.4920E+04
0000999   1.4847E+06  2.4892E+05 -1.0927E+05
0001000   1.5093E+06 -3.5442E+04 -2.6687E+04
