============================== SRIM-2013.00 ==============================
==============================================================================
====== SRIM Outputs\RANGE_3D.txt : File of Final Ion Positions =====

Ion =  H (01)   Ion Mass= 001.0080
Energy  = 4100000.E-03 keV
Ion Angle to Surface = 00.0 degrees
==================== TARGET =======================
  Layer # 1 - Si_Top    
  Layer # 1 - Bottom Depth=300000.E+01 A
  Layer # 1 - Density =0002.3210 g/cm3
  Layer # 1 -  100 % of Si
икикикикикикикикикикикикикикикикикикикикикикикикикикикикикикикикикикикикикикикикикикикикикикикикикикикик
  Layer # 2 - Si_Bottom 
  Layer # 2 - Bottom Depth=600000.E+01 A
  Layer # 2 - Density =0002.3210 g/cm3
  Layer # 2 -  100 % of Si
икикикикикикикикикикикикикикикикикикикикикикикикикикикикикикикикикикикикикикикикикикикикикикикикикикикик
                                            
Ion       Depth  X   Lateral Y   Lateral Z  
Number    (Angstrom) (Angstrom)  (Angstrom) 
-------  ----------- ----------- -----------
0000001   1.5532E+06 -5.2099E+04 -7.9555E+03
0000002   1.6047E+06 -3.7076E+04  1.8192E+04
0000003   1.5745E+06 -1.1042E+04  6.2578E+04
0000004   1.5443E+06 -4.8033E+04 -1.7219E+04
0000005   1.5301E+06 -4.9643E+04  1.8513E+04
0000006   1.5778E+06 -8.7812E+04  2.8437E+03
0000007   1.5509E+06 -2.9548E+03  8.1894E+04
0000008   1.5500E+06 -5.1277E+03 -3.5702E+04
0000009   1.5774E+06 -5.3170E+04  4.7572E+04
0000010   1.5639E+06 -5.2805E+04  7.7888E+04
0000011   1.5691E+06 -3.5671E+03  2.3916E+04
0000012   1.5392E+06  7.4488E+04  5.1593E+03
0000013   1.5615E+06 -3.3559E+04 -6.3475E+04
0000014   1.5484E+06  3.9559E+04  4.3081E+04
0000015   1.6019E+06  4.4132E+04  2.2647E+04
0000016   1.5733E+06 -2.8470E+03 -1.5717E+04
0000017   1.5616E+06  6.5329E+04 -5.0677E+04
0000018   1.4936E+06 -1.1957E+05  8.2940E+04
0000019   1.5470E+06 -1.9644E+04  3.4973E+04
0000020   1.5975E+06 -2.4710E+04  1.9286E+04
0000021   1.5439E+06  6.0745E+04 -7.1547E+04
0000022   1.4998E+06 -8.2183E+04 -1.2167E+05
0000023   1.5709E+06  1.1226E+04 -2.1898E+04
0000024   1.5477E+06  6.6261E+04  2.5648E+04
0000025   1.5338E+06 -1.6519E+05 -2.5153E+05
0000026   1.6185E+06 -1.6868E+04 -3.3732E+03
0000027   1.5438E+06  2.9526E+04  1.0557E+05
0000028   1.5110E+06  8.5700E+04 -2.7878E+04
0000029   1.5433E+06 -1.3207E+05  4.7808E+03
0000030   1.4825E+06  3.2037E+05  4.4465E+04
0000031   1.5439E+06 -8.2275E+04  9.7508E+03
0000032   1.5895E+06  6.2578E+04  4.5748E+03
0000033   1.5673E+06  1.7268E+04  1.1714E+04
0000034   1.5896E+06  2.6980E+04  1.4567E+05
0000035   1.5565E+06  6.4298E+04  4.3892E+04
0000036   1.5985E+06  2.4285E+04 -4.0449E+04
0000037   1.5632E+06  4.0207E+04 -7.5602E+04
0000038   1.5698E+06 -4.4649E+04 -2.1893E+04
0000039   1.5774E+06  4.1000E+03 -2.0151E+04
0000040   1.5370E+06 -1.3732E+05 -1.3688E+04
0000041   1.5237E+06  8.2775E+04  4.2237E+04
0000042   1.5662E+06  2.4925E+04  1.5837E+03
0000043   1.5235E+06 -5.1639E+02  3.2648E+04
0000044   1.5863E+06 -5.2894E+04 -2.7010E+04
0000045   1.5787E+06  3.4052E+03 -1.4544E+04
0000046   1.5704E+06  3.1789E+04  7.1275E+04
0000047   1.5720E+06  1.1935E+04  1.8246E+04
0000048   1.5845E+06  8.8570E+04  1.9782E+04
0000049   1.5912E+06 -7.9403E+04 -4.7567E+04
0000050   1.5574E+06 -8.3785E+03  8.4073E+04
0000051   1.5765E+06 -5.9246E+03  1.1408E+05
0000052   1.5547E+06 -9.5743E+04  3.5255E+04
0000053   1.5691E+06 -4.5894E+04  2.4811E+04
0000054   1.6036E+06 -1.4578E+04  2.8841E+04
0000055   1.4781E+06  1.0926E+05 -8.5181E+04
0000056   1.5412E+06 -9.2598E+04 -6.8442E+03
0000057   1.5457E+06  3.5704E+03  8.2605E+04
0000058   1.5613E+06 -6.4908E+03 -1.6488E+03
0000059   1.5724E+06  6.9204E+04 -3.9023E+04
0000060   1.5699E+06 -1.8315E+04  4.6766E+04
0000061   1.6294E+06 -2.5620E+04 -4.6962E+04
0000062   1.5652E+06 -2.3348E+03  8.1611E+04
0000063   1.5517E+06  1.2148E+04 -5.4756E+04
0000064   1.5762E+06  7.8847E+04  1.1071E+05
0000065   1.5631E+06  1.4122E+04 -5.3422E+04
0000066   1.5456E+06 -1.0201E+05 -8.3840E+04
0000067   1.5890E+06 -1.1733E+05  2.4332E+04
0000068   1.5311E+06 -3.7437E+04 -1.5362E+04
0000069   1.5603E+06 -5.0979E+04 -2.5994E+04
0000070   1.5664E+06  2.2394E+03  2.3664E+04
0000071   1.5514E+06 -9.2832E+04  3.8825E+04
0000072   1.5630E+06 -4.7144E+04  8.3176E+04
0000073   1.5311E+06 -8.3522E+04  5.0983E+03
0000074   1.6062E+06  2.0533E+04  6.9730E+04
0000075   1.5116E+06  2.8517E+04  3.7637E+04
0000076   1.5844E+06  1.1020E+05  6.4428E+04
0000077   1.5918E+06 -2.7317E+04 -6.8644E+03
0000078   1.6138E+06 -4.6644E+04 -7.7199E+04
0000079   1.5497E+06 -4.7159E+04 -7.4948E+04
0000080   1.5487E+06  3.4254E+04  4.3003E+04
0000081   1.5836E+06 -3.5213E+04 -2.8058E+04
0000082   1.5601E+06 -7.2184E+04  2.3474E+04
0000083   1.5917E+06 -7.6532E+04  2.3964E+04
0000084   1.5565E+06  8.5321E+03 -1.1692E+05
0000085   1.5420E+06 -7.8434E+04 -6.8866E+04
0000086   1.5660E+06 -6.4248E+04  1.9931E+04
0000087   1.5483E+06  8.9299E+04  2.3527E+03
0000088   1.5645E+06  3.1388E+04  5.1173E+04
0000089   1.5871E+06 -1.0516E+05  5.1764E+04
0000090   1.5602E+06  3.2608E+04 -3.1738E+04
0000091   1.5379E+06  1.8933E+05  2.3204E+04
0000092   1.5534E+06  6.9811E+04  3.8215E+03
0000093   1.5925E+06  1.4395E+04  1.6206E+04
0000094   1.5706E+06  3.7353E+03  2.4669E+04
0000095   1.5602E+06  3.8895E+04  2.5502E+04
0000096   1.5281E+06 -7.6312E+04  1.4681E+04
0000097   1.5883E+06  4.8559E+04 -3.0495E+04
0000098   1.5384E+06 -3.4923E+04 -7.7642E+03
0000099   1.5794E+06  1.2864E+04  3.4917E+04
0000100   1.5422E+06  2.1417E+04 -4.7704E+04
0000101   1.5964E+06  1.2202E+04 -6.2018E+04
0000102   1.5282E+06  4.1342E+03  5.6987E+04
0000103   1.6037E+06 -1.8125E+03 -7.1079E+04
0000104   1.5756E+06 -8.1237E+04  4.8563E+04
0000105   1.5675E+06 -1.8674E+04  8.6455E+03
0000106   1.5206E+06 -3.1499E+04  2.0352E+04
0000107   1.5598E+06 -1.7022E+04 -6.7087E+03
0000108   1.5570E+06  5.9355E+04  9.7879E+03
0000109   1.5716E+06  1.5654E+05  2.6581E+04
0000110   1.5528E+06  2.7472E+04 -8.1942E+04
0000111   1.5811E+06 -1.4524E+04 -1.9381E+04
0000112   1.5414E+06  4.6833E+03  6.7135E+04
0000113   1.5591E+06 -1.0578E+05  7.0330E+04
0000114   1.5919E+06  3.1517E+04 -1.2465E+03
0000115   1.5609E+06 -5.0463E+03  2.2877E+03
0000116   1.5839E+06  1.3463E+05 -7.1183E+04
0000117   1.6007E+06 -3.3091E+04  3.0429E+04
0000118   1.5520E+06  3.5614E+04 -1.8805E+04
0000119   1.5746E+06 -3.9248E+04  3.2567E+04
0000120   1.5688E+06  1.0182E+05 -6.4331E+04
0000121   1.5613E+06 -4.1537E+04  1.9415E+03
0000122   1.5122E+06  1.2043E+05  1.0690E+05
0000123   1.5625E+06  5.2061E+04  8.7829E+04
0000124   1.5887E+06 -1.0695E+05  2.7332E+04
0000125   1.5693E+06 -7.7070E+04 -2.0017E+04
0000126   1.5853E+06  1.1267E+04  2.2731E+04
0000127   1.6205E+06 -5.4437E+04 -1.5279E+04
0000128   1.5719E+06 -1.4357E+04  7.5572E+03
0000129   1.5396E+06 -6.0033E+04 -2.8168E+04
0000130   1.5999E+06 -6.1074E+03 -8.4986E+04
0000131   1.5499E+06 -1.1828E+04  5.9928E+04
0000132   1.5560E+06  2.3965E+04 -1.9278E+04
0000133   1.5793E+06  5.3876E+04  2.4096E+04
0000134   1.5282E+06  5.7317E+04  1.0528E+05
0000135   1.5761E+06 -5.7447E+04 -4.3485E+03
0000136   1.5349E+06 -5.4485E+04  1.1247E+03
0000137   1.5872E+06  6.5010E+04 -1.1396E+04
0000138   1.5937E+06 -6.2733E+03  4.7304E+04
0000139   1.5721E+06  2.6381E+04  1.5804E+05
0000140   1.5532E+06  8.7141E+03  3.5369E+04
0000141   1.5265E+06  3.6185E+04 -3.1931E+04
0000142   1.5247E+06  9.9157E+03 -4.3818E+04
0000143   1.6182E+06 -1.0590E+04 -6.5514E+04
0000144   1.5792E+06  1.0472E+05 -1.5060E+04
0000145   1.5566E+06 -3.7852E+04  4.6033E+04
0000146   1.5480E+06 -1.3074E+05  2.5400E+05
0000147   1.5366E+06 -5.8904E+02 -5.3850E+04
0000148   1.5177E+06 -6.5382E+04 -1.0649E+04
0000149   1.5996E+06 -2.0209E+04  3.2653E+04
0000150   1.5836E+06 -4.8215E+04 -1.0675E+04
0000151   1.5840E+06  1.1617E+04 -2.4672E+04
0000152   1.5420E+06 -1.4271E+04 -5.8669E+04
0000153   1.5211E+06  1.1876E+05  7.1796E+04
0000154   1.5865E+06 -7.4532E+04  3.9503E+04
0000155   1.5600E+06 -5.9807E+04  1.0000E+03
0000156   1.5748E+06 -6.8361E+04  5.5207E+04
0000157   1.5653E+06 -1.0941E+05 -8.4862E+04
0000158   1.5841E+06  5.9305E+03 -4.6695E+04
0000159   1.6039E+06  1.6421E+04 -3.0756E+04
0000160   1.5717E+06  9.8544E+03  4.4650E+04
0000161   1.5655E+06 -3.3813E+04 -4.0842E+04
0000162   1.5859E+06 -2.6905E+04  5.4629E+04
0000163   1.5775E+06 -2.3953E+04  3.5631E+04
0000164   1.5980E+06 -4.5602E+03 -5.8235E+04
0000165   1.5912E+06  3.3242E+04 -1.9172E+03
0000166   1.5379E+06  6.7713E+04  6.2675E+04
0000167   1.5339E+06  7.4161E+04  7.0515E+03
0000168   1.5412E+06  4.3977E+04  1.5427E+03
0000169   1.5568E+06 -3.6513E+04 -1.5871E+03
0000170   1.5224E+06 -4.8017E+04 -1.2061E+05
0000171   1.5436E+06  1.7039E+03  9.2350E+04
0000172   1.5643E+06  1.3492E+05  2.9936E+04
0000173   1.5504E+06 -9.1537E+04 -3.0700E+04
0000174   1.5745E+06  5.7706E+04  4.6321E+04
0000175   1.5918E+06 -7.3980E+03  3.3011E+04
0000176   1.5567E+06 -7.0401E+04 -4.1827E+04
0000177   1.5530E+06 -6.2076E+04 -1.2033E+05
0000178   1.5606E+06 -2.2492E+04 -2.8170E+04
0000179   1.5074E+06  4.6111E+04  2.2135E+05
0000180   1.5573E+06 -1.6856E+04 -2.2960E+04
0000181   1.5621E+06 -3.6878E+04  3.8242E+03
0000182   1.5745E+06  3.1712E+04 -4.7909E+04
0000183   1.5549E+06 -4.6425E+04  4.2763E+04
0000184   1.5731E+06  2.1976E+04 -1.8913E+04
0000185   1.5629E+06 -1.1781E+04 -1.4444E+03
0000186   1.5928E+06  1.1832E+04 -5.8457E+04
0000187   1.5803E+06  1.1254E+01  2.3960E+04
0000188   1.5308E+06 -8.4240E+04  5.7460E+04
0000189   1.4866E+06  2.6407E+05  1.8228E+05
0000190   1.5617E+06 -3.0289E+04  3.6109E+04
0000191   1.5228E+06  4.2776E+04 -8.2434E+04
0000192   1.6002E+06 -3.6179E+04 -6.7856E+04
0000193   1.5490E+06  5.7333E+03  3.0982E+04
0000194   1.5635E+06 -1.8315E+04 -2.8552E+03
0000195   1.5912E+06  1.8633E+05 -3.1688E+04
0000196   1.5564E+06 -1.4296E+04  1.9130E+04
0000197   1.5600E+06 -2.8907E+04 -3.9666E+04
0000198   1.5824E+06 -4.2457E+04  6.6690E+04
0000199   1.5472E+06 -2.9547E+04 -4.5423E+04
0000200   1.5463E+06  7.3866E+04 -8.4108E+04
0000201   1.6462E+06 -1.2926E+03 -5.0973E+04
0000202   1.5585E+06 -1.6696E+04  2.4859E+04
0000203   1.5651E+06  6.2126E+04  2.1262E+04
0000204   1.5993E+06  8.9820E+03 -5.0803E+04
0000205   1.5556E+06 -2.7470E+03 -1.5245E+04
0000206   1.5896E+06  1.3597E+05  2.3266E+04
0000207   1.5801E+06  6.5290E+02  8.7576E+04
0000208   1.5529E+06  5.2445E+04 -3.6089E+03
0000209   1.5452E+06 -6.5991E+04 -2.9165E+04
0000210   1.5195E+06  5.7775E+03  7.4243E+04
0000211   1.5498E+06  3.0657E+04  1.1301E+04
0000212   1.5219E+06 -4.4746E+04 -1.0782E+05
0000213   1.5652E+06  7.1812E+04 -1.9273E+03
0000214   1.5114E+06  2.1421E+05  2.7708E+04
0000215   1.5707E+06 -2.8732E+04 -8.9321E+03
0000216   1.5997E+06 -2.3622E+02  1.8269E+04
0000217   1.5394E+06  1.6246E+05 -9.2197E+04
0000218   1.5250E+06 -5.7067E+04  5.2505E+04
0000219   1.5540E+06 -7.2301E+04 -9.4288E+04
0000220   1.6013E+06 -5.9434E+04  5.3347E+04
0000221   1.5611E+06  4.4832E+04 -7.5189E+03
0000222   1.5659E+06  6.1139E+04 -5.2383E+04
0000223   1.5221E+06  6.0498E+04  6.7260E+03
0000224   1.5680E+06 -4.6465E+04  2.3391E+04
0000225   1.5420E+06 -6.2601E+04  7.1817E+03
0000226   1.5682E+06  5.7187E+04 -1.2923E+04
0000227   1.5822E+06  1.0355E+04 -1.2236E+05
0000228   1.5738E+06 -2.9350E+04  1.4663E+04
0000229   1.5473E+06 -2.0698E+04 -7.4161E+04
0000230   1.5175E+06 -2.1419E+04 -1.1778E+05
0000231   1.5622E+06 -4.0290E+04 -6.4704E+04
0000232   1.6236E+06  1.9075E+04  2.2170E+04
0000233   1.5329E+06 -3.8141E+03  1.6019E+04
0000234   1.5476E+06 -1.1461E+03 -1.1571E+05
0000235   1.5272E+06 -1.9887E+04 -1.3244E+05
0000236   1.5574E+06 -5.0831E+04  3.9358E+04
0000237   1.5428E+06 -1.0486E+04 -2.6938E+04
0000238   1.5536E+06  3.5275E+04 -5.8952E+04
0000239   1.5482E+06 -1.8971E+04 -3.0483E+04
0000240   1.5618E+06 -2.2685E+04 -1.7207E+04
0000241   1.5840E+06  4.8242E+03 -5.0460E+04
0000242   1.5447E+06  1.4465E+05 -2.5426E+04
0000243   1.5760E+06 -9.1903E+03 -1.0500E+05
0000244   1.5335E+06 -1.1842E+04 -9.1985E+03
0000245   1.3518E+06 -2.6341E+05 -6.5057E+05
0000246   1.5167E+06 -3.5105E+04 -1.1958E+05
0000247   1.5790E+06 -1.9937E+04  2.3277E+04
0000248   1.5504E+06  6.7027E+04  3.5766E+04
0000249   1.5816E+06  1.5904E+04  4.1935E+04
0000250   1.5782E+06 -2.1232E+04 -1.7206E+04
0000251   1.5158E+06 -7.1789E+04 -3.3814E+04
0000252   1.5925E+06 -4.7721E+04 -2.6100E+04
0000253   1.5387E+06  1.1334E+04  3.2478E+04
0000254   1.5661E+06 -3.8478E+04 -2.1088E+04
0000255   1.5225E+06  1.4799E+04 -1.4688E+04
0000256   1.5306E+06 -5.1440E+03  5.5315E+04
0000257   1.5686E+06  2.5189E+04  1.4028E+04
0000258   1.5600E+06 -3.8085E+04  2.0400E+03
0000259   1.6158E+06 -6.9239E+04 -1.9703E+04
0000260   1.5850E+06 -1.8758E+04 -1.1344E+05
0000261   1.5611E+06 -7.2519E+04  4.3904E+04
0000262   1.5384E+06  1.0923E+05  3.7550E+04
0000263   1.5870E+06  1.6527E+04  8.8542E+04
0000264   1.6318E+06  3.4523E+04  3.3328E+04
0000265   1.5948E+06 -4.8286E+04  5.8333E+03
0000266   1.5696E+06 -2.0784E+04 -1.3881E+04
0000267   1.5294E+06  1.3643E+05  9.3576E+04
0000268   1.5996E+06 -8.4223E+04  5.4991E+04
0000269   1.5633E+06 -9.7838E+03  4.0036E+04
0000270   1.5435E+06 -1.0450E+05  6.0325E+03
0000271   1.5895E+06  4.7150E+04  3.7800E+04
0000272   1.6053E+06  4.6196E+04  9.1330E+04
0000273   1.5799E+06  5.9468E+04 -2.5022E+04
0000274   1.5694E+06 -3.6469E+04 -3.8190E+04
0000275   1.5936E+06 -2.4535E+04 -8.9663E+04
0000276   1.5410E+06 -2.7654E+04 -8.2185E+03
0000277   1.5445E+06 -8.7816E+04  1.0926E+05
0000278   1.6138E+06 -5.1712E+04  2.7039E+04
0000279   1.5919E+06 -3.2601E+04 -1.0088E+05
0000280   1.6013E+06  2.9369E+04  1.4753E+04
0000281   1.5713E+06 -8.4100E+02  4.8290E+04
0000282   1.5489E+06 -1.5209E+04 -1.1921E+04
0000283   1.5286E+06 -1.2636E+05  2.8545E+05
0000284   1.5567E+06  7.0741E+04 -4.3436E+04
0000285   1.5564E+06  5.1115E+04  4.2820E+03
0000286   1.5647E+06 -2.7746E+04 -2.0354E+04
0000287   1.5536E+06  1.0968E+05  3.1031E+04
0000288   1.5568E+06  6.8970E+04 -6.4496E+04
0000289   1.5718E+06 -3.7680E+04  6.4602E+04
0000290   1.5379E+06  1.7768E+05  1.6257E+05
0000291   1.5430E+06  3.2751E+03  1.4826E+04
0000292   1.5207E+06 -1.0740E+03 -1.0903E+05
0000293   1.5596E+06 -2.8563E+04  4.8405E+03
0000294   1.5774E+06  1.4625E+04 -2.9083E+04
0000295   1.5528E+06  9.2581E+02  3.7031E+04
0000296   1.5687E+06 -4.8878E+04  2.6661E+04
0000297   1.5615E+06  9.9454E+03  5.8503E+04
0000298   1.6015E+06  7.1277E+04 -7.6607E+04
0000299   1.5439E+06 -1.4245E+05  6.2115E+04
0000300   1.5792E+06  8.6994E+03  2.1124E+04
0000301   1.5222E+06 -3.1321E+04  6.2622E+04
0000302   1.5782E+06 -2.9644E+04  7.9083E+04
0000303   1.5496E+06  3.5199E+04  3.5814E+04
0000304   1.5409E+06  1.1534E+04  5.5854E+04
0000305   1.5800E+06 -4.2540E+04 -6.3885E+03
0000306   1.5117E+06  2.0770E+04  8.3417E+04
0000307   1.5778E+06 -1.8371E+04 -3.3914E+04
0000308   1.6104E+06  6.1017E+04 -9.9150E+03
0000309   1.6077E+06 -1.1834E+04  2.1308E+04
0000310   1.5544E+06  6.7449E+04 -4.0194E+04
0000311   1.5601E+06  4.5897E+04 -5.6394E+04
0000312   1.5588E+06 -2.0682E+05  3.6086E+04
0000313   1.5890E+06  2.5095E+04 -4.0260E+03
0000314   1.5773E+06  1.1138E+05  5.5451E+04
0000315   1.5820E+06  4.2342E+04 -2.9154E+04
0000316   1.5348E+06  7.2837E+04  7.1879E+04
0000317   1.6226E+06 -2.3670E+04  2.7418E+03
0000318   1.5308E+06 -5.9291E+04 -6.6717E+04
0000319   1.5673E+06  6.7821E+03 -3.6308E+04
0000320   1.5571E+06 -2.1970E+04 -1.9071E+04
0000321   1.5439E+06 -4.2132E+04 -6.7388E+04
0000322   1.5712E+06 -1.3499E+04  3.8485E+04
0000323   1.5635E+06 -1.5498E+04  3.1228E+04
0000324   1.5877E+06  4.5886E+04  8.9370E+04
0000325   1.5314E+06  2.4542E+04 -2.3255E+04
0000326   1.5790E+06 -5.2154E+04 -3.8002E+04
0000327   1.5623E+06 -1.4844E+03 -1.6889E+04
0000328   1.5576E+06  7.2457E+04  1.7034E+04
0000329   1.5612E+06  2.2691E+04  3.7422E+04
0000330   1.5708E+06  2.5913E+04  5.5038E+04
0000331   1.5728E+06 -3.2499E+04  8.8824E+03
0000332   1.5315E+06  3.0885E+04 -3.8246E+03
0000333   1.5310E+06 -1.1725E+05 -3.1045E+04
0000334   1.5914E+06  6.1203E+04  8.6841E+04
0000335   1.5606E+06 -1.8071E+04  2.5460E+04
0000336   1.5462E+06 -8.4742E+03  1.9638E+05
0000337   1.5422E+06 -4.0868E+04  1.9070E+04
0000338   1.5797E+06 -5.3640E+03 -3.8672E+04
0000339   1.5582E+06  8.4308E+04 -6.6395E+04
0000340   1.5998E+06 -5.4413E+04  1.6265E+04
0000341   1.6316E+06  1.5590E+03 -5.4333E+04
0000342   1.5794E+06  8.1111E+04  3.8979E+04
0000343   1.5641E+06 -1.9772E+04 -1.7375E+04
0000344   1.5514E+06  4.7495E+04  1.8757E+04
0000345   1.5497E+06  2.1192E+04 -4.6314E+04
0000346   1.5386E+06 -2.6673E+03  2.1352E+04
0000347   1.5524E+06  7.7685E+04 -8.3609E+04
0000348   1.5511E+06  1.1806E+04 -1.3853E+05
0000349   1.5833E+06 -1.0276E+05  9.5100E+04
0000350   1.5898E+06  2.4529E+04  3.3449E+04
0000351   1.5513E+06 -2.3603E+04  2.8816E+04
0000352   1.5878E+06 -4.0055E+04 -3.7838E+03
0000353   1.5689E+06  2.3632E+04  8.9296E+04
0000354   1.6100E+06  6.7181E+04 -5.1403E+04
0000355   1.5714E+06 -4.8341E+04 -2.4693E+03
0000356   1.5708E+06  1.0513E+05  2.3759E+03
0000357   1.5231E+06 -1.1787E+04  1.0805E+04
0000358   1.5750E+06 -8.7515E+04  8.8482E+04
0000359   1.6397E+06 -3.9984E+04 -2.5325E+04
0000360   1.5498E+06 -4.7012E+04  3.0506E+04
0000361   1.5511E+06  4.5496E+04  6.2519E+03
0000362   1.5663E+06  2.7121E+04 -2.3349E+03
0000363   1.5282E+06  3.9632E+04  7.8500E+03
0000364   1.5677E+06  5.5207E+04 -5.0103E+02
0000365   1.5625E+06 -9.3071E+04 -5.3372E+04
0000366   1.5827E+06  3.5635E+03  6.9222E+04
0000367   1.5523E+06 -9.6560E+04 -1.1353E+04
0000368   1.5727E+06  5.1351E+04  3.4428E+04
0000369   1.5657E+06  1.9288E+04  4.4778E+04
0000370   1.5372E+06  8.6764E+02  7.4539E+03
0000371   1.5425E+06 -2.7446E+04  7.0699E+04
0000372   1.5449E+06 -5.3475E+04  2.9880E+04
0000373   1.5791E+06  5.3634E+03 -2.9514E+04
0000374   1.6002E+06  1.8499E+04  6.9575E+04
0000375   1.6008E+06 -4.2743E+04 -1.7136E+04
0000376   1.6298E+06  6.8302E+04 -7.0354E+04
0000377   1.5394E+06  3.4880E+04  2.5377E+04
0000378   1.5451E+06 -3.2200E+04  2.3654E+04
0000379   1.5697E+06 -2.9163E+04  7.3429E+04
0000380   1.5420E+06  7.4183E+04 -1.4931E+05
0000381   1.5779E+06 -5.8869E+04 -1.5904E+04
0000382   1.5268E+06  4.8701E+04 -6.4154E+02
0000383   1.5951E+06  3.6468E+04 -6.5166E+03
0000384   1.5607E+06 -5.8050E+04  6.7898E+03
0000385   1.5676E+06 -3.9139E+04  8.8345E+03
0000386   1.3849E+06  1.4281E+05 -5.5834E+05
0000387   1.5225E+06 -1.8875E+03 -3.4844E+04
0000388   1.5867E+06  5.2757E+04  3.5398E+04
0000389   1.5190E+06 -5.8636E+04 -4.7700E+04
0000390   1.5502E+06 -5.2123E+04 -9.3023E+04
0000391   1.5832E+06  1.4046E+03 -3.0756E+04
0000392   1.5444E+06 -4.8552E+04  5.9440E+04
0000393   1.5776E+06 -3.9610E+04  1.9583E+04
0000394   1.5645E+06 -5.5131E+04 -2.2404E+04
0000395   1.5680E+06 -1.2457E+05  1.5364E+04
0000396   1.6019E+06  3.7365E+04  2.2294E+03
0000397   1.5570E+06  1.8482E+04  1.1230E+04
0000398   1.5334E+06  3.3663E+04 -1.9474E+04
0000399   1.5547E+06 -4.7692E+04 -1.1209E+04
0000400   1.5714E+06 -6.5817E+04  5.6212E+04
0000401   1.5141E+06 -7.7365E+03 -1.0516E+05
0000402   1.5484E+06  1.7847E+04  3.4647E+04
0000403   1.5580E+06 -8.6808E+03  1.1548E+05
0000404   1.5443E+06 -2.1113E+04  3.8014E+04
0000405   1.5709E+06  1.1300E+04 -5.2126E+04
0000406   1.5407E+06 -1.2989E+05  2.2631E+05
0000407   1.5361E+06 -3.3589E+04 -9.9340E+02
0000408   1.5532E+06  1.5135E+04  1.5181E+05
0000409   1.5358E+06  3.1426E+04 -1.3140E+04
0000410   1.5730E+06 -7.6141E+04 -7.1277E+04
0000411   1.5432E+06  2.8877E+04  7.6229E+04
0000412   1.5614E+06  2.8924E+03  1.7762E+03
0000413   1.5656E+06  1.7790E+04 -1.5285E+03
0000414   1.5318E+06  1.8758E+04  4.6067E+04
0000415   1.5619E+06 -2.6975E+03 -1.9463E+04
0000416   1.5438E+06  4.2549E+04  1.0430E+04
0000417   1.5820E+06 -4.9588E+04  5.6164E+04
0000418   1.5629E+06 -2.3019E+04 -3.3019E+04
0000419   1.5582E+06  9.3364E+04  1.2286E+03
0000420   1.5575E+06  1.0632E+04  3.7270E+04
0000421   1.5835E+06 -8.3767E+03 -9.0368E+03
0000422   1.5548E+06  4.5496E+04 -1.4048E+05
0000423   1.5902E+06 -3.8669E+04 -1.4498E+04
0000424   1.5975E+06  2.9626E+04 -3.5914E+04
0000425   1.5111E+06 -2.3576E+05 -1.3184E+05
0000426   1.5681E+06  4.6029E+04  1.2127E+04
0000427   1.5721E+06 -2.5990E+04  5.6357E+03
0000428   1.5443E+06 -4.6316E+04  7.3977E+04
0000429   1.5722E+06  3.0095E+04 -6.9931E+03
0000430   1.6151E+06  6.6129E+03 -2.9706E+04
0000431   1.6123E+06  2.5300E+04  7.6822E+04
0000432   1.6016E+06 -5.8454E+04 -1.8565E+04
0000433   1.5346E+06 -7.1222E+03 -2.4754E+04
0000434   1.5098E+06  3.0511E+04 -8.2258E+04
0000435   1.5502E+06  2.0148E+04  4.6497E+04
0000436   1.5823E+06 -4.8857E+04 -9.1087E+03
0000437   1.5491E+06 -1.9940E+03 -6.5483E+04
0000438   1.5377E+06 -1.7556E+04 -1.7355E+05
0000439   1.6037E+06  4.5651E+04 -6.6933E+03
0000440   1.5543E+06  2.8326E+04 -9.6143E+03
0000441   1.5653E+06 -1.9312E+04 -5.5765E+04
0000442   1.6162E+06 -8.2117E+04  1.0545E+04
0000443   1.5488E+06 -4.9201E+03 -1.9554E+03
0000444   1.5406E+06 -1.6597E+04  3.7608E+03
0000445   1.5784E+06 -1.0099E+04 -2.1838E+04
0000446   1.5301E+06  9.1883E+04  1.5737E+04
0000447   1.5484E+06  2.8847E+04  3.4413E+03
0000448   1.5293E+06 -2.3172E+05 -4.6853E+03
0000449   1.5587E+06 -6.3015E+03  4.9285E+04
0000450   1.5389E+06  2.9021E+04  6.4367E+04
0000451   1.4592E+06  4.2334E+05  1.3942E+05
0000452   1.5798E+06  1.9427E+04 -3.4225E+04
0000453   1.5746E+06  4.3602E+04  5.6753E+04
0000454   1.5609E+06 -4.3755E+04  1.8644E+04
0000455   1.5917E+06  1.1047E+05  8.4348E+04
0000456   1.5230E+06 -8.3816E+03 -6.2300E+04
0000457   1.5550E+06 -2.9815E+04  3.8453E+04
0000458   1.5492E+06 -8.4331E+03  2.2858E+04
0000459   1.5762E+06 -4.0573E+04 -2.4538E+04
0000460   1.5064E+06 -8.0454E+04 -3.4777E+04
0000461   1.5577E+06 -3.4351E+04  6.4052E+04
0000462   1.6202E+06  4.4756E+04 -7.5096E+04
0000463   1.5796E+06 -8.0951E+04 -5.6813E+04
0000464   1.5936E+06 -5.9496E+04 -8.4956E+04
0000465   1.5167E+06  7.5554E+04  1.6322E+05
0000466   1.5590E+06  2.7254E+04  1.3106E+05
0000467   1.5090E+06  5.5613E+04 -3.4335E+04
0000468   1.5994E+06  3.5469E+04  1.4051E+04
0000469   1.5769E+06 -1.5729E+04  7.3185E+04
0000470   1.5968E+06 -2.3966E+04 -2.0299E+04
0000471   1.5753E+06  9.5015E+04  8.5062E+04
0000472   1.5476E+06 -3.6194E+04  6.8115E+04
0000473   1.5251E+06  5.7694E+04 -1.3516E+05
0000474   1.5711E+06 -1.5203E+04  3.3748E+04
0000475   1.5952E+06  4.8320E+04 -2.2409E+04
0000476   1.5645E+06  4.3418E+04  3.4252E+04
0000477   1.6046E+06 -3.3696E+04 -3.1869E+04
0000478   1.5489E+06  4.5458E+04  7.9620E+01
0000479   1.6193E+06  1.3075E+04  4.3197E+04
0000480   1.5858E+06 -1.8532E+04 -2.6051E+03
0000481   1.5278E+06 -1.3286E+04  9.1568E+04
0000482   1.5648E+06 -3.6821E+04  5.2724E+04
0000483   1.5585E+06 -2.9186E+04 -8.8035E+01
0000484   1.5541E+06 -2.5946E+04 -5.8629E+04
0000485   1.5552E+06  1.3284E+04 -2.6816E+04
0000486   1.5765E+06 -5.4106E+04  4.2662E+04
0000487   1.5761E+06 -1.1517E+04  1.1755E+04
0000488   1.5516E+06 -8.3024E+04  2.0751E+04
0000489   1.5376E+06  3.3047E+04  2.5003E+04
0000490   1.5747E+06  1.4167E+04  6.0659E+04
0000491   1.5500E+06  1.6724E+04  7.7861E+03
0000492   1.5488E+06 -7.3603E+03  1.0578E+05
0000493   1.6061E+06 -2.0958E+03 -2.3950E+04
0000494   1.5582E+06 -7.3911E+04  8.0879E+03
0000495   1.5690E+06 -3.5346E+04 -6.9367E+04
0000496   1.5936E+06  2.9049E+03  8.0161E+04
0000497   1.5468E+06  3.8134E+03 -3.2645E+04
0000498   1.5670E+06  1.5110E+04 -5.7141E+04
0000499   1.5515E+06 -9.9430E+04  7.0997E+04
0000500   1.5879E+06 -1.1502E+04 -3.5046E+04
0000501   1.6046E+06 -1.5788E+04 -1.0124E+03
0000502   1.5544E+06  8.4657E+04  7.0220E+03
0000503   1.5554E+06 -2.5095E+03 -3.9731E+04
0000504   1.5527E+06  2.6622E+04 -2.0600E+04
0000505   1.5701E+06  2.1287E+03 -6.2015E+04
0000506   1.5684E+06  4.7450E+04  1.4546E+04
0000507   1.6021E+06 -4.5414E+03 -1.0428E+04
0000508   1.5547E+06 -4.8375E+04 -2.0216E+03
0000509   1.5993E+06  1.7689E+04  4.4209E+04
0000510   1.5594E+06  1.0727E+04  3.7547E+03
0000511   1.5656E+06 -3.5259E+04 -3.5875E+04
0000512   1.5701E+06  1.7310E+04 -6.2016E+04
0000513   1.5277E+06  6.7064E+04 -5.6549E+04
0000514   1.5897E+06  6.8247E+03 -1.0927E+04
0000515   1.5989E+06  9.4990E+03  5.5397E+04
0000516   1.5565E+06  1.1052E+05  4.6168E+04
0000517   1.5837E+06  2.0184E+03 -8.4068E+04
0000518   1.5836E+06 -9.5750E+04 -1.4425E+04
0000519   1.5757E+06  1.8209E+04  1.1229E+04
0000520   1.5846E+06 -1.0253E+04  1.9081E+04
0000521   1.5741E+06  4.7456E+04  9.4437E+04
0000522   1.5327E+06  4.6927E+03 -1.0433E+04
0000523   1.5503E+06 -2.4461E+04 -9.6376E+03
0000524   1.5996E+06  5.9547E+04  4.8503E+04
0000525   1.5460E+06 -2.9435E+04  4.5316E+03
0000526   1.5165E+06 -9.1269E+03 -7.1608E+04
0000527   1.5826E+06  4.8873E+04  9.4809E+03
0000528   1.5298E+06  8.0787E+03 -1.9409E+04
0000529   1.5543E+06 -7.0648E+04  5.1146E+04
0000530   1.5476E+06 -1.8872E+04 -2.5184E+04
0000531   1.6119E+06  9.9388E+03  8.5375E+03
0000532   1.6173E+06 -2.5206E+04  4.2548E+03
0000533   1.5780E+06 -5.6501E+04 -7.9769E+04
0000534   1.5487E+06  3.2685E+04  4.8758E+04
0000535   1.5447E+06  2.8479E+04 -4.3399E+04
0000536   1.5654E+06 -2.0121E+04 -8.4248E+04
0000537   1.5160E+06 -8.7618E+04  1.2292E+05
0000538   1.5285E+06 -9.1872E+02  1.4196E+04
0000539   1.5728E+06  6.3978E+04 -4.9718E+04
0000540   1.5762E+06  2.3895E+04 -6.5938E+03
0000541   1.5973E+06  2.2080E+03 -8.6213E+04
0000542   1.5920E+06  2.4116E+04  5.9168E+04
0000543   1.5861E+06 -6.0155E+04 -2.3972E+04
0000544   1.5694E+06  1.3275E+04  6.9760E+04
0000545   1.5695E+06  5.0541E+04  5.6443E+04
0000546   1.5589E+06 -5.5594E+04 -2.2017E+04
0000547   1.5883E+06 -6.5769E+04  3.6151E+03
0000548   1.5341E+06 -2.0119E+04 -1.8108E+03
0000549   1.5778E+06  3.1303E+04  3.8298E+04
0000550   1.5619E+06  2.2630E+04 -5.5189E+04
0000551   1.5521E+06  6.6516E+04  5.3946E+04
0000552   1.5732E+06 -9.0443E+03  4.8325E+04
0000553   1.5746E+06 -2.2917E+02 -4.9017E+03
0000554   1.5938E+06 -5.7188E+03  1.2921E+05
0000555   1.5975E+06  3.1596E+03  6.1784E+04
0000556   1.5854E+06 -1.0251E+04 -2.9469E+04
0000557   1.5965E+06 -3.1561E+04  4.9785E+04
0000558   1.6103E+06 -1.0091E+05  2.3561E+04
0000559   1.5491E+06 -5.7096E+04  5.7607E+04
0000560   1.5782E+06 -1.0853E+05 -1.7815E+05
0000561   1.5538E+06  1.9070E+04 -3.0446E+04
0000562   1.5831E+06 -1.3363E+05 -5.3558E+03
0000563   1.5591E+06  1.3495E+04  3.8284E+04
0000564   1.5468E+06 -4.6743E+03  5.3487E+04
0000565   1.5386E+06 -6.5848E+04 -1.2555E+04
0000566   1.5790E+06 -1.2372E+04  5.8557E+04
0000567   1.5582E+06 -3.2135E+04  2.5104E+04
0000568   1.5535E+06 -2.9056E+04 -3.9262E+03
0000569   1.5365E+06  1.4417E+04 -1.6971E+04
0000570   1.5448E+06  6.1273E+04 -3.5995E+04
0000571   1.5401E+06 -1.7176E+05 -1.1348E+05
0000572   1.5241E+06 -2.0942E+04 -3.0967E+04
0000573   1.6040E+06  5.4203E+04 -2.0375E+04
0000574   1.5723E+06  2.4734E+04 -1.0045E+05
0000575   1.5063E+06 -3.7773E+04  5.4837E+03
0000576   1.5868E+06 -5.9935E+04  8.5194E+04
0000577   1.5945E+06  1.7086E+04 -6.1063E+04
0000578   1.5277E+06  5.4009E+02  1.7181E+04
0000579   1.5531E+06  5.2494E+03  3.3258E+03
0000580   1.5169E+06  8.9157E+04  2.0930E+04
0000581   1.5498E+06  1.0547E+04 -1.4624E+04
0000582   1.5398E+06  1.5031E+03 -1.5802E+04
0000583   1.5548E+06 -2.9679E+03  3.6551E+04
0000584   1.5705E+06 -4.0269E+04  5.7721E+03
0000585   1.5451E+06 -3.5632E+04  4.8867E+04
0000586   1.6100E+06  1.5510E+04 -6.4441E+04
0000587   1.5613E+06 -9.0334E+04  1.9665E+05
0000588   1.5789E+06  5.7904E+04  3.3185E+03
0000589   1.5890E+06 -2.3275E+04 -5.3371E+03
0000590   1.5726E+06 -2.2300E+04  2.1520E+04
0000591   1.5337E+06  7.3088E+04 -9.1463E+04
0000592   1.5791E+06 -6.6937E+03 -7.0418E+04
0000593   1.5663E+06 -1.1722E+04  7.2104E+04
0000594   1.5616E+06  1.9130E+04 -3.2379E+04
0000595   1.5368E+06  7.2353E+04  5.4270E+04
0000596   1.5493E+06 -3.1128E+04 -5.3064E+02
0000597   1.5652E+06  3.9703E+04 -6.2728E+04
0000598   1.5911E+06 -3.3207E+03 -7.1700E+03
0000599   1.6308E+06 -7.3233E+04  1.0170E+04
0000600   1.5699E+06 -1.9389E+04  1.4785E+04
0000601   1.5706E+06  1.0715E+04  3.3838E+04
0000602   1.5215E+06  3.2137E+04  3.8186E+04
0000603   1.5749E+06 -2.8689E+04 -4.9237E+04
0000604   1.5553E+06 -2.4357E+04  2.1646E+04
0000605   1.6123E+06  1.9253E+04 -2.8984E+04
0000606   1.5927E+06  1.9760E+04 -3.8609E+04
0000607   1.5615E+06  2.0808E+04  1.2343E+04
0000608   1.5750E+06 -4.4754E+04  2.2387E+04
0000609   1.5657E+06  6.6913E+04  2.8810E+04
0000610   1.5703E+06  7.8515E+04  3.4300E+04
0000611   1.5724E+06  7.0646E+04  1.0210E+05
0000612   1.5467E+06 -1.9906E+04  8.0389E+04
0000613   1.5519E+06 -2.5775E+04  5.0998E+04
0000614   1.5433E+06  5.0660E+04 -9.8020E+02
0000615   1.5585E+06  4.4747E+04  6.4769E+04
0000616   1.6040E+06 -6.1529E+03  1.7052E+04
0000617   1.6228E+06  4.9893E+04 -1.6891E+04
0000618   1.5573E+06 -1.6750E+03  4.9470E+04
0000619   1.5498E+06  2.7873E+04  6.2426E+04
0000620   1.5864E+06 -2.3213E+03 -2.7783E+04
0000621   1.5913E+06 -1.1696E+05 -9.0827E+04
0000622   1.5493E+06  5.7438E+04 -5.9916E+04
0000623   1.5780E+06  1.0061E+04  1.2131E+04
0000624   1.5538E+06 -1.0935E+04 -1.6503E+05
0000625   1.5465E+06 -4.7387E+04 -6.4241E+04
0000626   1.5699E+06  6.4409E+04 -2.7463E+04
0000627   1.5703E+06 -3.3845E+04  2.3498E+04
0000628   1.5663E+06  1.3244E+04 -5.3593E+04
0000629   1.5898E+06  1.6771E+05 -5.7827E+04
0000630   1.5688E+06 -4.2436E+04  1.1727E+04
0000631   1.5828E+06 -1.0489E+04  2.7593E+04
0000632   1.5679E+06  5.4952E+04 -3.6836E+04
0000633   1.6168E+06 -1.7018E+04 -3.6843E+04
0000634   1.5705E+06  4.2002E+04  7.0298E+04
0000635   1.5836E+06 -2.5281E+04 -2.9814E+04
0000636   1.5100E+06 -3.7511E+05  1.6232E+05
0000637   1.5544E+06  8.3397E+04 -7.5716E+03
0000638   1.5423E+06 -8.1684E+03 -1.1059E+04
0000639   1.5665E+06  4.5287E+04 -8.4109E+04
0000640   1.5642E+06  1.8576E+04  1.0784E+05
0000641   1.5969E+06 -1.1622E+04  1.1122E+04
0000642   1.5690E+06  1.0973E+04  1.4887E+04
0000643   1.5491E+06  4.3349E+04  1.1763E+05
0000644   1.5445E+06 -3.4831E+03 -7.9456E+04
0000645   1.5632E+06  9.1267E+04 -5.5148E+04
0000646   1.6072E+06 -5.4695E+04 -4.3190E+04
0000647   1.5345E+06  7.1874E+04 -1.2562E+04
0000648   1.5358E+06  3.4166E+04  5.0558E+03
0000649   1.5539E+06 -1.1142E+05 -7.5822E+03
0000650   1.5820E+06 -1.7025E+04  1.4276E+04
0000651   1.5536E+06  1.2383E+03  1.4788E+04
0000652   1.6169E+06  1.4734E+04 -1.1298E+04
0000653   1.5287E+06  5.3283E+04  6.4136E+04
0000654   1.5656E+06 -4.6033E+04  1.9396E+04
0000655   1.5658E+06  3.1161E+04  2.6060E+04
0000656   1.5797E+06  2.5390E+03 -8.1719E+03
0000657   1.5896E+06 -1.1713E+05  6.4164E+04
0000658   1.5495E+06 -2.5293E+04  2.2299E+03
0000659   1.5588E+06  2.2626E+04 -9.7227E+04
0000660   1.4948E+06  1.7478E+04  2.2941E+03
0000661   1.5530E+06 -4.4716E+04 -1.0709E+05
0000662   1.6305E+06 -2.1162E+04  3.8510E+04
0000663   1.5434E+06  2.6542E+04 -4.1318E+03
0000664   1.5516E+06  1.1987E+04 -7.4057E+04
0000665   1.5403E+06 -5.8978E+04  7.6029E+04
0000666   1.5734E+06 -3.8155E+04  1.3523E+04
0000667   1.5658E+06 -5.9590E+03 -4.4785E+04
0000668   1.5616E+06  3.9299E+04 -4.8189E+03
0000669   1.5719E+06  2.5805E+04 -1.7131E+04
0000670   1.5835E+06 -6.1841E+04  8.1536E+04
0000671   1.5478E+06  1.8660E+04  9.9228E+03
0000672   1.5925E+06  1.7141E+04 -1.4144E+04
0000673   1.6066E+06  1.5724E+04  3.9349E+04
0000674   1.5942E+06  3.4621E+04  6.5729E+04
0000675   1.5737E+06 -1.8104E+04  3.5622E+04
0000676   1.5557E+06 -3.2069E+04  5.5694E+04
0000677   1.5106E+06  1.8319E+05 -6.6006E+04
0000678   1.5683E+06  7.8212E+03  3.9572E+04
0000679   1.5774E+06  2.5157E+04  4.4109E+03
0000680   1.5770E+06 -8.2649E+03 -3.4447E+04
0000681   1.5863E+06  9.9265E+03  6.1500E+04
0000682   1.5986E+06 -3.0390E+04 -5.6161E+04
0000683   1.5917E+06  2.2261E+03 -2.9277E+03
0000684   1.5794E+06  2.7467E+04 -2.0817E+04
0000685   1.4936E+06 -3.0342E+04 -7.9559E+04
0000686   1.5849E+06 -5.2601E+04 -5.8143E+04
0000687   1.5896E+06 -5.1064E+04  7.0767E+04
0000688   1.6010E+06  3.1775E+04  2.1606E+04
0000689   1.5210E+06 -1.7240E+05  1.7102E+04
0000690   1.5525E+06  2.7326E+04  2.1048E+04
0000691   1.6000E+06  4.5606E+03 -3.8024E+04
0000692   1.5166E+06  7.4811E+04  5.6357E+04
0000693   1.5867E+06  7.3298E+04  1.3489E+05
0000694   1.5218E+06 -9.5682E+04 -1.6878E+03
0000695   1.5136E+06 -1.0059E+04 -1.0328E+04
0000696   1.5720E+06 -5.9197E+04  2.9736E+03
0000697   1.5460E+06  2.1708E+04 -4.3783E+04
0000698   1.5677E+06  4.2301E+04 -1.4858E+05
0000699   1.5157E+06 -2.5379E+04  3.5093E+04
0000700   1.5682E+06 -2.7219E+04 -2.5537E+04
0000701   1.5447E+06 -1.2270E+05 -5.4211E+04
0000702   1.6014E+06 -1.7483E+04 -1.3546E+04
0000703   1.5869E+06 -1.1193E+05 -1.4213E+05
0000704   1.6086E+06  1.8896E+03 -1.4081E+04
0000705   1.5592E+06 -1.2384E+04 -7.0247E+03
0000706   1.5475E+06 -7.6953E+04 -2.4268E+04
0000707   1.5371E+06  3.6934E+04  6.3148E+04
0000708   1.5655E+06 -2.1621E+04  7.4834E+04
0000709   1.6078E+06  4.0771E+03  1.8976E+04
0000710   1.6143E+06  7.0285E+04  4.8653E+04
0000711   1.5008E+06  2.4030E+04 -7.9407E+03
0000712   1.5748E+06  2.4329E+04  5.3250E+03
0000713   1.5548E+06 -6.2226E+04  2.0038E+04
0000714   1.5496E+06 -2.3376E+03  4.7947E+04
0000715   1.5394E+06  3.2076E+04 -8.4753E+03
0000716   1.5447E+06  4.6976E+04 -5.9274E+04
0000717   1.6042E+06  7.6515E+04  5.0956E+04
0000718   1.5590E+06  4.5427E+04  3.5931E+04
0000719   1.5538E+06  6.1113E+04 -5.1949E+04
0000720   1.6123E+06  7.5574E+04  5.6527E+03
0000721   1.5191E+06 -1.2080E+04 -4.0411E+04
0000722   1.5621E+06  4.3636E+04 -1.8387E+04
0000723   1.5683E+06 -5.0555E+04 -5.3503E+04
0000724   1.5973E+06  3.6585E+04 -6.3767E+04
0000725   1.5589E+06  8.7691E+04 -8.1380E+04
0000726   1.5850E+06  1.2910E+05  1.7690E+04
0000727   1.5376E+06  3.6647E+03 -1.0773E+05
0000728   1.5828E+06  5.1697E+04 -3.9303E+04
0000729   1.5921E+06 -6.2235E+04 -6.8018E+04
0000730   1.5862E+06 -1.2814E+04 -1.4435E+04
0000731   1.5533E+06 -7.2243E+04  2.2776E+04
0000732   1.5844E+06  2.8886E+04 -5.0441E+04
0000733   1.5471E+06 -2.0927E+04  2.3331E+03
0000734   1.6028E+06 -2.8019E+03 -9.1343E+03
0000735   1.5873E+06 -6.2349E+04 -1.4617E+04
0000736   1.5310E+06 -2.0381E+04 -1.0467E+04
0000737   1.5652E+06 -4.9240E+04 -1.1410E+05
0000738   1.5769E+06  8.2315E+03 -4.6354E+04
0000739   1.5671E+06  1.0276E+05 -1.2004E+05
0000740   1.5802E+06 -1.0439E+04 -8.4060E+04
0000741   1.5246E+06 -1.0406E+05 -3.8400E+04
0000742   1.5864E+06 -6.7569E+03 -1.1231E+04
0000743   1.5748E+06  1.7288E+04  5.9059E+04
0000744   1.4943E+06  4.4598E+04  7.9623E+04
0000745   1.5622E+06  1.0269E+04  6.5582E+04
0000746   1.5353E+06  5.0396E+04  1.6299E+04
0000747   1.5913E+06 -5.4681E+04  5.0748E+04
0000748   1.5301E+06 -5.4814E+03 -5.8344E+04
0000749   1.5380E+06  4.5517E+04  1.2186E+04
0000750   1.5344E+06  1.5916E+04 -4.8335E+04
0000751   1.6036E+06  1.6002E+05 -1.3793E+04
0000752   1.5672E+06 -3.1239E+04  4.5744E+04
0000753   1.5718E+06  4.1902E+04  1.9672E+04
0000754   1.5836E+06 -1.7577E+04  3.3987E+04
0000755   1.5838E+06 -2.8897E+04  5.9801E+03
0000756   1.6301E+06 -6.9690E+04 -8.2932E+04
0000757   1.6143E+06  3.8750E+04 -5.8207E+04
0000758   1.5628E+06  2.8078E+04  6.7907E+04
0000759   1.5770E+06 -2.9462E+04 -1.1994E+04
0000760   1.5368E+06  1.3828E+05  8.8971E+04
0000761   1.4781E+06  1.9282E+04 -5.5865E+04
0000762   1.5628E+06  7.3670E+03  4.6018E+04
0000763   1.5570E+06  5.1452E+04 -5.5943E+04
0000764   1.5457E+06  1.7389E+04 -1.1813E+04
0000765   1.5756E+06  2.6901E+04 -2.4725E+04
0000766   1.5559E+06  1.0307E+05  4.0934E+04
0000767   1.5729E+06 -5.9681E+04 -8.5155E+04
0000768   1.5186E+06 -5.4825E+04  5.5325E+04
0000769   1.5824E+06 -3.5096E+04  6.2542E+03
0000770   1.5834E+06 -6.7966E+03  4.8089E+04
0000771   1.5411E+06 -1.1505E+04 -6.9107E+04
0000772   1.5732E+06 -1.7335E+03 -1.4687E+04
0000773   1.6172E+06  2.1732E+04 -5.1939E+04
0000774   1.6301E+06  3.5739E+04  6.5572E+03
0000775   1.5936E+06 -6.1821E+03  3.0947E+03
0000776   1.5884E+06 -1.0553E+05 -9.8235E+04
0000777   1.5623E+06  9.8746E+03  3.7683E+04
0000778   1.5865E+06  2.1244E+04  2.1337E+04
0000779   1.6111E+06 -4.5044E+04 -6.2649E+04
0000780   1.5595E+06 -3.4988E+04  2.4576E+04
0000781   1.5363E+06  4.9999E+04 -8.5092E+04
0000782   1.5364E+06  1.1554E+03 -2.7461E+04
0000783   1.6172E+06 -7.9419E+03  1.0475E+04
0000784   1.5445E+06 -4.6742E+04 -3.5584E+04
0000785   1.5962E+06  2.0953E+04  9.8457E+04
0000786   1.5722E+06 -9.4116E+03 -5.1372E+04
0000787   1.5512E+06  1.9567E+04  1.4197E+04
0000788   1.6337E+06 -2.9712E+04 -1.4824E+04
0000789   1.5791E+06  2.4294E+03 -4.0878E+04
0000790   1.5195E+06 -2.8270E+04  8.3553E+04
0000791   1.5714E+06  3.0843E+04 -2.9567E+04
0000792   1.5344E+06 -2.3105E+02  3.1904E+04
0000793   1.5537E+06  2.1658E+04  2.8526E+04
0000794   1.5502E+06 -3.9433E+04  1.2770E+04
0000795   1.5289E+06  1.0984E+05  3.7343E+04
0000796   1.5662E+06 -5.2390E+04  6.6308E+04
0000797   1.5385E+06 -1.8605E+04  2.7881E+03
0000798   1.5834E+06  8.2513E+03 -8.0983E+04
0000799   1.5659E+06  4.4361E+04 -4.5195E+04
0000800   1.5590E+06  3.3906E+03  6.2831E+04
0000801   1.5610E+06 -2.7693E+04 -3.2153E+04
0000802   1.5883E+06  1.0907E+05  5.7188E+04
0000803   1.5116E+06 -8.6464E+04  1.2207E+05
0000804   1.5705E+06  2.1985E+04  4.0920E+04
0000805   1.5656E+06 -3.2962E+04 -6.2235E+04
0000806   1.5529E+06 -3.2757E+04 -2.4570E+04
0000807   1.5424E+06 -6.1639E+04  1.5460E+04
0000808   1.5258E+06 -1.2157E+05 -1.4078E+05
0000809   1.5710E+06 -3.2622E+04 -4.9063E+04
0000810   1.6239E+06 -4.8353E+03  3.3731E+04
0000811   1.5843E+06  2.7124E+04 -4.7560E+04
0000812   1.5741E+06 -2.2009E+04 -3.6481E+04
0000813   1.5636E+06 -2.7373E+04  3.5559E+03
0000814   1.5933E+06 -9.4681E+04  1.1385E+05
0000815   1.5281E+06  2.7410E+04  2.9269E+04
0000816   1.5553E+06  9.3959E+03 -7.9490E+04
0000817   1.5574E+06 -1.8535E+04 -6.8786E+04
0000818   1.5712E+06  1.5961E+04  7.9753E+04
0000819   1.6245E+06  3.3479E+04 -2.7013E+04
0000820   1.5585E+06 -6.5802E+03  3.4629E+04
0000821   1.5803E+06  1.8804E+04 -7.9617E+03
0000822   1.5566E+06  6.5892E+04 -3.8947E+04
0000823   1.5364E+06  8.0466E+04  1.4435E+04
0000824   1.5984E+06 -9.8932E+04  9.8175E+02
0000825   1.5714E+06 -8.9207E+04  1.0614E+05
0000826   1.5326E+06 -6.7494E+03  7.9954E+04
0000827   1.5564E+06 -6.3810E+04 -3.8145E+04
0000828   1.6077E+06  5.6562E+04  6.8872E+03
0000829   1.5709E+06 -8.4965E+04  5.6506E+04
0000830   1.5513E+06 -2.1803E+04 -8.9799E+04
0000831   1.5808E+06 -1.4297E+04  6.5673E+04
0000832   1.5055E+06  5.0400E+04  3.9838E+04
0000833   1.5777E+06  3.6446E+04  2.5922E+04
0000834   1.5558E+06  5.1659E+04 -1.7805E+05
0000835   1.5720E+06  4.0653E+04  8.7670E+03
0000836   1.5407E+06 -3.5174E+03 -2.4104E+03
0000837   1.5887E+06 -1.1408E+04 -1.7972E+04
0000838   1.5529E+06 -4.6465E+04 -6.3277E+04
0000839   1.5665E+06  6.5389E+03  3.2697E+04
0000840   1.5785E+06 -5.7039E+04 -4.5250E+04
0000841   1.5532E+06  8.4881E+04 -8.1164E+04
0000842   1.6082E+06  9.6448E+03  4.0079E+04
0000843   1.5869E+06 -1.6448E+04 -8.2881E+03
0000844   1.5938E+06  3.7977E+04  5.0083E+04
0000845   1.5987E+06  1.4247E+05  1.0466E+04
0000846   1.5681E+06  6.5657E+04  1.8748E+04
0000847   1.5515E+06 -6.6700E+04  3.3193E+04
0000848   1.5585E+06 -2.0402E+04  8.6917E+04
0000849   1.5523E+06  2.6410E+04  1.2785E+05
0000850   1.5682E+06  4.1457E+04  4.0628E+04
0000851   1.5558E+06 -6.4226E+04 -5.0181E+04
0000852   1.4965E+06 -8.2479E+04  2.7307E+05
0000853   1.5594E+06 -1.6094E+04  7.0525E+03
0000854   1.6021E+06  4.2570E+03 -1.6093E+04
0000855   1.5912E+06 -2.0310E+04 -4.3128E+04
0000856   1.5416E+06  6.2632E+04 -2.3640E+03
0000857   1.5747E+06 -1.1610E+03 -1.3233E+04
0000858   1.5488E+06  1.5871E+04  1.3056E+03
0000859   1.5930E+06  4.6848E+04  7.2912E+03
0000860   1.5713E+06  1.9438E+04 -7.7506E+03
0000861   1.5931E+06  8.9409E+03 -1.6061E+03
0000862   1.5334E+06 -5.1277E+04  2.5874E+04
0000863   1.5444E+06 -1.1748E+04  5.2097E+04
0000864   1.3361E+06 -3.9732E+04 -4.3528E+04
0000865   1.5172E+06 -4.4569E+04  4.9530E+04
0000866   1.5780E+06 -6.6967E+04 -3.7529E+04
0000867   1.6005E+06  2.5641E+04  1.6783E+05
0000868   1.5601E+06 -2.0794E+04  2.4659E+03
0000869   1.5800E+06 -6.5802E+02 -1.9649E+04
0000870   1.5461E+06  8.5095E+04 -6.2785E+04
0000871   1.5727E+06 -2.3375E+02  7.7380E+02
0000872   1.5644E+06  8.9340E+03  4.3500E+04
0000873   1.5521E+06 -1.1501E+04  4.9199E+04
0000874   1.5778E+06  4.7057E+03  1.0342E+05
0000875   1.5565E+06 -7.9190E+04 -2.2838E+04
0000876   1.5751E+06  4.4494E+04 -1.5114E+05
0000877   1.5871E+06  3.3275E+04 -2.4616E+04
0000878   1.5219E+06 -4.0359E+04  2.3011E+04
0000879   1.5447E+06 -3.7291E+04  8.3103E+04
0000880   1.5835E+06 -1.9990E+04 -5.3022E+04
0000881   1.5846E+06  2.3207E+04  3.4398E+04
0000882   1.5375E+06  2.6105E+04  1.3872E+05
0000883   1.6119E+06 -3.0614E+03 -5.8932E+04
0000884   1.5456E+06 -7.7347E+04  1.8196E+04
0000885   1.5488E+06 -1.1968E+05  7.9986E+04
0000886   1.5134E+06  2.2840E+04 -3.8288E+04
0000887   1.5238E+06 -7.5916E+04 -8.6141E+04
0000888   1.5710E+06  2.0997E+04  1.3114E+05
0000889   1.5661E+06 -5.0948E+04 -6.7839E+04
0000890   1.6040E+06  1.0000E+04  3.2317E+04
0000891   1.5293E+06  7.7681E+03  7.9267E+04
0000892   1.5254E+06  5.0447E+03 -5.3725E+04
0000893   1.5825E+06 -5.0956E+04  4.2187E+04
0000894   1.5738E+06 -5.8867E+02 -5.4137E+04
0000895   1.5568E+06  6.2547E+04  9.8503E+04
0000896   1.5492E+06  3.6542E+04 -2.4295E+04
0000897   1.5760E+06  4.4269E+03  5.1707E+04
0000898   1.5723E+06 -1.0554E+04 -5.4845E+04
0000899   1.5471E+06 -2.9315E+04  5.3679E+04
0000900   1.5181E+06  1.2520E+04  5.4176E+04
0000901   1.5750E+06  1.8949E+04  3.7514E+04
0000902   1.6001E+06 -5.7521E+04 -1.8275E+05
0000903   1.5872E+06  8.5090E+04  4.7564E+04
0000904   1.5030E+06 -4.7862E+04  2.8494E+04
0000905   1.5479E+06  1.0387E+04 -9.3305E+04
0000906   1.5648E+06 -1.6532E+02  3.9569E+04
0000907   1.5668E+06 -1.9832E+04  1.4418E+04
0000908   1.6035E+06 -3.1427E+03  4.3652E+03
0000909   1.5911E+06  3.3919E+04  2.9265E+04
0000910   1.5582E+06  1.5234E+04 -1.1101E+02
0000911   1.4734E+06  1.1077E+05  1.8199E+04
0000912   1.5909E+06 -6.2592E+04  1.8788E+03
0000913   1.6043E+06  4.9882E+04  7.9085E+04
0000914   1.5726E+06  1.2480E+05 -1.7942E+04
0000915   1.5482E+06  2.1439E+03 -1.1904E+04
0000916   1.5454E+06  1.5553E+04 -4.5225E+03
0000917   1.5773E+06 -1.3341E+05  1.9465E+05
0000918   1.6055E+06 -1.3112E+05 -1.0586E+04
0000919   1.5242E+06 -1.0967E+05  1.7274E+05
0000920   1.5514E+06 -1.7223E+04  6.0890E+04
0000921   1.5746E+06 -2.6241E+04 -1.6838E+05
0000922   1.5591E+06 -1.7936E+03  6.1452E+04
0000923   1.5682E+06 -7.5760E+04 -1.2320E+03
0000924   1.5622E+06 -2.6297E+04 -4.5871E+03
0000925   1.5545E+06 -1.8713E+05  6.4224E+04
0000926   1.6123E+06  4.6841E+04 -1.7993E+03
0000927   1.6047E+06  6.0531E+04  2.2858E+04
0000928   1.5562E+06  8.6860E+02 -1.1227E+05
0000929   1.5196E+06 -7.0259E+04  2.3043E+04
0000930   1.5794E+06  3.5742E+04 -6.4360E+04
0000931   1.5034E+06 -8.6288E+04 -3.6388E+05
0000932   1.5281E+06 -1.9630E+04  3.2172E+05
0000933   1.5580E+06 -8.5306E+04  3.3370E+03
0000934   1.5538E+06  4.1520E+04 -6.4755E+03
0000935   1.5300E+06  8.1396E+04 -5.6688E+04
0000936   1.4464E+06  3.5919E+05 -3.5564E+05
0000937   1.5707E+06 -8.9245E+04  8.1438E+04
0000938   1.5637E+06 -4.9780E+04 -7.8102E+04
0000939   1.5654E+06 -1.9671E+03 -3.6112E+04
0000940   1.5723E+06 -3.4005E+04  6.3888E+04
0000941   1.5566E+06 -1.0854E+04  1.7595E+03
0000942   1.5669E+06  5.5854E+03 -1.0558E+04
0000943   1.5821E+06 -1.7066E+03 -1.5394E+04
0000944   1.5540E+06 -2.6696E+04 -4.6071E+03
0000945   1.5718E+06  8.5794E+03  1.0609E+04
0000946   1.5473E+06  1.9980E+05 -1.3081E+04
0000947   1.5678E+06  2.9222E+04 -1.7918E+04
0000948   1.5924E+06 -8.4719E+03 -6.3956E+04
0000949   1.5901E+06  7.7062E+03  4.0534E+03
0000950   1.5934E+06  5.0395E+04 -4.5863E+04
0000951   1.5425E+06 -2.1825E+02  2.2201E+04
0000952   1.5315E+06 -3.3451E+04 -1.6577E+04
0000953   1.5631E+06  1.8495E+05  2.1323E+04
0000954   1.5399E+06  2.8745E+04 -7.6083E+04
0000955   1.5916E+06 -1.2833E+04  3.3691E+03
0000956   1.6098E+06  6.7842E+04  6.1202E+04
0000957   1.5816E+06 -9.7047E+03 -2.6532E+03
0000958   1.5173E+06 -1.3793E+04  7.4621E+04
0000959   1.6084E+06  1.7351E+04 -4.6535E+04
0000960   1.5901E+06 -4.6423E+04 -5.6974E+04
0000961   1.5890E+06 -3.1742E+03 -9.9929E+04
0000962   1.5245E+06  6.3233E+04 -5.6544E+04
0000963   1.5842E+06  9.3174E+03 -6.7951E+04
0000964   1.5917E+06  1.2262E+04 -4.9560E+04
0000965   1.5946E+06 -1.7290E+04 -6.1871E+04
0000966   1.6071E+06 -7.2366E+04 -2.5184E+04
0000967   1.5851E+06  3.4532E+04 -8.1385E+03
0000968   1.5317E+06 -2.8931E+03 -1.0723E+05
0000969   1.5969E+06  5.8954E+04  4.7648E+04
0000970   1.5446E+06  3.6558E+04  6.8062E+04
0000971   1.5218E+06  2.4161E+04  6.4773E+04
0000972   1.5765E+06 -2.6902E+04 -5.6550E+04
0000973   1.6152E+06  1.1559E+05  5.2891E+04
0000974   1.5792E+06  7.3059E+04  2.3541E+04
0000975   1.5576E+06 -7.0652E+03  6.3823E+04
0000976   1.5587E+06 -5.0642E+04  6.9306E+04
0000977   1.5790E+06 -5.0201E+04  1.5880E+04
0000978   1.5319E+06 -4.4235E+04  1.3215E+04
0000979   1.5574E+06  2.3375E+04 -7.3192E+04
0000980   1.5842E+06 -1.4169E+04 -2.5280E+03
0000981   1.5774E+06 -2.2712E+04  2.9393E+04
0000982   1.5177E+06 -3.4578E+03 -2.0547E+04
0000983   1.5577E+06 -2.8560E+04  3.9909E+03
0000984   1.5577E+06 -3.0514E+03  1.6279E+04
0000985   1.6179E+06  3.1509E+04  4.6483E+04
0000986   1.5796E+06 -9.2495E+04  4.7756E+04
0000987   1.5430E+06 -2.8149E+04 -1.9919E+04
0000988   1.5768E+06  2.3563E+03  8.0618E+04
0000989   1.5753E+06  4.6951E+04  2.6352E+04
0000990   1.5947E+06 -5.0497E+04  2.3247E+03
0000991   1.5798E+06  8.4460E+04 -1.2916E+04
0000992   1.5923E+06  1.6451E+04  2.7918E+04
0000993   1.5400E+06 -2.8894E+04  4.5647E+04
0000994   1.6008E+06  9.4742E+02  1.5919E+04
0000995   1.5744E+06 -5.7879E+04 -1.6794E+04
0000996   1.5235E+06 -7.2860E+04  1.7804E+04
0000997   1.5551E+06 -8.7626E+04  1.2671E+04
0000998   1.5587E+06  3.9769E+04  2.5013E+04
0000999   1.5330E+06  6.0532E+04  6.1145E+04
0001000   1.5431E+06 -1.6518E+04 -2.8263E+03
