============================== SRIM-2013.00 ==============================
==============================================================================
====== SRIM Outputs\RANGE_3D.txt : File of Final Ion Positions =====

Ion =  H (01)   Ion Mass= 001.0080
Energy  = 2000000.E-04 keV
Ion Angle to Surface = 00.0 degrees
==================== TARGET =======================
  Layer # 1 - Si_Top    
  Layer # 1 - Bottom Depth=300000.E+01 A
  Layer # 1 - Density =0002.3210 g/cm3
  Layer # 1 -  100 % of Si
икикикикикикикикикикикикикикикикикикикикикикикикикикикикикикикикикикикикикикикикикикикикикикикикикикикик
  Layer # 2 - Si_Bottom 
  Layer # 2 - Bottom Depth=600000.E+01 A
  Layer # 2 - Density =0002.3210 g/cm3
  Layer # 2 -  100 % of Si
икикикикикикикикикикикикикикикикикикикикикикикикикикикикикикикикикикикикикикикикикикикикикикикикикикикик
                                            
Ion       Depth  X   Lateral Y   Lateral Z  
Number    (Angstrom) (Angstrom)  (Angstrom) 
-------  ----------- ----------- -----------
0000001   1.8452E+04 -2.3237E+02 -5.9812E+02
0000002   1.7679E+04  1.2215E+03  1.5350E+03
0000003   1.8040E+04  5.2368E+02 -5.7741E+02
0000004   2.0070E+04 -1.3757E+03 -1.3150E+03
0000005   1.8272E+04  7.6424E+02 -5.9794E+02
0000006   1.7513E+04 -7.5155E+02  6.0514E+02
0000007   1.8740E+04 -8.2261E+02 -2.2665E+02
0000008   1.8030E+04  5.6922E+02 -2.1218E+03
0000009   1.8255E+04  9.7388E+02  1.0628E+03
0000010   1.8522E+04  2.9043E+02 -1.8828E+03
0000011   1.7393E+04  7.2446E+02  2.2270E+03
0000012   1.8550E+04  5.9605E+02 -1.0478E+03
0000013   1.7969E+04  7.4444E+02 -2.9004E+03
0000014   1.8244E+04 -1.1042E+03 -9.7888E+02
0000015   1.8351E+04  1.0370E+03 -7.9209E+02
0000016   1.9743E+04  5.1932E+02 -9.7893E+02
0000017   1.9716E+04 -6.0153E+02 -6.0580E+02
0000018   1.9903E+04  1.7014E+03  4.4179E+02
0000019   1.8603E+04  4.3768E+03  1.5018E+03
0000020   1.8179E+04 -3.5362E+02  1.4109E+03
0000021   1.8478E+04  1.3173E+03 -1.1330E+03
0000022   1.8337E+04 -1.2073E+03  1.5295E+03
0000023   1.9967E+04  3.9542E+02  6.9358E+02
0000024   1.8766E+04  1.2435E+03  2.6105E+03
0000025   1.4110E+04 -9.9377E+03  2.4666E+03
0000026   1.7977E+04  1.6427E+03 -2.3762E+03
0000027   1.7744E+04 -5.3950E+02 -3.8798E+02
0000028   1.7787E+04  1.7702E+03  1.6671E+03
0000029   1.8261E+04 -2.3155E+03 -3.2267E+03
0000030   1.6799E+04  3.3914E+03 -4.4438E+02
0000031   1.9856E+04 -1.1753E+03  8.5868E+01
0000032   1.8080E+04  2.2096E+03 -2.9938E+03
0000033   1.8541E+04  7.6912E+02 -3.8032E+02
0000034   1.7442E+04 -1.4144E+03  8.9195E+02
0000035   1.9622E+04 -1.3943E+03  8.4924E+02
0000036   1.8450E+04  1.9245E+03  1.8242E+03
0000037   1.8683E+04  8.2751E+02 -4.1587E+02
0000038   1.9355E+04  2.7745E+02  1.2036E+02
0000039   1.8443E+04  4.5529E+02  3.5994E+02
0000040   1.9007E+04  1.4624E+03  1.9184E+03
0000041   1.8062E+04 -1.6670E+03 -5.4733E+02
0000042   1.8816E+04  4.0769E+02 -1.5990E+03
0000043   1.9048E+04  1.4514E+03 -2.9246E+02
0000044   1.8176E+04 -3.1385E+03 -1.7665E+03
0000045   1.9111E+04 -5.0173E+02 -2.4242E+02
0000046   1.8705E+04  1.2941E+03  1.5328E+02
0000047   1.8882E+04  3.1079E+02 -2.6807E+03
0000048   1.7896E+04 -2.1399E+03  3.1990E+02
0000049   1.9066E+04 -7.5915E+02 -1.6471E+02
0000050   1.8853E+04 -1.5850E+03 -2.3876E+03
0000051   1.7882E+04 -1.4174E+03  9.4828E+01
0000052   1.6273E+04  4.8875E+03 -5.5542E+03
0000053   1.9056E+04  1.9534E+03 -6.6703E+02
0000054   1.8963E+04 -3.0375E+02  1.2084E+02
0000055   1.8485E+04  2.9669E+02 -1.8516E+03
0000056   1.8753E+04 -3.5190E+02  4.4495E+03
0000057   1.9292E+04  1.3843E+03  1.8953E+02
0000058   1.8615E+04  9.4046E+02  1.1288E+03
0000059   1.8927E+04  7.3855E+02 -1.7049E+03
0000060   1.6852E+04 -2.7692E+03  3.6199E+03
0000061   1.9255E+04  1.6211E+03  1.7574E+03
0000062   1.8627E+04 -1.1733E+03 -5.8867E+02
0000063   1.6670E+04  2.9437E+02 -2.5088E+03
0000064   1.9290E+04 -4.3822E+02  1.2439E+03
0000065   1.8982E+04  6.6696E+02 -2.3706E+03
0000066   1.8321E+04  1.0488E+02 -1.3081E+03
0000067   1.9125E+04 -1.0895E+03 -6.3641E+01
0000068   1.8365E+04  8.3869E+02  2.2304E+03
0000069   1.8204E+04  1.0108E+03  2.1402E+03
0000070   1.8957E+04 -1.0409E+03 -5.9643E+02
0000071   1.8727E+04 -1.1740E+03 -1.0806E+03
0000072   1.9367E+04  4.5349E+02 -2.1392E+02
0000073   1.8585E+04  1.1537E+03 -2.5781E+03
0000074   1.8615E+04 -2.9851E+03  6.7329E+02
0000075   1.8923E+04 -5.2368E+03 -2.3662E+02
0000076   1.9728E+04  6.1804E+02 -2.5281E+03
0000077   1.8810E+04 -2.5386E+02  8.8639E+02
0000078   1.9208E+04 -1.3583E+03 -6.2153E+02
0000079   1.9028E+04  1.7365E+03 -1.5748E+03
0000080   1.7277E+04  2.0238E+03  1.7913E+02
0000081   1.8173E+04 -8.9116E+01  3.3069E+02
0000082   1.7785E+04  4.6566E+02 -1.3622E+03
0000083   1.6547E+04 -3.2376E+02  2.8170E+03
0000084   1.8612E+04 -2.5792E+03  2.3910E+03
0000085   1.7930E+04 -1.5361E+03  2.3383E+01
0000086   1.8380E+04  3.0911E+03 -2.5779E+03
0000087   4.8672E+03  9.5303E+03  1.0511E+04
0000088   1.9894E+04 -1.0904E+03 -2.0058E+03
0000089   1.7668E+04  4.9006E+02 -3.0178E+03
0000090   1.8470E+04  3.8283E+03 -4.7433E+02
0000091   1.9589E+04 -2.3695E+02  5.4572E+02
0000092   1.8930E+04 -3.5803E+02 -1.0107E+03
0000093   1.8810E+04  1.4350E+03 -1.1042E+03
0000094   1.8111E+04  1.0314E+03  1.3907E+03
0000095   1.8642E+04 -9.4575E+02 -1.9526E+03
0000096   1.8874E+04  1.2092E+03  2.9309E+02
0000097   1.9230E+04 -7.3099E+02  1.7939E+03
0000098   1.8457E+04 -1.6499E+03 -6.8719E+02
0000099   1.8259E+04  2.2330E+03  5.1762E+02
0000100   1.8862E+04  8.6092E+02 -6.3917E+02
0000101   1.9226E+04  2.0120E+03  6.2545E+02
0000102   1.8404E+04 -6.3984E+02  4.6096E+02
0000103   1.9742E+04 -1.8275E+03 -6.6198E+02
0000104   1.9683E+04  1.6602E+03  7.5566E+02
0000105   1.8447E+04  1.7011E+02 -4.0679E+02
0000106   1.7873E+04 -3.8222E+02  2.0778E+03
0000107   1.8677E+04  2.1306E+03  7.7243E+02
0000108   1.8271E+04 -1.7294E+03 -1.2421E+03
0000109   1.7848E+04 -1.0218E+03 -4.6991E+03
0000110   1.8439E+04  7.6301E+02  5.8014E+02
0000111   1.8400E+04 -2.0398E+03 -3.4805E+02
0000112   1.7793E+04 -1.2960E+03 -9.4088E+02
0000113   1.8907E+04  1.1705E+02 -2.2996E+02
0000114   1.8959E+04  6.7930E+02  3.2038E+01
0000115   1.8533E+04  2.3965E+03  9.1363E+02
0000116   1.8002E+04  1.3017E+03 -7.8971E+02
0000117   1.7842E+04 -2.9620E+02 -2.3905E+02
0000118   2.0372E+04 -1.0385E+02 -3.4561E+02
0000119   1.7152E+04  1.9977E+03 -3.5507E+02
0000120   1.8590E+04 -1.0325E+03  1.2873E+03
0000121   1.7183E+04  3.8103E+03 -4.1725E+02
0000122   1.9199E+04  1.8080E+03 -3.5242E+02
0000123   1.8696E+04  1.3488E+03  2.7542E+02
0000124   1.8155E+04  4.6488E+02  2.9077E+03
0000125   1.8141E+04  1.2280E+03  2.7237E+03
0000126   1.7393E+04  1.5728E+03  1.4982E+03
0000127   1.7989E+04 -7.2304E+02  5.8652E+02
0000128   1.8425E+04 -3.9795E+01 -1.3708E+00
0000129   1.7079E+04  4.7438E+03  9.5081E+02
0000130   1.9515E+04  4.9575E+02 -1.2357E+03
0000131   1.9620E+04 -6.5877E+02  1.7183E+03
0000132   1.9122E+04 -2.7430E+02  1.1503E+03
0000133   1.8613E+04  4.8395E+02  7.8745E+02
0000134   1.8025E+04 -2.1221E+03  6.3611E+02
0000135   1.8231E+04  9.2359E+02  7.1208E+01
0000136   1.8339E+04  1.1592E+03 -1.0449E+03
0000137   1.9573E+04  1.2697E+03  2.9950E+03
0000138   1.7455E+04  1.6858E+03 -3.1691E+03
0000139   1.8182E+04 -7.7859E+02 -2.3725E+03
0000140   1.8648E+04  1.9169E+03 -1.1680E+03
0000141   1.6980E+04  5.3193E+03 -2.3770E+03
0000142   1.7394E+04 -8.2752E+02  1.4013E+03
0000143   1.9363E+04  2.0408E+02  1.4629E+03
0000144   1.7622E+04 -1.0460E+03 -1.6145E+03
0000145   1.8350E+04 -1.9106E+03 -5.0448E+02
0000146   1.7969E+04 -2.7776E+02 -2.0805E+03
0000147   1.6553E+04  3.0348E+03 -2.5060E+03
0000148   1.8309E+04  1.9486E+03  1.1262E+03
0000149   1.9749E+04  1.7011E+03 -5.7857E+02
0000150   1.9654E+04  6.7706E+02 -1.1399E+03
0000151   1.8702E+04  6.0286E+01 -3.8326E+02
0000152   1.9041E+04  8.3362E+02 -2.2375E+03
0000153   1.6788E+04 -1.2948E+03 -4.1718E+03
0000154   1.8680E+04 -7.9879E+02  2.5937E+02
0000155   1.7769E+04  3.5719E+02  2.7577E+03
0000156   1.9742E+04  7.3672E+02  8.3104E+02
0000157   1.8773E+04  9.9449E+02 -1.4692E+03
0000158   1.7859E+04 -4.3508E+02 -3.7917E+02
0000159   1.8439E+04 -1.8649E+03 -3.3370E+03
0000160   1.7311E+04 -5.1857E+02  1.1376E+03
0000161   1.9310E+04  3.5958E+02  7.8839E+02
0000162   1.8401E+04  2.4867E+03  3.2862E+03
0000163   1.7605E+04 -1.4339E+03  1.6103E+03
0000164   1.8823E+04  4.8587E+03 -6.0196E+02
0000165   1.7818E+04  1.7955E+03  1.2820E+03
0000166   1.8793E+04  5.2867E+02 -6.2415E+02
0000167   1.9940E+04 -2.9141E+03  4.5278E+02
0000168   1.9172E+04 -1.6170E+02  8.6717E+02
0000169   1.8767E+04 -1.6960E+03  1.5835E+03
0000170   1.8355E+04 -5.5589E+03 -1.4232E+03
0000171   1.7908E+04  1.8485E+03 -1.0332E+03
0000172   1.9712E+04  3.5907E+02 -1.5509E+03
0000173   1.9481E+04  1.0123E+03 -1.6196E+03
0000174   1.8110E+04 -4.6907E+02  1.2601E+03
0000175   1.9445E+04  3.2684E+02  5.9731E+02
0000176   1.8953E+04 -2.5954E+02  4.7050E+02
0000177   2.0492E+04 -1.5296E+03  1.3298E+03
0000178   1.9483E+04  1.5599E+03 -3.4702E+02
0000179   1.8430E+04  5.3043E+03 -2.0852E+03
0000180   1.8322E+04  7.3410E+01 -2.9314E+03
0000181   2.0288E+04  1.6124E+03  9.7232E+01
0000182   1.7277E+04 -8.8417E+02  1.0082E+03
0000183   1.9617E+04  9.7402E+02 -2.1426E+03
0000184   1.9071E+04 -1.3715E+03 -1.5791E+02
0000185   1.8481E+04  3.1789E+02 -3.4479E+02
0000186   1.8432E+04 -6.4373E+02 -1.3064E+03
0000187   1.8924E+04  1.5989E+02  1.2826E+03
0000188   1.8199E+04 -5.2998E+02  1.7471E+03
0000189   1.7712E+04  3.7326E+03  1.2668E+02
0000190   1.9143E+04 -8.9910E+01  7.0113E+02
0000191   1.8269E+04 -2.2905E+03 -6.8949E+02
0000192   1.6924E+04 -2.9693E+00 -7.6103E+02
0000193   1.8333E+04  9.7012E+02  8.3514E+02
0000194   1.8240E+04 -2.0011E+03 -8.1347E+02
0000195   1.8647E+04 -1.0102E+03  5.9421E+02
0000196   1.8308E+04  2.1673E+02  3.5125E+03
0000197   1.8796E+04 -1.3729E+03 -2.3804E+03
0000198   1.8571E+04  1.6905E+03 -1.3691E+03
0000199   1.6966E+04 -3.5602E+03 -1.4852E+03
0000200   1.7803E+04  1.8489E+03 -2.5641E+03
0000201   1.8279E+04 -2.9629E+03  4.1293E+02
0000202   1.8498E+04 -1.0213E+03 -2.0621E+03
0000203   1.8290E+04 -4.4296E+02 -2.2074E+03
0000204   1.8202E+04  6.4355E+02  4.5118E+03
0000205   1.8109E+04  1.5377E+03  4.4972E+02
0000206   1.9289E+04  6.0101E+02 -8.9387E+02
0000207   1.8190E+04  1.9405E+03 -2.1539E+03
0000208   2.0622E+04 -3.2135E+02 -6.6260E+01
0000209   1.9284E+04 -1.9290E+03 -5.0013E+02
0000210   1.4771E+04 -7.2092E+03  5.6468E+02
0000211   1.8803E+04 -4.3598E+02  4.4615E+02
0000212   1.8958E+04  1.6534E+03  3.8848E+03
0000213   1.8371E+04  2.8832E+03  2.3557E+02
0000214   1.8897E+04 -4.7103E+02 -8.4263E+01
0000215   1.8402E+04 -7.3016E+02 -8.7642E+02
0000216   1.8420E+04 -1.9006E+03 -4.9487E+02
0000217   1.8093E+04  5.0036E+02 -1.9517E+03
0000218   1.9695E+04 -1.8065E+03  2.2745E+03
0000219   1.8989E+04 -2.9034E+02  1.0518E+03
0000220   1.9126E+04  6.4784E+00 -8.9956E+02
0000221   1.5574E+04  3.5528E+03  1.1870E+02
0000222   1.7134E+04 -3.0697E+03 -1.1738E+03
0000223   1.7488E+04  3.1992E+03 -4.9200E+02
0000224   1.5985E+04  4.3158E+03 -2.7965E+03
0000225   1.9897E+04  2.3948E+02  3.5889E+02
0000226   1.9346E+04  8.5954E+02  4.3723E+02
0000227   1.8957E+04 -2.7264E+02  1.1070E+03
0000228   1.9333E+04  2.5710E+03 -1.6811E+03
0000229   1.8496E+04  3.3019E+03 -1.2360E+03
0000230   1.8552E+04  8.2902E+02 -3.8633E+03
0000231   1.8686E+04  1.7963E+03  9.6159E+02
0000232   1.8174E+04 -6.3928E+02  1.4713E+03
0000233   1.7992E+04  7.0386E+02  1.5842E+03
0000234   1.9076E+04  1.3788E+03 -1.2363E+03
0000235   1.8306E+04  9.6742E+02  2.0223E+03
0000236   1.8398E+04  1.9823E+02 -1.0936E+02
0000237   1.9879E+04 -7.1944E+01  2.6161E+03
0000238   1.8347E+04 -6.2958E+02 -2.3482E+03
0000239   1.9378E+04  5.5540E+02 -1.9919E+03
0000240   1.6668E+04 -2.5663E+03  4.1624E+03
0000241   1.8207E+04 -1.3597E+03 -8.7959E+02
0000242   1.9496E+04 -1.1228E+03 -1.4683E+02
0000243   1.7976E+04 -2.4410E+02 -1.1752E+03
0000244   1.8929E+04 -1.6089E+03  2.1735E+03
0000245   1.7787E+04  4.6522E+02 -2.8206E+03
0000246   1.8957E+04 -6.3163E+02 -1.0576E+01
0000247   1.9502E+04  3.3556E+01  1.4484E+03
0000248   1.7539E+04  2.3437E+03  1.7690E+03
0000249   1.8824E+04  2.3068E+02 -3.5648E+02
0000250   1.7673E+04 -4.2163E+03  4.6871E+03
0000251   1.9755E+04  1.1788E+03 -1.1560E+03
0000252   1.9235E+04  7.7239E+02 -5.9290E+02
0000253   1.8437E+04 -1.9587E+02 -6.8621E+02
0000254   1.7613E+04  2.2918E+03  2.8568E+03
0000255   1.9324E+04 -9.6230E+02  1.6497E+03
0000256   1.9290E+04  6.4576E+02  5.9088E+02
0000257   1.9209E+04 -2.3662E+03  4.7254E+02
0000258   1.9372E+04 -8.7819E+02  1.7388E+03
0000259   1.8843E+04  5.1969E+02  2.3207E+03
0000260   1.8076E+04 -9.4123E+02 -4.3169E+03
0000261   1.9402E+04 -1.0428E+03 -1.4695E+03
0000262   1.9701E+04  1.9327E+03 -1.7637E+03
0000263   1.8565E+04  7.6193E+02 -9.6882E+02
0000264   1.8803E+04 -3.9108E+02 -2.3265E+01
0000265   1.9349E+04 -1.6231E+03 -2.4016E+02
0000266   1.7698E+04 -1.2686E+03  4.5314E+02
0000267   1.8939E+04 -1.0190E+03 -2.6703E+03
0000268   1.5052E+04  3.4959E+03  1.4890E+03
0000269   1.8708E+04  2.8418E+02  1.6021E+02
0000270   1.8787E+04 -3.7986E+02  6.0168E+02
0000271   1.7832E+04  6.5709E+02  5.0872E+02
0000272   1.9334E+04  4.0075E+02  6.8464E+02
0000273   1.9644E+04  9.0253E+02  2.5412E+03
0000274   1.8167E+04  1.0177E+03 -1.0461E+03
0000275   1.8900E+04  9.1101E+02 -5.2007E+02
0000276   1.7548E+04  2.6503E+02 -1.0429E+03
0000277   1.9313E+04 -9.8649E+00 -3.1440E+02
0000278   1.9099E+04  2.2851E+03  1.6503E+03
0000279   1.9200E+04 -5.2140E+02  2.3293E+03
0000280   1.7543E+04  9.5787E+02 -4.8560E+02
0000281   1.8107E+04  3.1963E+02  3.5956E+02
0000282   1.8093E+04 -3.1525E+03  4.4366E+02
0000283   1.8498E+04  2.7093E+03  4.7850E+02
0000284   1.8467E+04 -4.5384E+01  6.7996E+01
0000285   1.8799E+04 -1.8080E+03 -9.6485E+02
0000286   1.9876E+04  6.7173E+02 -1.2917E+03
0000287   1.7947E+04  1.0346E+03  1.2755E+03
0000288   1.8227E+04  1.1753E+02 -1.0176E+02
0000289   1.7987E+04 -2.6204E+03 -3.0644E+02
0000290   1.8605E+04 -1.5945E+03  1.0702E+03
0000291   1.8888E+04  1.6733E+03 -3.2356E+01
0000292   1.7285E+04 -5.4849E+02 -2.7189E+03
0000293   1.7997E+04  1.2724E+03  9.6985E+02
0000294   1.9039E+04  1.4471E+03 -1.9904E+03
0000295   1.7792E+04  1.6592E+03 -6.9616E+01
0000296   1.8769E+04  1.0470E+03  3.4910E+03
0000297   1.9914E+04  4.1648E+02  1.0176E+03
0000298   1.7868E+04  8.2245E+02 -3.9659E+01
0000299   1.9370E+04 -2.4803E+03 -1.6341E+03
0000300   1.9406E+04  7.2132E+02 -8.2323E+02
0000301   1.9191E+04  4.3937E+02 -9.6705E+02
0000302   2.0078E+04  1.9753E+03 -1.0520E+03
0000303   1.7931E+04  3.4415E+03 -5.5732E+03
0000304   1.9216E+04 -1.5920E+02 -2.9421E+02
0000305   1.9806E+04 -5.3362E+02  1.2070E+03
0000306   1.7317E+04  5.4529E+02  3.6791E+02
0000307   1.8151E+04 -4.8595E+02 -2.1842E+03
0000308   1.9090E+04 -8.8909E+02  4.9762E+02
0000309   1.9617E+04  2.4693E+03 -2.6266E+03
0000310   1.8134E+04  6.2242E+01 -8.2068E+02
0000311   1.8186E+04 -1.2185E+03  1.1323E+03
0000312   1.8050E+04 -4.0464E+03 -7.1633E+02
0000313   1.9277E+04 -2.4127E+03  1.0274E+03
0000314   1.8652E+04 -1.1117E+03 -7.7269E+02
0000315   1.8488E+04  7.7239E+02 -1.6496E+03
0000316   1.9129E+04  5.4584E+02 -1.4280E+03
0000317   1.8262E+04 -8.3238E+02  9.2249E+02
0000318   1.8897E+04 -1.0854E+03  1.3144E+03
0000319   1.6224E+04  6.8390E+02 -6.4252E+02
0000320   1.9283E+04  7.5113E+01  2.6176E+03
0000321   1.9189E+04 -2.2527E+02 -7.3857E+02
0000322   1.6658E+04 -1.6042E+03  1.7324E+03
0000323   1.8499E+04 -1.0030E+03 -1.6767E+03
0000324   1.9604E+04 -1.5120E+03  1.5632E+03
0000325   1.9183E+04 -5.5296E+02 -2.3966E+02
0000326   2.0113E+04  9.3301E+02 -2.6285E+03
0000327   1.8326E+04 -1.7828E+03 -9.7077E+02
0000328   1.7217E+04 -2.8443E+01  3.1313E+02
0000329   1.9213E+04 -6.7468E+02 -1.4164E+03
0000330   1.8196E+04  1.4378E+03  2.2740E+02
0000331   1.8571E+04 -7.3724E+02  9.1230E+02
0000332   1.8591E+04 -6.3159E+02 -1.1650E+03
0000333   1.8193E+04  4.1264E+02  4.8164E+02
0000334   1.8774E+04  1.0141E+03 -3.4660E+02
0000335   1.9198E+04  2.7717E+03  1.0104E+03
0000336   1.9750E+04 -1.1651E+03  2.9449E+02
0000337   1.8822E+04  1.5919E+02  1.9730E+03
0000338   1.9159E+04 -3.6410E+03 -4.1460E+02
0000339   1.6223E+04  3.3556E+02 -4.7013E+03
0000340   1.6611E+04  5.9203E+02 -3.3236E+03
0000341   1.7247E+04 -6.4238E+02 -2.4373E+03
0000342   1.8634E+04  8.6045E+02 -7.8520E+02
0000343   1.9621E+04 -1.5938E+03  2.3696E+02
0000344   1.7703E+04  3.9257E+03 -1.0928E+03
0000345   1.9615E+04  1.1372E+02 -9.6475E+02
0000346   1.8506E+04 -1.8153E+02  2.2535E+03
0000347   1.8742E+04 -4.2740E+02  8.8552E+01
0000348   1.8139E+04 -9.6725E+02  2.0871E+03
0000349   1.9295E+04 -1.0575E+03 -9.4285E+02
0000350   1.8168E+04  1.1325E+03  8.9158E+02
0000351   1.7003E+04  1.7769E+03 -3.8473E+02
0000352   1.9153E+04  8.5719E+02 -7.8984E+02
0000353   1.9446E+04  8.4562E+02 -3.4762E+02
0000354   1.7468E+04  1.1512E+03 -8.4775E+02
0000355   1.7915E+04  6.2329E+01 -3.9420E+02
0000356   1.8990E+04  1.1066E+03 -1.4554E+02
0000357   1.8535E+04 -1.1118E+02  3.7724E+02
0000358   1.7573E+04 -7.8152E+02  7.3169E+01
0000359   1.9107E+04  7.3082E+02 -1.2415E+03
0000360   1.8914E+04  1.3435E+02  4.0483E+02
0000361   1.8315E+04  4.9208E+03 -6.9839E+02
0000362   2.0167E+04 -2.1523E+03  8.7465E+02
0000363   1.8970E+04 -4.2772E+02  3.9379E+02
0000364   1.7817E+04 -1.2922E+03  1.9990E+03
0000365   1.8991E+04 -9.5741E+02 -7.0001E+01
0000366   1.8075E+04 -2.6263E+03  1.4898E+03
0000367   1.9388E+04 -1.3155E+03 -1.8293E+03
0000368   1.7298E+04 -5.3190E+02 -1.3817E+03
0000369   1.9386E+04  8.0073E+02 -1.5854E+02
0000370   1.9036E+04  3.1491E+02  4.8360E+02
0000371   1.8734E+04  9.2943E+02  1.3585E+03
0000372   1.9307E+04 -1.8954E+03  1.2499E+03
0000373   1.7911E+04  7.6862E+02 -2.4535E+02
0000374   1.8917E+04  2.8393E+03  4.7831E+02
0000375   1.9526E+04 -1.4133E+02  1.0102E+02
0000376   1.9122E+04  7.7123E+02  6.6578E+02
0000377   1.8542E+04  1.4592E+03  7.3186E+02
0000378   1.7127E+04  7.6114E+02  3.0432E+03
0000379   1.8799E+04 -4.9035E+01 -3.3036E-01
0000380   1.9799E+04 -1.1712E+02 -2.0872E+00
0000381   1.7301E+04 -8.5758E+02 -3.1247E+03
0000382   1.8920E+04  2.0772E+03 -4.1415E+03
0000383   1.8762E+04 -7.8615E+02  9.9941E+02
0000384   1.8588E+04 -2.0026E+03 -5.5810E+01
0000385   1.9512E+04 -7.5986E+02 -2.3802E+02
0000386   1.9178E+04  2.1773E+02  4.7013E+02
0000387   1.9080E+04 -9.4095E+02  4.4082E+02
0000388   1.8726E+04 -2.3906E+03  3.3707E+03
0000389   1.8594E+04 -1.0456E+03  4.3989E+02
0000390   1.8240E+04  4.6449E+01 -1.4089E+03
0000391   1.9863E+04 -2.3244E+03  3.5805E+02
0000392   1.8542E+04 -1.6668E+03 -6.9002E+01
0000393   1.8565E+04  8.2206E+02 -1.2696E+03
0000394   1.8194E+04 -1.5848E+03 -1.0501E+02
0000395   1.8027E+04 -6.3004E+00  9.9121E+02
0000396   1.9058E+04 -1.5211E+03 -1.3206E+03
0000397   1.8185E+04 -9.4819E+02  2.3629E+02
0000398   1.9815E+04  8.6295E+01 -6.4252E+02
0000399   1.8559E+04  5.4863E+02  2.7459E+03
0000400   1.8797E+04 -5.8842E+02 -2.3512E+02
0000401   2.0037E+04  8.2301E+02  5.7239E+02
0000402   1.7834E+04  2.6012E+03  3.8266E+03
0000403   1.8025E+04 -2.5740E+03  3.7058E+02
0000404   1.8587E+04  1.6961E+03 -5.3539E+01
0000405   1.8353E+04  1.6454E+03 -1.3899E+03
0000406   1.8480E+04  1.6294E+03 -8.3254E+02
0000407   1.6690E+04 -1.8519E+03  5.6991E+03
0000408   1.4058E+04 -6.7241E+03  6.4311E+03
0000409   1.8660E+04  2.6626E+03 -3.3261E+03
0000410   1.8381E+04 -4.2823E+02 -9.0295E+02
0000411   1.8301E+04  1.9040E+02 -2.5753E+03
0000412   1.8360E+04 -1.6232E+03  1.5435E+03
0000413   1.9968E+04  2.2256E+02 -1.8074E+02
0000414   1.7932E+04  2.8702E+03 -1.3863E+03
0000415   1.8790E+04 -8.0812E+02  1.6423E+03
0000416   1.8760E+04 -1.3535E+03  3.2185E+03
0000417   1.8063E+04 -1.1086E+03 -2.3855E+03
0000418   1.8663E+04  6.6968E+02  1.0954E+03
0000419   2.0036E+04  5.1522E+02  6.0515E+02
0000420   1.8418E+04  1.0001E+03  3.0129E+03
0000421   1.9296E+04  1.6290E+02 -1.4509E+03
0000422   1.2166E+04 -3.2106E+03  7.7704E+03
0000423   1.7850E+04 -6.7120E+02  2.6501E+03
0000424   1.8355E+04  3.3830E+03 -4.0872E+02
0000425   1.8930E+04  1.5476E+03 -4.0858E+02
0000426   1.8576E+04  1.2792E+03 -1.1156E+03
0000427   1.8709E+04 -7.6424E+02 -4.7207E+02
0000428   1.8380E+04  3.8825E+02  1.2912E+03
0000429   1.8599E+04 -1.4524E+02 -2.5211E+02
0000430   1.7912E+04  4.7488E+03  3.0208E+03
0000431   1.8281E+04  1.5263E+03  1.0227E+03
0000432   1.8188E+04  2.5463E+02 -1.3183E+03
0000433   1.9377E+04  1.8374E+03 -1.4465E+02
0000434   1.7020E+04  9.1395E+02  2.6837E+03
0000435   1.8284E+04 -4.4681E+02  7.2583E+02
0000436   1.9390E+04  4.2019E+02 -5.4431E+02
0000437   1.9217E+04 -6.5531E+02 -3.3344E+02
0000438   1.7067E+04  7.4900E+02  8.0325E+02
0000439   1.8711E+04 -3.2037E+02 -9.2809E+02
0000440   1.9644E+04  1.8831E+03  2.0559E+03
0000441   1.5985E+04 -4.1855E+03 -8.1788E+02
0000442   1.9500E+04  1.6507E+03 -5.5176E+02
0000443   1.9815E+04  1.6357E+03 -4.0899E+02
0000444   1.9472E+04  5.3827E+02 -2.3776E+03
0000445   1.8547E+04  1.6237E+02  1.0148E+03
0000446   1.8757E+04  7.2650E+02 -1.7265E+03
0000447   1.9224E+04  4.9911E+02 -1.8567E+03
0000448   1.9898E+04 -5.5488E+02 -2.5350E+03
0000449   1.7773E+04 -2.6611E+02  4.3320E+02
0000450   2.0286E+04 -1.0497E+03  1.0632E+03
0000451   1.7302E+04 -1.8230E+03 -6.0199E+00
0000452   1.9547E+04 -2.6419E+02  4.5573E+02
0000453   1.8693E+04  1.6508E+03  1.8389E+03
0000454   1.8716E+04 -1.8203E+02  9.2134E+01
0000455   1.8985E+04  1.7354E+00  1.4718E+02
0000456   1.9239E+04  8.1175E+02 -1.2663E+03
0000457   1.7783E+04 -4.6726E+02 -4.3758E+03
0000458   1.8637E+04 -8.8700E+02 -1.7534E+03
0000459   1.8936E+04 -5.1802E+02 -1.0343E+03
0000460   1.8857E+04  7.9644E+02  8.5953E+02
0000461   1.7917E+04  2.1068E+03 -5.3645E+03
0000462   2.0199E+04  3.5473E+03  9.4412E+02
0000463   1.9099E+04  1.6500E+02  9.9728E+01
0000464   1.8585E+04  2.3087E+03 -1.0880E+02
0000465   1.6719E+04 -1.8734E+03  2.6508E+02
0000466   1.9704E+04 -1.2275E+03  2.2176E+03
0000467   1.9447E+04 -1.0418E+02  5.8811E+02
0000468   1.8581E+04 -2.0875E+03  1.5329E+03
0000469   1.9000E+04 -1.3446E+03  2.5658E+02
0000470   1.8562E+04  1.9319E+03 -1.3608E+03
0000471   1.7512E+04 -1.8412E+02  2.1619E+03
0000472   1.8354E+04  1.2738E+03 -1.2082E+03
0000473   1.8199E+04  4.6118E+02  9.1772E+02
0000474   1.9665E+04  1.7028E+03  1.0723E+03
0000475   1.8136E+04 -9.3447E+02  1.8244E+03
0000476   1.7901E+04 -2.1530E+03  3.5027E+01
0000477   1.8914E+04  5.4103E+02  3.5499E+02
0000478   1.9242E+04  8.8611E+02  1.3000E+03
0000479   1.8627E+04  1.4590E+03 -7.4948E+02
0000480   1.8276E+04  1.0803E+03  4.9028E+02
0000481   1.8998E+04  4.4669E+02  2.6081E+03
0000482   1.9519E+04 -1.9819E+03 -1.3258E+03
0000483   1.7626E+04  6.1096E+02  2.5333E+03
0000484   1.9909E+04 -1.0894E+03 -1.2540E+03
0000485   1.9316E+04 -1.3029E+03 -1.1621E+02
0000486   1.7733E+04  2.6545E+03  2.5924E+02
0000487   1.8217E+04 -1.4652E+03  1.2654E+03
0000488   1.9606E+04  3.8580E+02 -2.4908E+03
0000489   1.9711E+04  2.7350E+03  5.7820E+02
0000490   1.8121E+04 -8.3623E+02  3.2270E+03
0000491   1.7876E+04  7.5394E+02 -2.1509E+03
0000492   1.7869E+04 -8.2209E+02 -1.5154E+03
0000493   1.9188E+04 -1.0397E+03 -6.0873E+02
0000494   1.8710E+04  4.9316E+02 -1.8730E+03
0000495   1.9917E+04 -2.0943E+02  6.3277E+02
0000496   1.8146E+04 -1.0283E+03  1.1908E+03
0000497   1.9759E+04  4.9244E+02 -1.0241E+03
0000498   1.9462E+04  1.2081E+02 -2.9316E+03
0000499   1.8656E+04  2.7031E+03 -6.6151E+00
0000500   8.9615E+03 -4.7498E+03 -4.8049E+03
0000501   1.9001E+04 -3.7002E+03  1.1879E+03
0000502   1.7890E+04 -2.8899E+02  1.6133E+02
0000503   1.9308E+04  2.4350E+02  5.0379E+02
0000504   1.8779E+04 -7.7177E+02 -3.2625E+03
0000505   1.9289E+04  1.7948E+03 -1.2102E+03
0000506   1.8693E+04  7.9667E+02 -6.8936E+02
0000507   1.7472E+04  5.3802E+02 -1.7632E+02
0000508   1.8850E+04  3.2598E+02  4.1904E+02
0000509   1.4261E+04  4.2067E+03 -3.1953E+03
0000510   2.0056E+04  5.8876E+02 -1.0599E+03
0000511   1.8452E+04 -2.2071E+02 -2.6898E-01
0000512   1.8175E+04 -1.2473E+03 -1.5328E+03
0000513   1.8485E+04 -1.4558E+03 -4.7554E+02
0000514   1.8395E+04  6.0091E+02  8.5488E+02
0000515   1.8661E+04 -1.6055E+03  8.4169E+02
0000516   1.8847E+04  6.1999E+02 -3.8636E+03
0000517   1.9309E+04 -9.6368E+02 -8.7398E+02
0000518   1.8162E+04 -3.2883E+02  2.0486E+03
0000519   1.9360E+04 -7.2431E+02  1.3731E+02
0000520   1.8705E+04 -5.6177E+02  5.9065E+01
0000521   1.9474E+04  1.5965E+03  7.1081E+02
0000522   1.7643E+04 -2.3147E+03  1.7954E+03
0000523   1.8670E+04 -8.7589E+02  3.5119E+02
0000524   1.9170E+04  1.8659E+02  2.1994E+03
0000525   1.9631E+04 -3.2644E+02 -2.7664E+03
0000526   1.8238E+04  4.0709E+02  8.1364E+02
0000527   1.8415E+04 -1.1322E+02  9.6115E+02
0000528   1.7869E+04 -3.3767E+02 -3.9919E+03
0000529   1.9030E+04 -9.4135E+01 -1.4877E+03
0000530   1.7980E+04  2.9819E+02 -5.5587E+02
0000531   1.8867E+04 -2.0847E+03  2.2344E+03
0000532   1.9127E+04  1.2861E+03  1.9221E+03
0000533   1.8785E+04 -1.3896E+03  5.7735E+02
0000534   1.7304E+04  5.5731E+02  2.9000E+03
0000535   1.9143E+04 -1.9033E+03 -1.7143E+03
0000536   1.9955E+04 -1.5827E+03 -9.9350E+01
0000537   1.9006E+04  2.6527E+02  6.9234E+02
0000538   1.7532E+04  5.0965E+02  3.9765E+02
0000539   1.8430E+04 -3.3269E+03  9.1462E+02
0000540   1.8933E+04 -1.6911E+02 -6.4307E+02
0000541   1.9871E+04 -1.9848E+02 -5.7470E+02
0000542   1.7002E+04  2.6430E+03 -2.0707E+03
0000543   1.8766E+04  1.1174E+03 -7.7190E+02
0000544   1.7734E+04  1.3332E+03  4.2986E+02
0000545   1.9561E+04 -2.7999E+02  8.8392E+02
0000546   1.8596E+04 -6.3299E+02  3.5723E+02
0000547   1.6961E+04 -1.1581E+03  8.9960E+02
0000548   1.8915E+04  2.6792E+03  4.8977E+02
0000549   1.9252E+04  1.1316E+03 -6.3494E+02
0000550   1.9510E+04 -2.9512E+02 -4.1452E+02
0000551   1.7666E+04  3.3967E+03 -1.7579E+03
0000552   1.8422E+04 -1.2905E+03 -6.3270E+02
0000553   1.8018E+04  4.0446E+01 -4.9464E+02
0000554   1.8748E+04  2.2431E+03  1.4848E+03
0000555   1.2231E+04  2.9703E+03  1.0808E+03
0000556   1.9286E+04  1.9350E+03  1.0593E+03
0000557   1.7492E+04  5.7841E+02 -3.8159E+03
0000558   1.9248E+04 -1.1167E+03  1.5090E+03
0000559   1.8493E+04  1.9910E+03 -2.2478E+02
0000560   1.9474E+04 -1.6239E+03 -3.0663E+03
0000561   1.7855E+04 -7.4991E+02 -1.1227E+03
0000562   1.7604E+04 -7.4424E+02 -2.9374E+03
0000563   1.8867E+04  9.0355E+02 -1.9248E+03
0000564   1.7350E+04  3.0248E+03  7.7049E+02
0000565   1.9990E+04  1.0501E+03 -2.2851E+03
0000566   1.8933E+04  3.8819E+02  1.8689E+03
0000567   1.8815E+04  4.8750E+02  5.2186E+02
0000568   1.9127E+04 -1.6027E+03 -1.2965E+03
0000569   2.0954E+04  7.2516E+02 -7.6880E+02
0000570   1.7663E+04 -2.5219E+02 -4.8942E+03
0000571   1.8070E+04  2.9461E+03 -1.1557E+03
0000572   1.8406E+04  5.6852E+02  4.4148E+02
0000573   1.7888E+04 -3.0109E+02  1.1692E+03
0000574   1.8985E+04 -3.7307E+01 -2.8442E+03
0000575   1.7408E+04  1.0392E+03 -2.7365E+03
0000576   1.9527E+04 -2.9580E+02 -1.2021E+03
0000577   1.8519E+04 -1.2087E+03 -9.5586E+02
0000578   1.4521E+04  2.8467E+03  8.8077E+02
0000579   1.9162E+04 -1.0140E+03 -3.8144E+01
0000580   1.8511E+04 -1.1650E+03  1.7570E+03
0000581   1.8670E+04  2.9478E+02  5.8420E+02
0000582   1.9467E+04  6.6065E+02 -1.8643E+03
0000583   1.7570E+04  1.7792E+03  5.5726E+01
0000584   1.8533E+04 -1.6616E+02 -5.8170E+02
0000585   1.8531E+04  6.9243E+02 -1.6904E+03
0000586   1.6867E+04 -3.4057E+03  9.0513E+02
0000587   1.7743E+04 -4.3833E+02  6.5504E+03
0000588   1.9577E+04 -1.2084E+03  1.1893E+03
0000589   1.8119E+04 -1.2101E+03 -1.1255E+03
0000590   1.9347E+04 -2.4398E+03  5.2306E+02
0000591   1.9612E+04 -3.9260E+02  2.2287E+03
0000592   2.0392E+04  1.6995E+02  1.3515E+03
0000593   1.9234E+04  1.6195E+03 -9.5557E+02
0000594   1.8409E+04  1.4564E+03  4.1462E+02
0000595   2.0042E+04 -1.0406E+03  1.9484E+02
0000596   1.7960E+04  1.1528E+03 -1.8753E+03
0000597   1.8361E+04 -2.4264E+02 -1.9956E+03
0000598   1.7804E+04 -1.3609E+03 -2.4846E+03
0000599   1.9484E+04 -3.0819E+02  5.4455E+02
0000600   1.9932E+04  2.3081E+02 -4.0143E+03
0000601   1.9165E+04  2.9516E+01  9.2445E+00
0000602   1.8786E+04 -5.2696E+00 -2.6409E+03
0000603   1.8446E+04 -1.7129E+03 -3.4820E+03
0000604   1.0548E+04  4.1620E+03  2.4461E+03
0000605   1.8954E+04 -2.0125E+03 -1.5523E+03
0000606   1.9105E+04 -3.3613E+02 -4.3197E+02
0000607   1.8978E+04  3.8175E+02  1.3570E+03
0000608   1.8989E+04 -9.1074E+02  1.5240E+03
0000609   1.8801E+04  7.8226E+02 -1.1859E+03
0000610   1.7350E+04  1.3725E+03 -2.3728E+03
0000611   1.9077E+04  7.1875E+01 -6.9700E+01
0000612   1.8298E+04  7.7653E+02  2.2798E+03
0000613   1.9201E+04  2.6841E+02 -1.7709E+03
0000614   1.7793E+04  1.9357E+03 -3.9333E+03
0000615   1.8394E+04  2.4578E+02 -1.2865E+03
0000616   1.8690E+04 -3.8328E+02  2.9238E+02
0000617   1.7900E+04 -2.5706E+03  1.2138E+02
0000618   1.8368E+04  2.1243E+02  1.0353E+03
0000619   1.8864E+04  2.4329E+03  3.7205E+03
0000620   1.7773E+04 -4.6727E+02  5.1540E+02
0000621   1.8419E+04 -6.1519E+02  8.0574E+02
0000622   1.8699E+04  1.6089E+03  1.1507E+03
0000623   1.8529E+04 -2.7563E+03 -4.9441E+02
0000624   1.9031E+04  4.0643E+02 -4.3044E+02
0000625   1.8832E+04  2.1654E+03  7.4895E+02
0000626   1.9003E+04  1.8236E+02  1.4441E+03
0000627   1.7406E+04  5.1181E+02  8.7975E+02
0000628   1.8989E+04 -6.4563E+02 -4.6732E+02
0000629   1.7856E+04  1.2235E+03  1.5499E+03
0000630   7.0719E+03  1.0056E+03 -1.2322E+04
0000631   1.7938E+04  7.2884E+02 -1.5130E+03
0000632   1.9850E+04  1.0046E+03  7.2944E+02
0000633   1.7702E+04  3.0371E+02  3.1503E+02
0000634   1.8729E+04 -1.3251E+03  2.2229E+03
0000635   1.8671E+04  4.9627E+02  1.5392E+03
0000636   1.9073E+04  1.8161E+03 -5.7703E+02
0000637   1.8814E+04 -3.2553E+02 -1.0874E+03
0000638   1.5109E+04 -7.5775E+02 -2.2084E+02
0000639   1.9714E+04 -2.9311E+03 -2.4529E+03
0000640   1.8698E+04  2.2558E+03 -1.4664E+03
0000641   1.8085E+04  2.9178E+03  8.2147E+02
0000642   1.7773E+04  2.1139E+03  7.3671E+02
0000643   1.7629E+04  3.1766E+01  5.3297E+02
0000644   1.8434E+04 -8.5843E+01 -2.9722E+03
0000645   1.7558E+04  9.5642E+02 -1.3775E+03
0000646   1.8403E+04  2.5924E+03  1.3328E+03
0000647   1.7805E+04  1.0296E+03  6.7430E+02
0000648   2.0156E+04 -2.9492E+03  2.8772E+03
0000649   2.0511E+04 -6.9499E+02  1.5107E+03
0000650   1.8609E+04  1.0567E+03 -1.7409E+03
0000651   1.7692E+04 -1.6819E+03 -9.3796E+02
0000652   1.7949E+04  7.5741E+02  5.0580E+02
0000653   1.6975E+04  5.1808E+03 -1.5841E+03
0000654   1.8323E+04 -7.8983E+01 -1.6426E+03
0000655   1.8357E+04 -1.1161E+03  2.0443E+02
0000656   1.7798E+04 -6.0180E+02  8.0827E+02
0000657   1.9072E+04  1.2517E+03  1.6094E+03
0000658   1.8371E+04 -9.0663E+02 -2.3715E+03
0000659   1.8530E+04 -2.3875E+03 -1.4104E+03
0000660   1.9946E+04 -1.8271E+03  8.6580E+02
0000661   1.8851E+04 -9.5565E+02 -1.1863E+03
0000662   1.8314E+04  1.6464E+03  1.1144E+03
0000663   1.9311E+04  1.7906E+03  2.1897E+03
0000664   1.8157E+04 -2.8655E+02  1.4860E+03
0000665   1.8594E+04  3.9571E+02  1.0064E+03
0000666   1.9797E+04  1.0198E+03 -2.2390E+02
0000667   1.8610E+04  2.0613E+03 -4.2254E+02
0000668   1.4827E+04  3.8933E+03 -8.6140E+03
0000669   1.8473E+04  3.7470E+03  4.2979E+02
0000670   1.9378E+04  1.9435E+02 -1.9610E+02
0000671   1.8457E+04  2.6497E+03  1.3203E+03
0000672   1.7749E+04 -5.3780E+02 -2.0418E+02
0000673   1.9088E+04  1.1572E+03  1.7203E+03
0000674   1.7430E+04 -1.5209E+03 -1.3496E+03
0000675   1.9120E+04 -3.9648E+02 -3.4584E+02
0000676   1.6821E+04  2.6902E+03  2.3896E+03
0000677   1.4660E+04 -8.9598E+02  2.1340E+03
0000678   1.6940E+04 -3.0774E+03  3.0400E+03
0000679   1.8307E+04 -1.3150E+03 -9.9983E+02
0000680   1.9571E+04 -1.3415E+02  2.0896E+02
0000681   1.8297E+04  1.2819E+03 -3.5971E+02
0000682   1.9044E+04 -1.2422E+03 -1.6433E+03
0000683   2.0806E+04  6.9597E+02  3.1368E+02
0000684   1.7381E+04  2.2276E+01  1.6553E+03
0000685   1.8617E+04  6.2403E+02  9.1987E+02
0000686   1.9527E+04 -4.8861E+02 -6.7575E+02
0000687   1.7164E+04 -3.5087E+03 -9.7141E+02
0000688   1.7717E+04 -3.0511E+03 -8.5278E+02
0000689   1.8299E+04  1.9293E+03  8.4965E+02
0000690   1.8590E+04 -2.0524E+01 -1.0857E+03
0000691   1.8267E+04  2.3895E+02  1.2288E+03
0000692   1.8351E+04  2.9385E+02  3.1831E+02
0000693   1.8190E+04 -2.0183E+03 -9.6799E+02
0000694   1.7190E+04 -2.0082E+03  1.4183E+03
0000695   1.9741E+04  8.3016E+01 -1.7875E+03
0000696   1.9157E+04  5.1094E+02  2.2966E+02
0000697   1.9100E+04  9.8145E+02 -5.1203E+02
0000698   1.9346E+04 -2.2132E+01 -1.3652E+02
0000699   1.8806E+04 -2.0936E+03 -1.3168E+03
0000700   1.9733E+04  3.1099E+02  3.2310E+03
0000701   1.8201E+04 -1.0775E+03  8.0790E+02
0000702   1.9269E+04  3.0452E+02  1.7336E+03
0000703   1.9029E+04  5.9247E+02  7.7074E+02
0000704   1.8551E+04 -6.4162E+02 -1.0762E+03
0000705   1.5161E+04  6.2825E+02  1.4848E+03
0000706   1.9094E+04 -5.9147E+02 -9.8570E+02
0000707   1.8996E+04 -5.9277E+02  2.3968E+02
0000708   1.7590E+04 -1.4536E+03 -2.5241E+03
0000709   1.8320E+04  8.3896E+02 -1.0594E+03
0000710   1.9025E+04 -1.3056E+03 -3.3383E+03
0000711   2.0506E+04 -1.2192E+03  1.7740E+03
0000712   1.8870E+04  6.8987E+02  8.6137E+02
0000713   1.9451E+04  1.2855E+03 -1.3838E+03
0000714   1.9400E+04 -2.4929E+03  2.3090E+01
0000715   1.7631E+04 -5.7283E+02  2.4407E+03
0000716   1.6883E+04 -2.5978E+03 -4.3506E+03
0000717   1.7701E+04  1.2032E+03 -8.2346E+02
0000718   1.8673E+04  7.6481E+01  4.0010E+02
0000719   1.9394E+04 -6.8405E+02  4.5749E+02
0000720   1.8104E+04  8.3055E+02 -9.4660E+02
0000721   1.8498E+04 -2.4872E+03  5.6757E+02
0000722   1.8383E+04 -6.9795E+02  2.5529E+03
0000723   1.8961E+04 -1.2984E+03 -2.7521E+03
0000724   1.8112E+04  9.5145E+02  3.4396E+02
0000725   1.8405E+04  3.1848E+03 -1.1584E+03
0000726   1.7979E+04 -2.8257E+03  9.2205E+02
0000727   1.9629E+04 -1.7394E+03 -2.2692E+02
0000728   1.8651E+04  2.4050E+03  1.4797E+03
0000729   1.9037E+04 -8.6886E+02 -5.2761E+02
0000730   1.8204E+04 -2.3649E+03 -1.9453E+03
0000731   1.9656E+04  9.3161E+02  1.6896E+03
0000732   1.9539E+04  1.7764E+03  4.8677E+02
0000733   1.9183E+04  2.2545E+03  1.1376E+03
0000734   1.7762E+04 -3.8544E+03  2.8833E+03
0000735   1.9163E+04 -5.5581E+02  1.9310E+02
0000736   1.9253E+04 -1.2886E+03 -2.9454E+02
0000737   2.0746E+04 -4.3974E+02 -1.8969E+02
0000738   1.8087E+04  3.4708E+03  1.0695E+02
0000739   1.7845E+04 -1.1246E+03 -2.3003E+03
0000740   1.8151E+04  6.8533E+02  2.4706E+03
0000741   1.8473E+04  6.2321E+02 -8.4949E+01
0000742   1.8243E+04 -2.7287E+03 -5.8007E+02
0000743   1.8772E+04  2.6065E+02 -3.5768E+02
0000744   1.8685E+04 -5.6189E+02  2.0398E+03
0000745   1.7022E+04  1.8654E+03 -1.6036E+03
0000746   1.7888E+04  9.9893E+02 -2.2166E+02
0000747   1.8421E+04 -1.0775E+03 -4.0163E+02
0000748   1.7973E+04 -4.0721E+03 -7.5923E+02
0000749   1.8380E+04 -2.0609E+03  6.7604E+02
0000750   1.9309E+04 -1.7829E+03  1.6748E+03
0000751   1.8913E+04  7.0221E+02 -8.2834E+01
0000752   1.8661E+04 -2.5698E+02  2.5954E+02
0000753   1.9052E+04 -9.0491E+02 -8.7418E+02
0000754   1.8159E+04 -2.5104E+03  1.6742E+03
0000755   1.8049E+04  4.0302E+01  7.9771E+02
0000756   1.7316E+04  3.3853E+03  2.7255E+03
0000757   1.5993E+04  2.7754E+03 -3.8492E+03
0000758   1.8458E+04  8.0098E+02  3.0381E+02
0000759   1.9132E+04 -1.9739E+03  2.3410E+03
0000760   1.8679E+04 -1.0958E+03  1.1154E+03
0000761   1.8849E+04  1.8413E+03  2.1241E+02
0000762   1.9276E+04  1.3596E+03 -1.1475E+03
0000763   2.0234E+04 -1.2264E+03 -5.9668E+02
0000764   1.9886E+04 -2.5647E+03  1.3483E+03
0000765   1.9469E+04  1.0610E+03 -8.3181E+02
0000766   1.9871E+04  1.0154E+03 -1.1893E+03
0000767   1.8626E+04  1.3464E+03  2.4329E+02
0000768   1.8312E+04  8.4196E+02  4.7439E+02
0000769   1.9058E+04 -4.0283E+02 -1.2733E+03
0000770   1.8510E+04 -1.0750E+03 -2.2112E+01
0000771   1.9834E+04  1.8112E+03  2.0201E+03
0000772   1.7005E+04 -2.1782E+03  1.8567E+02
0000773   1.9001E+04  2.7391E+02  5.6925E+02
0000774   1.9204E+04 -2.1808E+03  4.3463E+02
0000775   2.0029E+04  7.8255E+02 -1.6966E+03
0000776   1.7710E+04 -8.9080E+02  4.5259E+02
0000777   1.9173E+04  3.1846E+03 -6.7218E+02
0000778   1.9331E+04  4.9826E+01 -1.4412E+03
0000779   2.0789E+04  4.0109E+02  9.9512E+02
0000780   1.9256E+04 -4.7890E+02 -2.0886E+03
0000781   1.9667E+04  1.5627E+02  1.7743E+03
0000782   1.9236E+04 -1.8398E+03  2.0254E+02
0000783   1.9648E+04  2.1009E+02 -1.9346E+02
0000784   1.8543E+04  2.7748E+01  3.5759E+02
0000785   1.9609E+04 -2.8390E+02 -5.6596E+02
0000786   1.8540E+04  8.8884E+02 -5.8238E+02
0000787   1.9307E+04  4.0514E+02 -2.3048E+03
0000788   1.9536E+04 -1.9065E+03  2.1535E+03
0000789   1.8890E+04 -2.5383E+03 -2.3529E+03
0000790   1.9738E+04 -1.0385E+03 -1.4428E+03
0000791   1.8842E+04  1.6089E+03 -1.0087E+03
0000792   1.8865E+04  2.7706E+02  8.0421E+02
0000793   1.7874E+04  7.1574E+02  2.4259E+03
0000794   1.8338E+04  3.3044E+02 -1.2717E+03
0000795   1.7695E+04 -2.2439E+03  1.1842E+03
0000796   1.6983E+04  3.1043E+03  2.1663E+03
0000797   1.9133E+04  1.8078E+03  3.5227E+02
0000798   1.8186E+04 -1.1564E+03  2.2182E+03
0000799   1.8696E+04 -3.3382E+02 -1.4699E+03
0000800   1.7507E+04  1.6097E+03  3.4195E+02
0000801   1.7640E+04  2.5144E+03 -5.2338E+03
0000802   1.9132E+04 -7.7070E+02 -8.8015E+02
0000803   1.9353E+04 -6.8294E+02 -6.4954E+02
0000804   2.0514E+04  1.7203E+03  4.1069E+01
0000805   1.8698E+04  1.7179E+03 -4.3542E+02
0000806   1.8170E+04  1.8309E+03  1.5900E+03
0000807   1.8582E+04 -1.9433E+03 -3.9762E+03
0000808   2.0441E+04 -1.6227E+03  7.8186E+02
0000809   1.8310E+04  1.4519E+02 -1.5642E+03
0000810   1.9446E+04  1.9194E+03  2.0754E+03
0000811   1.8506E+04  1.2073E+03 -1.6968E+03
0000812   1.7970E+04  1.3117E+03 -6.0465E+02
0000813   1.8762E+04 -5.2515E+02  8.8248E+02
0000814   1.8655E+04 -3.6969E+03 -6.2678E+02
0000815   1.8623E+04  9.7673E+02 -6.3623E+02
0000816   1.7335E+04 -3.0953E+03 -1.9443E+03
0000817   1.9303E+04 -6.0105E+02 -5.5322E+02
0000818   2.0231E+04 -1.9096E+03  1.5969E+03
0000819   1.9102E+04  1.0266E+03  1.2086E+03
0000820   1.9876E+04 -2.8680E+02 -1.6582E+03
0000821   1.8574E+04 -3.1120E+03 -2.8651E+03
0000822   1.7815E+04 -2.3892E+03 -2.1395E+03
0000823   1.6417E+04  1.8116E+03  7.6675E+02
0000824   1.9751E+04  6.0802E+02 -1.1913E+03
0000825   2.0298E+04  2.4120E+02 -9.3015E+02
0000826   1.8994E+04  2.3910E+03  1.2997E+02
0000827   1.9106E+04 -8.5795E+02  5.6465E+02
0000828   1.8315E+04 -9.1467E+02 -4.8093E+02
0000829   1.7624E+04 -1.5466E+03  6.3012E+02
0000830   1.7815E+04  9.1281E+00  9.6678E+02
0000831   1.8887E+04 -6.7670E+02 -1.0600E+03
0000832   1.9201E+04 -1.9536E+03  7.2852E+02
0000833   1.9280E+04  1.6702E+03 -9.5334E+02
0000834   1.7828E+04 -2.0360E+03  2.4305E+03
0000835   1.8966E+04  3.4591E+03  1.8007E+03
0000836   1.7725E+04 -3.8753E+03  2.7067E+02
0000837   1.9400E+04  3.8868E+02 -1.6944E+03
0000838   1.9407E+04 -8.9773E+02 -1.1199E+03
0000839   1.8738E+04  9.4205E+02  1.2432E+03
0000840   1.8863E+04  1.0098E+03 -1.1255E+03
0000841   1.9414E+04  1.2851E+01  1.0891E+03
0000842   1.7377E+04  1.4451E+03  1.0620E+03
0000843   1.8222E+04 -5.7990E+02 -6.2042E+02
0000844   1.8893E+04 -1.4507E+03 -7.8681E+02
0000845   1.7980E+04  9.6099E+02 -2.0914E+03
0000846   1.9673E+04 -2.3238E+03 -4.3379E+02
0000847   1.7751E+04 -2.2034E+03  4.6735E+02
0000848   1.8064E+04  6.5045E+01  2.3772E+03
0000849   1.7801E+04  2.5301E+03 -3.4166E+03
0000850   1.5947E+04 -5.0792E+03  4.7097E+02
0000851   1.9086E+04  1.4343E+03 -1.2746E+03
0000852   1.8781E+04  1.7669E+03 -1.8629E+03
0000853   1.7952E+04 -3.7904E+03  1.1406E+02
0000854   1.9428E+04  1.3409E+02 -8.3594E+02
0000855   1.9103E+04 -3.1962E+02  5.0277E+02
0000856   1.8427E+04 -1.6680E+01 -1.3576E+03
0000857   1.8453E+04 -6.8313E+02 -1.3241E+03
0000858   1.8608E+04 -2.0441E+03  8.0962E+02
0000859   1.9311E+04  2.5769E+03  1.6482E+02
0000860   1.9270E+04  3.8447E+02 -3.5438E+03
0000862   1.7409E+04  2.1278E+03  1.5800E+03
0000863   1.8646E+04 -1.3510E+03  9.2938E+02
0000864   1.8861E+04 -2.4813E+03 -1.6579E+03
0000865   1.7742E+04 -1.4508E+03 -1.3030E+02
0000866   1.7117E+04 -3.5975E+03  2.5553E+03
0000867   1.7352E+04  2.6475E+03  1.9435E+03
0000868   1.7715E+04  3.5145E+02  2.3928E+03
0000869   1.8959E+04 -9.8278E+02 -1.7984E+03
0000870   1.9007E+04  3.2620E+03  1.5649E+03
0000871   1.8647E+04 -5.3476E+02 -2.9514E+03
0000872   1.8371E+04 -1.1379E+03 -4.7086E+02
0000873   1.8204E+04 -2.3896E+03 -9.3884E+02
0000874   1.8808E+04  1.1845E+03  8.0439E+02
0000875   1.6719E+04 -3.1017E+02  2.3767E+03
0000876   1.8041E+04  3.4352E+03  2.3605E+02
0000877   1.7820E+04  1.4599E+03  8.7274E+02
0000878   1.6880E+04  8.5214E+02  3.2099E+03
0000879   1.9221E+04  1.9828E+03 -2.1519E+03
0000880   1.8809E+04 -1.8838E+03 -5.7951E+02
0000881   1.7342E+04  2.8453E+03  1.7309E+03
0000882   1.9053E+04 -9.3203E+02 -5.9697E+02
0000883   1.8257E+04 -3.9089E+02 -5.7202E+02
0000884   1.5935E+04 -3.2884E+03 -3.3570E+02
0000885   1.8312E+04 -7.3012E+02  4.0165E+03
0000886   1.8771E+04 -8.3506E+02 -3.9849E+02
0000887   1.8796E+04  1.5334E+03 -7.7585E+02
0000888   1.8537E+04 -1.3523E+03 -1.2943E+02
0000889   1.8962E+04  2.1318E+03 -1.1654E+02
0000890   1.9163E+04  3.0473E+03  8.3472E+02
0000891   1.8914E+04  9.2432E+01  8.6158E+02
0000892   1.8981E+04  2.3804E+03 -1.8768E+03
0000893   1.9179E+04  3.5583E+02  1.9690E+03
0000894   1.9478E+04 -1.8257E+03 -4.2627E+02
0000895   1.8347E+04 -1.7726E+03 -3.7375E+03
0000896   1.8363E+04 -1.0677E+03  8.0912E+02
0000897   1.7561E+04 -5.3946E+02 -2.5987E+03
0000898   1.8412E+04  6.3569E+02 -2.6327E+03
0000899   1.9077E+04  3.4650E+02 -4.5633E+02
0000900   1.8031E+04  1.0364E+03 -2.2748E+03
0000901   1.8839E+04  1.1005E+03  9.1059E+02
0000902   1.8790E+04 -1.6242E+03 -6.2511E+01
0000903   1.8639E+04  7.6100E+02  8.8663E+02
0000904   1.7159E+04  2.0252E+03  1.3239E+03
0000905   1.7857E+04 -4.3854E+02 -1.3400E+03
0000906   1.9007E+04  7.1136E+02  9.1584E+02
0000907   1.8769E+04 -1.5655E+03  5.8323E+02
0000908   1.8383E+04  2.9234E+01 -1.0517E+03
0000909   1.8570E+04 -6.3563E+02 -2.6976E+02
0000910   1.9489E+04  2.0039E+03  1.8385E+03
0000911   1.7994E+04 -1.8237E+03  2.4515E+03
0000912   1.8937E+04 -1.9183E+03  1.7196E+03
0000913   1.7425E+04 -2.3020E+03  1.3434E+03
0000914   1.7786E+04 -2.9539E+02  7.3037E+02
0000915   1.8002E+04 -4.8280E+03 -4.9382E+02
0000916   1.7588E+04 -2.2841E+03  3.7088E+03
0000917   1.8954E+04  7.8328E+02  1.2309E+03
0000918   1.5094E+04  2.5922E+03  5.7451E+02
0000919   1.8007E+04 -2.4166E+03  1.7455E+03
0000920   1.8434E+04 -4.6648E+02  4.2113E+02
0000921   1.8555E+04 -2.9025E+02 -2.1742E+03
0000922   2.0241E+04  1.3529E+03  6.0095E+02
0000923   1.8597E+04  3.3173E+03  3.4822E+03
0000924   1.9422E+04  1.8812E+03 -2.7234E+03
0000925   1.7364E+04 -8.7003E+02  2.9314E+03
0000926   1.7790E+04  1.5149E+03 -6.9972E+02
0000927   1.9264E+04  1.5581E+03  1.4107E+03
0000928   1.9706E+04 -1.0339E+03 -2.7548E+03
0000929   1.8418E+04 -1.5802E+03 -9.1209E+02
0000930   1.8948E+04  6.4955E+02 -6.0601E+02
0000931   1.6680E+04  1.0147E+02 -1.1420E+03
0000932   1.9067E+04  6.2112E+02 -7.2308E+02
0000933   1.9041E+04  4.6755E+02  2.9846E+02
0000934   1.8079E+04  1.9217E+02 -1.7223E+03
0000935   1.9414E+04  1.5018E+03  1.0212E+02
0000936   1.8472E+04  1.2230E+03 -6.5549E+03
0000937   1.9606E+04 -4.7126E+02 -9.6583E+01
0000938   1.9452E+04  1.2088E+02 -3.1919E+02
0000939   1.8400E+04  8.7646E+02  6.0490E+01
0000940   1.9970E+04 -9.7886E+02 -1.2807E+03
0000941   1.9152E+04 -1.0312E+03  1.0522E+02
0000942   1.8451E+04  2.8124E+02 -1.6403E+03
0000943   1.8412E+04  6.6673E+02  5.8740E+02
0000944   1.8774E+04  1.9788E+02 -5.2791E+02
0000945   1.9628E+04 -5.0987E+02  9.4950E+02
0000946   1.9023E+04 -1.3012E+03  1.0655E+03
0000947   1.7821E+04 -2.9107E+03 -4.4390E+01
0000948   1.8524E+04  1.8626E+03  9.6807E+02
0000949   1.9485E+04  7.3279E+02  5.7243E+02
0000950   1.8889E+04  7.6008E+02 -6.5118E+02
0000951   1.6939E+04 -2.0444E+02 -4.0429E+02
0000952   1.8084E+04 -5.8762E+02  2.1505E+02
0000953   1.9391E+04 -1.2071E+03  3.6502E+02
0000954   1.8623E+04 -5.5476E+02  6.9152E+02
0000955   1.7533E+04 -2.7238E+03  1.2302E+03
0000956   1.8600E+04  1.7145E+02  1.2694E+03
0000957   1.8586E+04  9.9174E+02 -4.5356E+02
0000958   1.7674E+04 -1.2897E+03  3.5073E+03
0000959   1.8011E+04  2.5880E+02 -6.0454E+02
0000960   1.8408E+04  1.6666E+03 -6.4666E+02
0000961   1.3413E+04 -5.9708E+03 -8.9593E+02
0000962   1.7701E+04  2.0960E+01  2.8609E+03
0000963   1.8314E+04  1.2554E+03  1.5898E+03
0000964   1.8958E+04  4.0464E+02 -1.4787E+03
0000965   1.9816E+04 -1.4573E+03  1.0859E+03
0000966   1.6629E+04 -1.2505E+03  3.8493E+03
0000967   1.8905E+04 -4.6484E+02 -2.3049E+02
0000968   1.8954E+04  8.2751E+02 -6.7802E+02
0000969   1.8476E+04 -7.0442E+02 -7.8950E+02
0000970   1.7116E+04 -1.0263E+03 -1.7831E+03
0000971   1.9840E+04 -4.9679E+02 -1.5265E+03
0000972   1.8412E+04  3.6922E+02 -3.8871E+03
0000973   1.8079E+04 -1.5315E+03  6.0224E+02
0000974   1.9958E+04  1.1333E+03 -1.9777E+02
0000975   1.9579E+04 -1.2369E+03 -6.5656E+02
0000976   1.7759E+04  2.5683E+03 -2.9780E+03
0000977   1.8544E+04  3.2241E+02 -2.1724E+03
0000978   1.8727E+04 -4.4865E+02 -4.8477E+02
0000979   1.8337E+04 -1.7123E+03 -2.2488E+03
0000980   1.9599E+04  7.9218E+02 -1.7519E+02
0000981   1.8600E+04 -4.5787E+02 -1.2028E+03
0000982   1.7233E+04 -1.0455E+03 -3.5209E+03
0000983   2.0126E+04 -9.7950E+02  7.2395E+02
0000984   1.8676E+04 -3.1124E+02 -2.8584E+03
0000985   1.9608E+04 -1.9121E+03  1.1260E+03
0000986   1.8930E+04 -1.1917E+03  4.8598E+02
0000987   1.7337E+04 -2.4022E+02 -2.2240E+03
0000988   1.8786E+04  6.4452E+02 -1.7465E+03
0000989   1.9025E+04 -1.3822E+03  3.1445E+03
0000990   1.9318E+04 -1.2999E+03  7.9596E+02
0000991   1.9481E+04  2.4927E+02  1.5522E+03
0000992   1.8301E+04 -3.9249E+02  4.1952E+02
0000993   1.8480E+04  2.5848E+03 -9.4845E+02
0000994   1.9056E+04 -3.8957E+01 -1.8759E+03
0000995   1.9338E+04 -6.1873E+02 -5.0259E+02
0000996   1.7796E+04  2.2995E+03  4.4393E+02
0000997   1.8519E+04  1.7083E+03 -4.6714E+02
0000998   1.8048E+04 -3.6402E+01  3.6424E+02
0000999   1.9020E+04 -4.0103E+02 -7.3541E+02
0001000   1.9448E+04 -2.4909E+03  1.5644E+03
