============================== SRIM-2013.00 ==============================
==============================================================================
====== SRIM Outputs\RANGE_3D.txt : File of Final Ion Positions =====

Ion =  H (01)   Ion Mass= 001.0080
Energy  = 1200000.E-03 keV
Ion Angle to Surface = 00.0 degrees
==================== TARGET =======================
  Layer # 1 - Si_Top    
  Layer # 1 - Bottom Depth=300000.E+01 A
  Layer # 1 - Density =0002.3210 g/cm3
  Layer # 1 -  100 % of Si
икикикикикикикикикикикикикикикикикикикикикикикикикикикикикикикикикикикикикикикикикикикикикикикикикикикик
  Layer # 2 - Si_Bottom 
  Layer # 2 - Bottom Depth=600000.E+01 A
  Layer # 2 - Density =0002.3210 g/cm3
  Layer # 2 -  100 % of Si
икикикикикикикикикикикикикикикикикикикикикикикикикикикикикикикикикикикикикикикикикикикикикикикикикикикик
                                            
Ion       Depth  X   Lateral Y   Lateral Z  
Number    (Angstrom) (Angstrom)  (Angstrom) 
-------  ----------- ----------- -----------
0000001   2.1962E+05 -8.1179E+03 -7.3436E+03
0000002   2.2243E+05 -4.6296E+03 -2.7523E+03
0000003   2.2526E+05  6.8336E+03  6.4412E+03
0000004   2.1691E+05  4.5489E+03 -1.2503E+03
0000005   2.2153E+05 -8.7230E+03 -5.4001E+03
0000006   2.2212E+05 -9.4237E+03 -9.0278E+02
0000007   2.2177E+05  4.0807E+03  1.0785E+04
0000008   2.1673E+05  3.0404E+03 -2.7856E+03
0000009   2.1934E+05 -4.8444E+03 -9.2573E+02
0000010   2.1676E+05 -5.9729E+03  1.9534E+04
0000011   2.2298E+05 -5.6337E+03  3.8898E+03
0000012   2.2081E+05  6.2015E+03 -1.4493E+04
0000013   2.1889E+05 -3.4858E+03  1.6792E+03
0000014   2.1600E+05  4.0575E+02 -1.7953E+03
0000015   2.2893E+05 -2.7453E+03 -7.9095E+03
0000016   2.1703E+05  1.7308E+04  2.3233E+03
0000017   2.1873E+05  2.1851E+03 -8.0751E+03
0000018   2.1941E+05  1.4301E+04 -8.1590E+02
0000019   2.1732E+05  1.4140E+04 -1.5820E+04
0000020   2.1864E+05 -1.3555E+04  3.4545E+03
0000021   2.1422E+05  4.4392E+03 -1.6424E+04
0000022   2.2850E+05 -8.2517E+03  3.3913E+03
0000023   2.1961E+05  9.7879E+03  4.6464E+02
0000024   2.2515E+05  3.5143E+03 -5.6965E+03
0000025   2.1797E+05  1.0583E+04 -2.7328E+03
0000026   2.2214E+05 -1.5340E+04 -8.2962E+03
0000027   2.2060E+05  4.4965E+02 -2.4284E+03
0000028   2.1749E+05 -2.7162E+02 -7.0913E+03
0000029   2.2179E+05  6.9108E+03  6.3505E+03
0000030   2.1636E+05  1.3026E+04 -3.7639E+03
0000031   2.1932E+05  1.1879E+04 -1.4059E+03
0000032   2.1273E+05  9.1693E+03 -2.6564E+03
0000033   2.1543E+05  1.0979E+04 -4.6916E+03
0000034   2.1670E+05 -1.4574E+03 -1.2468E+04
0000035   2.2372E+05  3.2417E+03  2.2125E+04
0000036   2.1468E+05  1.4886E+04 -1.4053E+04
0000037   2.1354E+05 -1.0145E+04 -1.0484E+04
0000038   2.2046E+05 -3.4870E+02  3.4223E+03
0000039   2.1235E+05 -1.6322E+04  4.2880E+02
0000040   2.1370E+05 -4.5191E+03  3.5303E+04
0000041   2.2361E+05  3.7196E+03  3.4010E+02
0000042   2.1602E+05  2.0998E+03  6.4603E+03
0000043   2.1360E+05  8.9691E+02  5.9387E+03
0000044   2.1933E+05 -2.5277E+03  1.6386E+04
0000045   2.2330E+05 -4.4604E+03  2.1662E+02
0000046   2.1972E+05 -2.0571E+04 -7.6651E+02
0000047   2.2609E+05  2.6572E+02 -2.8311E+03
0000048   2.1750E+05  1.0627E+03  1.5208E+03
0000049   2.1706E+05 -1.0003E+04 -1.5429E+04
0000050   2.1870E+05 -1.8338E+04 -6.4849E+03
0000051   2.1625E+05 -1.2233E+04  1.2177E+04
0000052   2.2106E+05 -8.3596E+03  1.5387E+04
0000053   2.1649E+05  1.9857E+04 -3.4815E+03
0000054   2.2124E+05 -9.8268E+02 -8.5517E+03
0000055   2.1405E+05  5.2972E+03 -2.4330E+04
0000056   2.2440E+05 -6.9634E+03  1.2327E+03
0000057   2.2584E+05  9.7040E+03 -1.0585E+04
0000058   2.1682E+05  7.2290E+03  4.8295E+03
0000059   2.1296E+05 -1.2602E+04  4.9984E+03
0000060   2.1958E+05 -6.4673E+03 -4.0816E+03
0000061   2.1526E+05  8.8919E+03  3.7076E+03
0000062   2.1641E+05  4.4635E+03 -8.9694E+03
0000063   2.1509E+05 -8.7551E+03  2.6888E+04
0000064   2.2004E+05 -4.4268E+03  6.3615E+03
0000065   2.1885E+05  1.2932E+04 -6.3770E+03
0000066   2.1732E+05  8.0882E+03 -5.6818E+03
0000067   2.1601E+05  2.3139E+04 -1.1105E+04
0000068   2.1888E+05 -6.1359E+02 -1.1904E+04
0000069   2.2493E+05  5.5204E+03  2.5007E+03
0000070   2.2310E+05 -4.4285E+03 -3.4308E+03
0000071   2.1724E+05  1.4764E+03 -4.7310E+03
0000072   2.1867E+05 -1.6539E+03 -2.8663E+04
0000073   2.2235E+05 -1.6799E+03  1.8544E+03
0000074   2.1299E+05  1.7296E+02 -3.9912E+03
0000075   2.1657E+05 -1.6489E+04  1.3424E+04
0000076   2.1947E+05 -6.8668E+03  1.9216E+03
0000077   2.1559E+05  1.8336E+03  3.5551E+03
0000078   2.1239E+05 -2.4287E+04  2.0093E+04
0000079   2.2714E+05  9.7570E+03 -3.2419E+03
0000080   2.2424E+05 -8.2617E+02 -5.5926E+03
0000081   2.2608E+05  1.9257E+03  2.9382E+03
0000082   2.2443E+05  1.3915E+04 -4.2076E+03
0000083   2.1699E+05 -6.8493E+03 -5.0181E+03
0000084   2.1527E+05  1.9172E+04  2.7801E+04
0000085   2.2146E+05 -1.1452E+04 -5.4052E+03
0000086   2.2132E+05  1.3576E+04  2.3708E+03
0000087   2.2447E+05  1.5671E+04 -2.1170E+03
0000088   2.1740E+05  9.0081E+03 -1.5018E+04
0000089   2.2073E+05 -4.6226E+03  7.3504E+03
0000090   2.2167E+05 -1.0528E+04  8.1820E+03
0000091   2.1660E+05 -4.3094E+03  4.4555E+03
0000092   2.2049E+05  9.7454E+03  1.7978E+04
0000093   2.2370E+05 -2.8563E+03 -7.1434E+03
0000094   2.1355E+05  1.6081E+04  1.5771E+04
0000095   2.1747E+05 -1.6393E+04 -1.0443E+04
0000096   2.2001E+05  3.5321E+03  5.7422E+03
0000097   2.1965E+05 -3.0076E+03  2.2783E+01
0000098   2.2518E+05 -1.2603E+03  4.8073E+03
0000099   2.1664E+05  1.3061E+04 -1.7682E+04
0000100   1.5578E+05  1.8815E+04 -9.8305E+04
0000101   2.1951E+05 -3.8700E+03  1.5030E+04
0000102   2.1951E+05  2.0060E+04  5.2743E+03
0000103   2.1823E+05  1.9207E+04  7.8717E+03
0000104   2.2630E+05  5.2931E+03  5.1098E+03
0000105   2.2237E+05 -2.7145E+03  4.8649E+03
0000106   2.2266E+05  2.0742E+04 -3.9882E+03
0000107   2.1966E+05  1.3328E+04  1.4139E+04
0000108   2.1471E+05 -3.0067E+03 -8.9554E+03
0000109   2.1738E+05  4.1173E+04  1.9069E+04
0000110   2.2469E+05 -6.5838E+02 -6.8722E+03
0000111   2.1870E+05 -1.6561E+04 -9.5624E+02
0000112   2.2634E+05 -1.6665E+03  4.2183E+03
0000113   2.2823E+05  1.4896E+04 -3.1095E+03
0000114   2.1645E+05  8.5116E+03  1.0153E+04
0000115   2.0783E+05 -2.5863E+04  3.5885E+04
0000116   2.2367E+05  6.6044E+03  2.8918E+04
0000117   2.2090E+05 -2.1270E+03  4.5792E+03
0000118   2.1485E+05 -5.0338E+03 -8.6349E+03
0000119   2.1953E+05  1.3040E+04  1.9239E+03
0000120   2.2243E+05 -1.1549E+04 -6.9196E+02
0000121   2.1711E+05  1.8291E+04 -1.3442E+04
0000122   2.2287E+05  1.3237E+04 -1.5223E+04
0000123   2.1605E+05  1.1289E+03  8.5762E+03
0000124   2.2055E+05  8.6464E+03  8.8256E+03
0000125   2.2436E+05 -1.2867E+04  6.5342E+03
0000126   2.1580E+05  8.0197E+03 -5.9339E+02
0000127   2.2546E+05  4.7366E+02 -2.0079E+03
0000128   2.2143E+05  1.8915E+02 -3.4862E+03
0000129   2.2334E+05 -3.0857E+03 -1.8112E+03
0000130   2.2617E+05 -1.0786E+04 -2.4242E+03
0000131   2.2159E+05 -3.0958E+03  3.7673E+03
0000132   2.2509E+05  1.4625E+04  1.2966E+04
0000133   2.1317E+05  3.5523E+03  7.2908E+03
0000134   2.1764E+05  7.1275E+02  2.3661E+03
0000135   2.1338E+05  5.7646E+03 -3.2665E+03
0000136   2.2057E+05  2.2451E+03  1.5836E+03
0000137   2.1871E+05  6.2294E+03 -2.2281E+03
0000138   2.2074E+05  1.1790E+04  3.8372E+03
0000139   2.1056E+05 -1.3485E+04  9.2995E+03
0000140   2.2766E+05 -3.8393E+03  2.7932E+03
0000141   2.1613E+05 -5.4931E+02 -4.4950E+03
0000142   2.2698E+05 -5.8677E+03  1.8294E+03
0000143   2.2219E+05  4.0958E+03 -1.0615E+04
0000144   2.2174E+05 -1.1447E+04 -7.3499E+02
0000145   2.1925E+05 -4.1418E+03 -4.8658E+03
0000146   2.2021E+05  1.1916E+04  5.4001E+03
0000147   2.1991E+05  5.8499E+03 -1.9970E+02
0000148   2.2041E+05 -4.6636E+03  9.4232E+03
0000149   2.1904E+05 -1.1032E+04 -4.6714E+03
0000150   2.1687E+05 -1.4047E+04 -1.5017E+03
0000151   2.1587E+05  1.1404E+04 -6.2146E+03
0000152   2.2143E+05 -8.6646E+03 -1.3078E+04
0000153   2.2034E+05 -8.2970E+03  1.5631E+04
0000154   2.1166E+05  1.8258E+04  1.1763E+04
0000155   2.2162E+05  6.0639E+03  6.6408E+02
0000156   2.2116E+05  4.2400E+03 -6.7433E+03
0000157   2.1927E+05  1.8980E+04 -4.3997E+03
0000158   2.1943E+05 -1.1209E+04 -1.8875E+04
0000159   2.1841E+05 -1.6460E+03 -3.6739E+03
0000160   2.1684E+05  4.8073E+03 -6.6723E+03
0000161   2.2474E+05  6.3127E+03  3.4893E+03
0000162   2.2150E+05 -6.3919E+03  1.0627E+04
0000163   2.2142E+05  1.4041E+04  5.8768E+03
0000164   2.1767E+05 -4.9330E+03 -1.8795E+03
0000165   2.2453E+05  3.0587E+03  3.6546E+03
0000166   2.2600E+05  6.2088E+03  1.3359E+04
0000167   2.3362E+05  1.1220E+04  7.1652E+03
0000168   2.1737E+05  8.0788E+03  7.8530E+03
0000169   2.2335E+05  3.7831E+02  2.1900E+03
0000170   2.1984E+05 -7.1352E+03 -5.5150E+03
0000171   2.2023E+05  7.0742E+03  1.4662E+03
0000172   2.2431E+05 -5.7598E+03  6.1453E+03
0000173   2.2424E+05 -4.6729E+03  9.8575E+03
0000174   2.1713E+05  7.5514E+03  1.7693E+04
0000175   2.1503E+05  3.9804E+03  3.2534E+03
0000176   2.1829E+05 -1.2483E+04  3.2860E+03
0000177   2.1986E+05  2.5520E+03 -1.2508E+04
0000178   2.2740E+05 -2.3687E+03  2.1185E+03
0000179   2.1345E+05 -3.1665E+03 -1.3391E+04
0000180   2.1313E+05  2.0344E+03 -7.3531E+02
0000181   2.1800E+05 -4.7699E+03  5.6345E+03
0000182   2.1580E+05 -8.0732E+02 -7.3186E+03
0000183   2.1967E+05 -1.2488E+04 -7.5029E+03
0000184   2.2836E+05  1.0958E+04 -6.1200E+03
0000185   2.2855E+05 -4.1643E+03 -6.2757E+03
0000186   2.2139E+05  1.0552E+04 -6.7829E+03
0000187   2.2484E+05  3.3144E+03 -1.0468E+03
0000188   2.2538E+05  9.1161E+03  7.9599E+03
0000189   2.1391E+05 -7.3941E+03  5.2057E+03
0000190   2.1794E+05 -2.5437E+03 -5.5333E+03
0000191   2.1765E+05 -1.2620E+03 -4.3245E+03
0000192   2.2123E+05 -2.4356E+03  1.0278E+04
0000193   2.1693E+05 -1.0977E+03  5.5802E+02
0000194   2.1597E+05  3.4774E+04 -5.5604E+03
0000195   2.1316E+05 -6.7513E+03 -1.2813E+03
0000196   2.1524E+05 -4.7811E+02 -3.6373E+03
0000197   2.1587E+05  1.0739E+04 -1.2769E+04
0000198   2.1032E+05  1.4042E+03  1.3349E+04
0000199   2.2140E+05  1.3625E+03 -8.1290E+03
0000200   2.1799E+05  9.0172E+03 -1.7497E+04
0000201   2.2374E+05  5.5495E+03 -1.8119E+04
0000202   2.2104E+05  2.6810E+02 -3.3132E+01
0000203   2.2338E+05 -4.1445E+02  2.0015E+03
0000204   2.1843E+05  8.1173E+00  6.6339E+03
0000205   2.1897E+05  9.0542E+03  3.8120E+03
0000206   2.1493E+05 -7.9348E+03 -3.4281E+04
0000207   2.1843E+05  9.2855E+03  1.2930E+04
0000208   2.2354E+05  6.3701E+03  8.2367E+03
0000209   2.1530E+05  1.2299E+04  8.8641E+03
0000210   2.1825E+05  1.8026E+03 -2.5283E+04
0000211   2.2133E+05  2.3608E+04 -9.7688E+03
0000212   2.2618E+05  2.9794E+03  3.8681E+04
0000213   2.2482E+05 -6.5229E+03 -1.4131E+03
0000214   2.1955E+05 -7.7875E+03 -6.6583E+02
0000215   2.2056E+05  9.3073E+03  3.0166E+01
0000216   2.1315E+05 -6.3277E+03  6.1938E+03
0000217   2.1302E+05 -1.2693E+04  9.4581E+03
0000218   2.0926E+05 -3.4748E+04 -2.0318E+04
0000219   2.2427E+05  1.1814E+04  2.0068E+03
0000220   2.1960E+05  8.2198E+02  5.3102E+03
0000221   2.1450E+05  2.2446E+03 -3.4011E+03
0000222   2.1198E+05  5.8587E+03 -7.4481E+01
0000223   2.2508E+05  1.0167E+03 -5.5690E+02
0000224   2.1564E+05  1.9627E+04  2.7823E+03
0000225   2.1833E+05 -1.8957E+03 -1.1561E+04
0000226   2.1861E+05  6.2795E+03  8.7970E+03
0000227   2.2081E+05 -1.8921E+04  1.7698E+03
0000228   2.1558E+05 -1.3415E+04 -1.4414E+04
0000229   2.2214E+05 -1.2763E+03  2.2716E+03
0000230   2.1703E+05  4.6185E+02 -8.2066E+03
0000231   2.2341E+05  4.1217E+03 -7.5038E+03
0000232   2.2269E+05 -4.6467E+03  7.4714E+03
0000233   2.2405E+05  1.0995E+04  1.8395E+02
0000234   2.1800E+05  1.4675E+03 -1.9777E+03
0000235   2.2016E+05 -2.5603E+02  2.4507E+03
0000236   2.1711E+05 -4.7032E+03 -6.6185E+03
0000237   2.2738E+05  1.0973E+04 -2.0112E+04
0000238   2.1801E+05  1.5444E+04 -3.9542E+03
0000239   2.1864E+05 -2.5053E+03 -3.7069E+02
0000240   2.1882E+05 -4.2459E+03  4.1666E+03
0000241   2.2082E+05 -1.0708E+03  3.7016E+02
0000242   2.2845E+05 -4.4767E+03  1.1411E+04
0000243   2.2101E+05 -8.4986E+03 -1.2341E+04
0000244   2.2020E+05 -3.2477E+03 -2.8114E+03
0000245   2.1643E+05  1.2318E+04 -4.8457E+03
0000246   2.1716E+05 -1.4722E+04  6.4534E+03
0000247   2.1875E+05 -1.4700E+03 -1.4735E+03
0000248   2.1651E+05 -3.7157E+03  3.0467E+03
0000249   2.2313E+05 -7.2011E+03 -1.2800E+04
0000250   2.1589E+05 -9.8434E+03  1.6730E+03
0000251   2.2247E+05 -4.8239E+03 -4.9884E+03
0000252   2.2161E+05  8.2372E+03  7.0763E+03
0000253   2.2754E+05 -1.2218E+04 -3.2377E+03
0000254   2.1549E+05  1.1780E+04 -1.5680E+03
0000255   2.1994E+05 -9.5322E+03  7.2645E+03
0000256   2.2323E+05 -5.2809E+02  6.0768E+02
0000257   2.1905E+05 -4.3906E+03 -4.0875E+03
0000258   2.1918E+05  9.9930E+02 -8.1616E+02
0000259   2.2433E+05  1.3874E+04  2.2344E+03
0000260   2.2854E+05 -6.7059E+03  2.1793E+03
0000261   2.1732E+05 -6.3551E+02 -9.0365E+03
0000262   2.2247E+05 -1.3415E+03  1.1222E+04
0000263   2.2252E+05  1.7461E+04 -6.6365E+03
0000264   2.2172E+05  1.5312E+04 -3.7926E+03
0000265   2.1626E+05 -8.0736E+03 -2.2957E+03
0000266   2.1974E+05  1.3811E+04 -7.9359E+03
0000267   2.2102E+05  1.7762E+04  1.0331E+04
0000268   2.1422E+05 -1.8547E+02  1.4135E+03
0000269   2.1751E+05  1.0752E+03 -6.8006E+03
0000270   2.2066E+05 -8.7987E+03 -3.9439E+03
0000271   2.2546E+05  4.0556E+03 -3.1454E+03
0000272   2.1928E+05 -1.1017E+04  6.2043E+03
0000273   2.1881E+05  1.2145E+04 -1.8628E+03
0000274   2.1903E+05 -2.3110E+04 -1.5950E+04
0000275   2.2415E+05  4.2664E+03  2.2111E+03
0000276   2.2386E+05 -2.0917E+02 -3.2147E+03
0000277   2.2154E+05  1.3684E+04 -1.3400E+04
0000278   2.2220E+05 -1.6306E+03 -7.8234E+03
0000279   2.2395E+05  8.3167E+03  2.4887E+03
0000280   2.1699E+05 -1.3233E+04 -1.8303E+04
0000281   2.2690E+05  1.5488E+04  2.9341E+03
0000282   2.1780E+05 -1.2567E+03 -8.6635E+03
0000283   2.2315E+05 -1.1883E+04 -4.9346E+03
0000284   2.1999E+05  6.9771E+03 -6.0274E+03
0000285   2.1295E+05  4.3790E+03  3.9400E+03
0000286   2.2421E+05  1.0747E+04 -3.2473E+04
0000287   2.1787E+05 -2.3833E+02 -4.0224E+03
0000288   2.1756E+05  3.4020E+04 -2.1652E+04
0000289   2.2460E+05  1.0253E+04 -3.0375E+03
0000290   2.1550E+05  1.0105E+04 -8.2220E+03
0000291   2.2296E+05 -1.2404E+04 -1.1252E+04
0000292   2.1809E+05 -6.3482E+03 -3.6618E+03
0000293   2.2059E+05 -1.4100E+04 -2.0488E+03
0000294   2.2516E+05  8.2558E+03  7.3905E+03
0000295   2.2639E+05 -3.5956E+03  6.1548E+03
0000296   2.1863E+05 -7.2924E+01 -6.5579E+03
0000297   2.1856E+05  3.8668E+02  1.3266E+04
0000298   2.2474E+05  2.1686E+03 -2.1360E+02
0000299   2.2793E+05  5.3727E+03  8.0882E+03
0000300   2.2338E+05 -1.3292E+04  8.3410E+03
0000301   2.2086E+05 -8.0531E+03 -6.9389E+03
0000302   2.1281E+05  9.3615E+03 -8.3571E+03
0000303   2.1819E+05  2.9862E+03  4.0192E+03
0000304   2.1859E+05 -1.1076E+04 -2.1152E+02
0000305   2.1716E+05  4.8840E+03 -9.9049E+03
0000306   2.1655E+05  1.2412E+04  1.3856E+03
0000307   2.2395E+05  6.1050E+03 -2.7834E+03
0000308   2.1994E+05  6.2287E+03  8.5947E+03
0000309   2.2751E+05  2.1689E+03 -5.3936E+02
0000310   1.9443E+05  4.0976E+04 -1.9432E+04
0000311   2.1431E+05 -3.7891E+02  4.1674E+03
0000312   2.1400E+05 -1.5559E+04 -1.0089E+04
0000313   2.1853E+05  3.8041E+03  1.1054E+04
0000314   2.1806E+05  5.8493E+03  3.4168E+03
0000315   2.2082E+05  2.4772E+03 -2.6054E+03
0000316   2.2134E+05  3.1487E+03  7.5525E+02
0000317   2.1933E+05  2.0716E+03 -9.4361E+03
0000318   2.1562E+05 -1.3366E+04 -2.0469E+04
0000319   2.2315E+05 -7.6889E+03 -6.5257E+03
0000320   2.2421E+05  5.9089E+02 -1.5398E+04
0000321   2.2213E+05 -1.9035E+03 -1.3090E+04
0000322   2.1962E+05  3.1773E+03  2.1439E+03
0000323   2.1802E+05  6.1421E+03  3.6437E+03
0000324   2.2306E+05  3.1727E+03 -3.3385E+03
0000325   2.2727E+05  2.6173E+03  5.9929E+03
0000326   2.2484E+05  1.0629E+02 -4.4746E+03
0000327   2.2292E+05 -5.9523E+03  3.2069E+03
0000328   2.2260E+05 -7.7551E+03 -1.4786E+03
0000329   2.1207E+05  6.7954E+03 -2.4294E+03
0000330   2.2032E+05  6.0843E+03  4.4084E+03
0000331   2.2063E+05  1.7894E+01  1.3142E+04
0000332   2.2026E+05 -6.4413E+03 -1.5400E+04
0000333   2.1750E+05 -1.9330E+04 -4.8107E+03
0000334   2.1325E+05  2.6104E+04  5.8826E+03
0000335   2.2620E+05 -1.1175E+04  8.1378E+02
0000336   2.2061E+05  5.4675E+02 -2.8092E+04
0000337   2.1943E+05  4.8559E+02  4.1161E+03
0000338   2.2287E+05 -5.0693E+03  4.7099E+03
0000339   2.2170E+05 -4.6986E+03 -1.2328E+04
0000340   2.2069E+05  9.2861E+03  6.3270E+03
0000341   2.2336E+05  6.2088E+03 -4.2114E+03
0000342   2.1803E+05  3.0800E+03  2.6025E+03
0000343   2.1607E+05 -4.4236E+03  2.2058E+03
0000344   1.9533E+05  2.3701E+04 -5.2359E+03
0000345   2.1749E+05  5.7935E+03 -1.2835E+04
0000346   2.1921E+05  1.3926E+04  6.3811E+03
0000347   2.2128E+05  1.4419E+04 -6.9136E+03
0000348   2.1471E+05  1.8894E+04 -4.3759E+03
0000349   2.1986E+05 -1.3669E+04 -2.5021E+03
0000350   2.2738E+05  3.2130E+03 -8.8861E+03
0000351   2.1986E+05  3.2361E+03  5.9993E+03
0000352   2.1565E+05  5.0283E+03 -8.2295E+03
0000353   2.1798E+05 -8.0088E+03 -3.9103E+02
0000354   2.1973E+05  1.5239E+04  1.4480E+03
0000355   2.1411E+05  1.2758E+04 -4.8188E+03
0000356   2.1913E+05 -6.0250E+03  1.6344E+03
0000357   2.1912E+05 -1.4763E+03  2.2410E+03
0000358   2.1570E+05 -7.3414E+03 -2.2042E+04
0000359   2.1698E+05  8.3797E+03 -7.6096E+03
0000360   2.2033E+05  5.0096E+03  7.4762E+03
0000361   2.1610E+05  7.3328E+03  5.7096E+03
0000362   2.1711E+05  1.0379E+04  3.1974E+03
0000363   2.1865E+05  1.5123E+04  1.8585E+04
0000364   2.1843E+05  1.0624E+04  1.0151E+04
0000365   2.1100E+05  1.3005E+04 -2.7903E+04
0000366   2.2883E+05 -1.6820E+04  4.0706E+03
0000367   2.2216E+05  1.3286E+04  1.0771E+04
0000368   2.1784E+05 -7.7240E+03 -3.0782E+03
0000369   2.1972E+05  9.0910E+03 -6.0854E+03
0000370   2.1694E+05  5.7647E+03  9.8744E+03
0000371   2.1802E+05  4.0700E+03  1.0146E+04
0000372   2.1897E+05  4.0017E+02 -6.9580E+03
0000373   2.1391E+05 -1.4113E+04 -1.0530E+04
0000374   2.2685E+05  1.6634E+04  9.1795E+03
0000375   2.2259E+05  1.4360E+04 -1.3379E+03
0000376   2.1695E+05  7.5873E+03 -1.3154E+04
0000377   2.2636E+05  1.1778E+04 -8.1837E+03
0000378   2.2420E+05  2.3233E+04 -1.0286E+02
0000379   2.1994E+05 -5.9911E+03 -1.0685E+04
0000380   2.2208E+05 -1.2613E+04  1.3895E+04
0000381   2.2605E+05  2.1466E+03  1.6850E+04
0000382   2.1472E+05 -3.3207E+03  1.5984E+04
0000383   2.1093E+05 -3.1629E+03 -8.2236E+03
0000384   2.1551E+05  1.1956E+04  9.0811E+03
0000385   2.1926E+05 -9.8352E+03 -1.4423E+04
0000386   2.1583E+05  8.8999E+03  3.8513E+03
0000387   2.1344E+05  2.3996E+04 -6.3562E+02
0000388   2.1450E+05  3.7127E+03 -1.2386E+03
0000389   2.2019E+05 -8.7859E+03  6.4826E+03
0000390   2.0178E+05  3.0576E+04 -2.5542E+04
0000391   2.1800E+05 -1.2415E+04 -1.8546E+03
0000392   2.1949E+05  6.9631E+03  7.0713E+03
0000393   2.1631E+05 -6.6271E+03  2.4575E+03
0000394   2.2412E+05 -2.3305E+03 -4.9380E+03
0000395   2.0696E+05  2.1867E+04 -1.7301E+04
0000396   2.1766E+05 -5.2027E+03 -2.9683E+03
0000397   2.1731E+05  1.5588E+04 -1.8394E+03
0000398   2.2370E+05  3.8782E+03  1.2002E+03
0000399   2.2304E+05  1.8515E+04  4.0177E+03
0000400   2.1884E+05  1.5308E+03 -1.2594E+04
0000401   2.2663E+05 -1.1139E+04 -8.6372E+03
0000402   2.1719E+05  1.2266E+04 -1.6139E+04
0000403   2.1923E+05 -8.1798E+03  4.6900E+03
0000404   2.1275E+05 -3.6029E+03 -1.0375E+04
0000405   2.2161E+05 -6.0012E+01  1.3709E+03
0000406   2.1180E+05 -8.1559E+03  7.5433E+03
0000407   2.2158E+05 -2.8284E+03  6.2529E+03
0000408   2.1940E+05 -7.6313E+03  3.5341E+03
0000409   2.2740E+05 -1.3240E+04  5.7133E+03
0000410   2.1597E+05  4.9543E+03 -1.1073E+04
0000411   2.1662E+05  1.0472E+04  2.0288E+04
0000412   2.1570E+05 -3.5159E+03  7.3773E+03
0000413   2.2405E+05  9.3647E+03  8.9163E+03
0000414   2.2415E+05  8.7633E+03  1.3912E+04
0000415   2.2248E+05  7.0016E+02  1.7234E+03
0000416   2.1592E+05  8.9835E+02 -1.0193E+04
0000417   2.2221E+05 -1.3556E+04 -5.1930E+03
0000418   2.1285E+05 -2.4330E+04 -2.6247E+04
0000419   2.1877E+05 -2.0940E+04 -4.5944E+03
0000420   2.1337E+05  4.8363E+03  2.3627E+04
0000421   2.1696E+05  1.7395E+04 -1.0044E+04
0000422   2.2327E+05 -9.0234E+03 -6.2701E+03
0000423   2.2219E+05  3.2608E+04  9.0658E+03
0000424   2.1835E+05  9.7432E+03  8.9656E+03
0000425   2.1436E+05  1.0814E+04  1.3420E+04
0000426   2.2358E+05  9.1491E+02  1.1155E+04
0000427   2.2158E+05 -1.6633E+03  9.5748E+03
0000428   2.1426E+05  2.4657E+04  5.5487E+03
0000429   2.1044E+05  2.1038E+04  8.5540E+03
0000430   2.2171E+05 -1.9286E+03 -1.2551E+04
0000431   2.2114E+05 -2.3899E+03 -4.6831E+03
0000432   2.2139E+05  1.8687E+02  5.1909E+03
0000433   2.2044E+05  2.7161E+03 -6.6088E+03
0000434   2.1983E+05  8.1959E+03  4.4775E+03
0000435   2.2167E+05 -6.0116E+03 -6.0164E+03
0000436   2.1402E+05 -7.0006E+03 -9.8916E+03
0000437   2.1787E+05 -2.2593E+03 -4.4320E+03
0000438   2.2325E+05 -1.7556E+03  5.9396E+03
0000439   2.1252E+05  2.6068E+03  7.2576E+03
0000440   2.1625E+05  1.0055E+03 -4.7994E+03
0000441   2.0961E+05 -9.4194E+03 -2.3444E+04
0000442   2.1875E+05  4.7100E+03  1.5776E+04
0000443   2.1867E+05 -1.1785E+04  5.7897E+03
0000444   2.1509E+05 -8.9775E+03  1.6428E+04
0000445   2.1743E+05  3.5070E+03  4.0127E+03
0000446   1.5296E+05  7.0958E+04 -2.3097E+04
0000447   2.1389E+05  1.7300E+04 -4.8116E+03
0000448   2.1182E+05 -1.8239E+04 -2.1630E+04
0000449   2.1832E+05 -6.9232E+03  7.4241E+03
0000450   2.1795E+05 -1.8209E+03  5.0912E+03
0000451   2.1991E+05 -3.7041E+03  1.4769E+04
0000452   2.1497E+05  1.2406E+04  7.7347E+03
0000453   2.2324E+05  3.5031E+03 -1.1557E+03
0000454   2.2560E+05 -1.6005E+04  7.9613E+03
0000455   2.2161E+05  4.4692E+03  2.1927E+03
0000456   2.2376E+05  2.9350E+03 -2.2074E+03
0000457   2.1591E+05 -1.1149E+04 -6.7833E+01
0000458   2.1905E+05  9.7263E+03  7.1680E+03
0000459   2.2438E+05 -7.9614E+03 -1.3986E+04
0000460   2.2358E+05 -1.1668E+04 -2.4889E+03
0000461   2.2328E+05  2.9958E+03  8.6488E+02
0000462   2.1730E+05  6.9581E+02  4.6888E+03
0000463   2.2055E+05 -2.0642E+03 -5.2795E+03
0000464   2.1921E+05 -5.2288E+03 -7.3329E+03
0000465   2.1776E+05 -1.4565E+03  2.5264E+03
0000466   2.2078E+05 -1.1111E+04 -7.9004E+03
0000467   2.1514E+05  5.2905E+03 -8.8504E+02
0000468   2.1431E+05 -7.6587E+03 -1.2339E+04
0000469   2.2957E+05  1.4236E+03  7.8858E+03
0000470   2.1778E+05 -3.3524E+03 -1.8053E+03
0000471   2.1755E+05  1.1332E+04 -6.7078E+03
0000472   2.2421E+05  5.2656E+02 -9.2496E+03
0000473   2.1713E+05 -6.8454E+03  1.8604E+04
0000474   2.1833E+05  1.9602E+04 -1.6737E+03
0000475   2.1621E+05 -6.2793E+03 -4.5973E+02
0000476   2.1384E+05  2.1879E+04 -4.8412E+02
0000477   2.2157E+05 -9.4193E+03 -7.4605E+02
0000478   2.2508E+05  3.7374E+03 -1.0440E+04
0000479   2.1898E+05  6.8711E+03 -5.7040E+03
0000480   2.2056E+05 -2.3726E+03  1.1055E+04
0000481   2.2475E+05  9.4113E+03  2.1248E+04
0000482   2.2791E+05  3.4621E+03 -1.0273E+03
0000483   2.2240E+05  1.1204E+04 -2.2101E+03
0000484   2.1964E+05  8.3668E+03 -6.6990E+03
0000485   2.2234E+05  7.0812E+03 -5.2406E+02
0000486   2.1762E+05 -7.7867E+03 -3.4491E+02
0000487   2.2174E+05  5.0120E+03 -7.1671E+03
0000488   2.2576E+05 -2.2614E+03  5.0558E+03
0000489   2.2065E+05 -1.3458E+04  6.0907E+03
0000490   2.1421E+05  1.4308E+02  3.4165E+03
0000491   2.2237E+05  6.4485E+03  3.8592E+03
0000492   2.1781E+05  1.3277E+04  7.1579E+03
0000493   2.1690E+05 -3.3713E+03 -9.5261E+03
0000494   2.2512E+05 -4.6886E+03 -5.2113E+02
0000495   2.0912E+05  5.4455E+03  9.1667E+03
0000496   2.2555E+05  4.2878E+03 -3.7037E+03
0000497   2.2044E+05 -3.6506E+03 -8.6985E+01
0000498   2.1955E+05  1.5900E+03 -3.3987E+03
0000499   2.1715E+05 -5.9489E+02  1.9417E+03
0000500   2.2755E+05  4.1041E+03 -1.0160E+04
0000501   2.2297E+05  1.2319E+04  1.8294E+04
0000502   2.2372E+05  6.1437E+03 -1.1082E+04
0000503   2.1738E+05 -5.7357E+03  5.6238E+03
0000504   2.2586E+05 -6.1013E+03  4.7410E+03
0000505   2.1442E+05  1.0956E+04 -1.5670E+04
0000506   2.2378E+05 -6.1729E+03 -8.2089E+02
0000507   2.1990E+05  4.0141E+03 -3.5070E+03
0000508   2.2390E+05  1.5766E+04  2.3677E+02
0000509   2.1923E+05 -6.5199E+03 -6.4330E+03
0000510   2.2422E+05  1.3233E+02  3.9648E+03
0000511   2.1990E+05 -1.3256E+04 -1.9518E+04
0000512   2.1802E+05  3.6366E+02  1.4484E+04
0000513   2.1409E+05 -1.1079E+04 -3.6826E+03
0000514   2.2600E+05 -3.7618E+03  4.1823E+02
0000515   2.0655E+05 -1.8351E+04 -1.3568E+04
0000516   2.1830E+05 -1.4209E+04  1.3330E+04
0000517   2.1527E+05  2.0875E+03 -1.3698E+04
0000518   2.2005E+05 -1.1633E+03 -1.2901E+04
0000519   2.1616E+05 -1.8800E+03  7.5302E+03
0000520   2.2382E+05 -5.8421E+03  1.1912E+04
0000521   2.2346E+05 -8.2324E+03  5.2358E+03
0000522   2.1025E+05  5.1648E+03 -7.9214E+03
0000523   2.2507E+05 -2.5181E+03  1.1510E+04
0000524   2.2241E+05  1.4873E+04  1.4930E+03
0000525   2.2066E+05 -1.6814E+04  2.6139E+03
0000526   2.2239E+05 -1.5740E+03 -1.4922E+04
0000527   2.1747E+05  4.7074E+03  6.8511E+03
0000528   2.1973E+05  1.0244E+04  1.9796E+04
0000529   2.2253E+05  2.4787E+03 -3.4862E+03
0000530   2.1519E+05 -2.8750E+03 -4.2945E+03
0000531   2.1570E+05 -4.9557E+02  1.3170E+04
0000532   2.2542E+05  8.6662E+03 -3.2611E+03
0000533   2.1658E+05 -6.8263E+03 -9.1721E+03
0000534   2.2206E+05 -1.1691E+04 -6.6242E+03
0000535   2.2669E+05 -1.0988E+04 -1.5350E+02
0000536   2.1905E+05 -7.7705E+03  4.0349E+03
0000537   2.2256E+05 -3.3823E+02  2.0209E+03
0000538   2.2214E+05  5.0538E+03  7.0411E+03
0000539   2.1844E+05 -2.4983E+03  1.0304E+03
0000540   2.2759E+05  1.6686E+04 -5.1354E+03
0000541   2.1383E+05 -2.0014E+03 -4.4273E+03
0000542   2.1819E+05  8.4840E+03  1.0912E+04
0000543   2.1970E+05 -9.6722E+03 -1.0330E+04
0000544   2.1313E+05 -8.3166E+03 -8.5579E+03
0000545   2.1615E+05  6.5286E+02  2.0091E+04
0000546   2.2217E+05 -1.0770E+04 -2.3183E+03
0000547   2.2489E+05 -3.9882E+03 -5.0035E+03
0000548   2.1269E+05  8.5785E+03  1.8823E+03
0000549   2.1724E+05  1.7126E+04 -9.2117E+03
0000550   2.1892E+05 -1.4298E+04 -1.8522E+03
0000551   2.2182E+05  4.9064E+03 -5.7925E+02
0000552   2.1859E+05 -3.4387E+03  1.2018E+04
0000553   2.1517E+05 -9.2551E+03 -7.4276E+03
0000554   2.1414E+05  9.8230E+03  1.3523E+04
0000555   2.1898E+05 -5.9644E+03 -7.3694E+03
0000556   2.2324E+05 -4.9559E+03 -5.7501E+03
0000557   2.1752E+05  1.5359E+03  1.6370E+03
0000558   2.0675E+05  1.7931E+04  1.0895E+04
0000559   2.2365E+05  2.5718E+03 -7.0182E+03
0000560   2.2004E+05  5.4473E+03 -1.1061E+04
0000561   2.2416E+05 -6.2322E+03  1.2678E+04
0000562   2.1989E+05  8.2368E+03 -3.0976E+04
0000563   2.2536E+05 -8.2729E+02  1.2599E+04
0000564   2.1595E+05  1.1924E+04 -6.1998E+03
0000565   2.2330E+05  1.1025E+04  3.7225E+03
0000566   2.2012E+05 -1.6706E+04 -4.5956E+03
0000567   2.1858E+05 -6.6503E+03 -1.5073E+04
0000568   2.2292E+05  5.8402E+03 -3.3145E+00
0000569   2.1770E+05  2.0960E+04 -9.9359E+03
0000570   2.2688E+05 -4.6999E+03  4.3032E+03
0000571   2.1462E+05 -4.7161E+03  1.0990E+04
0000572   2.1407E+05 -1.0639E+04  1.3072E+04
0000573   2.2145E+05 -4.0209E+03  1.4705E+04
0000574   2.1580E+05 -2.1952E+04 -2.1011E+04
0000575   2.1463E+05 -2.6194E+04 -1.3821E+04
0000576   2.1196E+05 -5.5279E+03 -2.4232E+04
0000577   2.1566E+05  9.1840E-01 -3.7268E+03
0000578   2.1983E+05 -1.1362E+04 -1.1813E+04
0000579   2.1614E+05 -1.7206E+04 -4.3408E+03
0000580   2.1332E+05 -8.9611E+03  4.8716E+03
0000581   2.1972E+05 -8.5985E+03  1.5868E+03
0000582   2.1905E+05 -7.9907E+03  9.4745E+02
0000583   2.2083E+05  5.8928E+03  3.6099E+03
0000584   2.1690E+05  8.5396E+03 -1.0838E+03
0000585   2.1672E+05 -4.2469E+03 -1.2962E+04
0000586   2.1527E+05 -3.6879E+03  2.5216E+04
0000587   2.1597E+05 -4.2009E+03  6.4939E+03
0000588   2.2437E+05  3.0741E+03 -2.2980E+03
0000589   2.1723E+05 -6.9836E+03 -1.9262E+02
0000590   2.2222E+05  1.2511E+03  1.0088E+03
0000591   2.2106E+05  7.4830E+02  3.5258E+03
0000592   2.1561E+05  1.5521E+04 -1.4777E+03
0000593   2.2429E+05 -4.0796E+03 -1.4972E+03
0000594   2.2138E+05 -2.1234E+04  4.7028E+03
0000595   2.2280E+05  8.6557E+03 -4.1612E+03
0000596   2.1534E+05  3.7712E+03  2.7204E+03
0000597   2.1787E+05 -1.9506E+02 -1.5162E+04
0000598   2.1701E+05  9.8954E+01  1.5931E+04
0000599   2.1836E+05  2.9037E+03 -1.8991E+03
0000600   2.2206E+05  3.8097E+03  3.6342E+03
0000601   2.2182E+05  1.6146E+03  4.2634E+03
0000602   2.2374E+05  1.1264E+03  8.0838E+03
0000603   2.2351E+05 -2.1542E+03 -8.7493E+03
0000604   2.2779E+05 -6.4829E+03  1.5862E+03
0000605   2.1648E+05 -1.1753E+03  1.6598E+03
0000606   2.1384E+05  5.5813E+03  1.0431E+04
0000607   2.2076E+05  1.3422E+04  1.0208E+04
0000608   2.2289E+05  3.5992E+03  8.9068E+03
0000609   2.1487E+05 -1.1625E+03  3.0615E+04
0000610   2.1829E+05 -1.9433E+03 -1.3223E+04
0000611   2.2069E+05 -2.0042E+03 -3.6411E+02
0000612   2.1473E+05 -1.4805E+04  1.9523E+04
0000613   2.1269E+05  1.9885E+03  2.0813E+03
0000614   2.2140E+05 -3.0981E+03  2.1965E+03
0000615   2.1772E+05 -1.8414E+03  4.3186E+03
0000616   2.2264E+05 -9.4100E+03  2.2638E+03
0000617   2.1667E+05  1.2061E+03  7.8399E+03
0000618   2.1426E+05 -1.8222E+04  2.9348E+03
0000619   2.1472E+05 -1.4253E+04  1.0434E+04
0000620   2.1775E+05  4.1226E+02 -9.5942E+03
0000621   2.2809E+05 -1.3513E+03  2.7149E+03
0000622   2.2063E+05  1.8930E+03  4.6168E+03
0000623   2.2019E+05 -1.4476E+04 -7.1169E+03
0000624   2.2505E+05 -1.8039E+04  1.0897E+04
0000625   2.1945E+05 -6.8025E+03 -3.1209E+03
0000626   2.1503E+05 -1.1110E+04  1.0472E+04
0000627   2.1372E+05  6.7326E+03  1.9470E+04
0000628   2.1539E+05  9.7717E+03 -1.0135E+04
0000629   2.0957E+05  1.4183E+04  8.6491E+03
0000630   2.2406E+05 -2.0065E+03 -7.6944E+03
0000631   2.2352E+05 -6.1234E+03  1.3153E+04
0000632   2.1383E+05 -2.5363E+02  6.1755E+03
0000633   2.1904E+05  1.5198E+03 -1.2846E+04
0000634   2.1682E+05  2.1444E+04  3.0653E+03
0000635   2.1066E+05 -1.0689E+04 -3.5197E+03
0000636   2.2264E+05  1.9311E+04  1.8177E+04
0000637   2.1175E+05  9.2506E+03 -7.7353E+03
0000638   2.2119E+05 -7.3536E+03  6.0185E+03
0000639   2.0932E+05 -2.3914E+04  6.2571E+03
0000640   2.1639E+05  7.1642E+03  2.0368E+03
0000641   2.2080E+05 -1.8036E+04 -5.4864E+03
0000642   2.1332E+05  5.5846E+03  1.2172E+04
0000643   2.2713E+05  3.9358E+03  1.9916E+04
0000644   2.1192E+05 -2.5198E+03  4.3967E+03
0000645   2.2925E+05  5.3285E+03  1.0680E+04
0000646   2.2148E+05  6.0927E+02  8.3558E+03
0000647   2.1916E+05 -9.4941E+03  6.8580E+03
0000648   2.1098E+05 -9.1822E+03 -2.0100E+04
0000649   2.0948E+05  4.8022E+04 -2.4444E+03
0000650   2.1373E+05 -1.5279E+04 -7.8755E+03
0000651   2.2195E+05 -3.0537E+03 -6.1906E+03
0000652   2.2117E+05  2.3449E+04 -6.5382E+03
0000653   2.2545E+05  9.3906E+03 -1.4301E+04
0000654   2.3057E+05 -5.0330E+02  5.2691E+03
0000655   2.2902E+05 -7.5478E+03 -7.8496E+02
0000656   2.1941E+05 -2.9893E+03  8.2682E+03
0000657   2.1950E+05  3.9861E+03 -1.5997E+04
0000658   2.2315E+05 -1.2089E+04 -6.0586E+03
0000659   2.2149E+05  6.2157E+03  5.8450E+03
0000660   2.2254E+05 -3.1876E+03  1.8947E+03
0000661   2.1281E+05 -4.0587E+03 -5.8115E+02
0000662   2.2371E+05 -9.6693E+03 -6.4417E+03
0000663   2.1970E+05 -1.3406E+04 -1.4351E+04
0000664   2.1741E+05  5.8383E+03  1.3228E+04
0000665   2.1787E+05  5.3662E+03 -1.5322E+04
0000666   2.1969E+05  1.2864E+03  3.5178E+03
0000667   2.2351E+05 -1.1606E+04 -2.4315E+03
0000668   2.1195E+05  1.5774E+04 -2.9112E+04
0000669   2.1809E+05  7.9347E+03 -9.5900E+03
0000670   2.2114E+05 -1.0942E+04 -2.4912E+03
0000671   2.1323E+05  7.1633E+03 -1.3397E+04
0000672   2.1771E+05 -9.0915E+03  4.2458E+03
0000673   2.1692E+05 -2.4609E+03 -1.7237E+03
0000674   2.1733E+05  8.9040E+03  2.2679E+03
0000675   2.2167E+05 -7.5555E+03  1.0017E+03
0000676   2.2078E+05 -6.2687E+03 -1.9790E+04
0000677   2.2530E+05 -3.3437E+03  3.3674E+03
0000678   2.2110E+05  1.6010E+04 -4.0980E+03
0000679   2.1806E+05  6.1828E+03  2.2922E+03
0000680   2.2926E+05 -6.7172E+03 -6.9143E+03
0000681   2.2086E+05 -2.2784E+03 -2.7840E+03
0000682   2.1999E+05 -1.5888E+04 -8.9081E+03
0000683   2.1244E+05  3.4805E+03  1.6678E+04
0000684   2.2283E+05 -7.0670E+01 -9.7641E+03
0000685   2.2343E+05  2.3173E+04  9.5654E+03
0000686   2.2572E+05 -1.1012E+04  1.1114E+04
0000687   2.2328E+05 -1.6766E+03 -4.8237E+03
0000688   2.1172E+05  1.7054E+03  2.1031E+04
0000689   2.1451E+05 -9.6997E+03 -3.9064E+03
0000690   2.3114E+05  3.0531E+02 -2.0596E+03
0000691   2.1846E+05 -1.9284E+03  4.3262E+03
0000692   2.2677E+05 -3.0954E+03  6.2397E+03
0000693   2.2680E+05 -5.3457E+03  8.1831E+03
0000694   2.2364E+05 -1.0367E+04  1.1298E+04
0000695   2.2622E+05 -1.2451E+04  1.5069E+03
0000696   2.1754E+05 -7.9393E+02 -1.0411E+04
0000697   2.1797E+05  8.9202E+03 -6.5414E+03
0000698   2.2843E+05 -1.0021E+04 -7.1048E+03
0000699   2.1619E+05 -6.7227E+03  9.4754E+03
0000700   2.1898E+05 -9.1386E+03  4.8580E+03
0000701   2.3118E+05  1.2234E+04 -5.1772E+03
0000702   2.1813E+05  3.1111E+03  8.8237E+03
0000703   2.2512E+05  9.0674E+03 -2.3009E+03
0000704   1.3531E+05  2.7434E+04 -1.2818E+05
0000705   2.1912E+05 -1.4062E+04  2.7237E+03
0000706   2.1476E+05 -6.7663E+03 -3.3277E+03
0000707   2.1887E+05 -1.4315E+03 -1.3170E+04
0000708   2.1349E+05  5.3759E+03 -6.1690E+03
0000709   2.2026E+05 -1.7539E+03 -1.3516E+04
0000710   2.1863E+05  1.0099E+03 -1.7558E+03
0000711   2.1297E+05 -8.8540E+02 -3.7042E+03
0000712   2.2411E+05 -8.0073E+03 -6.1709E+02
0000713   2.2227E+05  1.2432E+03 -8.4178E+03
0000714   2.2793E+05  5.1394E+03  7.0681E+02
0000715   2.2338E+05  8.0999E+03 -1.1805E+04
0000716   2.2082E+05 -3.1051E+02 -7.1735E+03
0000717   2.2360E+05 -7.5832E+03 -3.7358E+03
0000718   2.1220E+05 -2.1280E+04  1.4303E+03
0000719   2.2526E+05 -7.0104E+02 -5.1460E+03
0000720   2.1641E+05 -1.8369E+04 -1.5666E+04
0000721   2.1539E+05  6.9121E+03  3.1423E+03
0000722   2.2588E+05  3.7839E+03  4.4286E+03
0000723   2.1609E+05  8.0371E+03 -9.0860E+03
0000724   2.1817E+05  1.8291E+03  8.4966E+03
0000725   2.1849E+05 -8.7668E+02 -2.6592E+03
0000726   2.1248E+05 -7.1430E+03 -8.1380E+03
0000727   2.2615E+05  6.6661E+03 -7.0682E+02
0000728   2.1800E+05 -2.7503E+03 -4.7038E+03
0000729   2.1329E+05 -4.0598E+03 -9.7417E+03
0000730   2.1561E+05 -9.7760E+03 -3.9212E+03
0000731   2.2274E+05  3.0404E+02 -5.3813E+03
0000732   1.9324E+05 -3.2203E+04 -4.7617E+04
0000733   2.2732E+05 -1.0061E+04  1.0645E+04
0000734   2.1921E+05  6.5807E+03 -1.2607E+03
0000735   2.1894E+05 -1.0334E+04  2.4736E+04
0000736   2.1596E+05  5.5856E+03  4.3559E+03
0000737   2.1605E+05  5.0358E+03  1.7001E+03
0000738   2.2150E+05 -7.7756E+03  6.6663E+03
0000739   2.2000E+05  4.2499E+03  5.5517E+03
0000740   2.2185E+05  1.4043E+04 -1.1382E+04
0000741   2.1178E+05 -3.0530E+04  8.0490E+03
0000742   2.2065E+05  2.9847E+03  4.5221E+02
0000743   2.2165E+05 -2.8766E+03 -1.2436E+04
0000744   2.1830E+05  1.8171E+04  1.5317E+04
0000745   2.1894E+05 -6.8495E+03 -6.0965E+03
0000746   2.1465E+05  1.3558E+04  2.4839E+03
0000747   2.2000E+05  1.7416E+04 -6.0871E+03
0000748   2.1858E+05  7.0661E+03 -1.4702E+04
0000749   2.1961E+05 -1.0053E+04 -8.8514E+03
0000750   2.1923E+05  1.0441E+04 -1.2445E+04
0000751   2.1750E+05  9.6214E+03 -1.6842E+04
0000752   2.1556E+05 -2.4479E+03  6.1856E+03
0000753   2.1746E+05 -1.1274E+03 -2.6089E+03
0000754   2.2286E+05  5.9174E+03  9.3046E+03
0000755   2.1666E+05 -2.5130E+03  7.9171E+03
0000756   2.2045E+05  7.3224E+03  5.2599E+03
0000757   2.1798E+05 -4.0532E+03 -1.5610E+03
0000758   2.1184E+05  1.9138E+04  1.6693E+04
0000759   2.1427E+05 -5.6887E+03 -9.6032E+03
0000760   2.2147E+05 -7.6268E+03  1.5973E+04
0000761   2.3237E+05  2.4472E+03  1.1179E+04
0000762   2.1784E+05 -8.6751E+02  2.4877E+03
0000763   2.2653E+05 -1.3318E+04 -2.2531E+03
0000764   2.2049E+05  1.4584E+03  1.5121E+04
0000765   2.2285E+05  1.5914E+04 -2.9426E+03
0000766   2.1571E+05 -4.8686E+03 -7.0620E+03
0000767   2.1421E+05  1.2198E+04 -6.4002E+03
0000768   2.2935E+05  8.5677E+03  4.0933E+03
0000769   2.1787E+05 -1.0437E+04  5.6201E+03
0000770   2.1400E+05  5.9151E+03 -2.2060E+04
0000771   2.1562E+05 -8.9378E+03 -3.0990E+04
0000772   2.1987E+05 -1.2532E+03  4.4519E+03
0000773   2.2291E+05 -6.4230E+02 -4.5709E+03
0000774   2.1218E+05  1.0837E+04  6.6394E+03
0000775   2.1150E+05 -2.3151E+03 -2.5183E+04
0000776   2.1777E+05  1.2721E+04 -2.4959E+03
0000777   2.1893E+05  1.9990E+04 -2.7867E+03
0000778   2.1956E+05  1.2617E+04  1.1780E+04
0000779   2.2042E+05  5.1770E+03  1.2859E+03
0000780   2.2262E+05 -9.9606E+03 -3.4629E+03
0000781   2.1568E+05 -8.0379E+03 -6.2608E+03
0000782   2.1552E+05  1.5459E+04  8.0145E+02
0000783   2.2520E+05 -5.5385E+03 -5.0379E+03
0000784   2.2092E+05 -2.1921E+03  5.2106E+03
0000785   2.1724E+05 -1.2671E+03  2.9741E+03
0000786   2.2691E+05  7.8935E+03 -2.7838E+03
0000787   2.2622E+05  1.0483E+02  1.6224E+04
0000788   2.2413E+05  4.5570E+03 -4.2640E+03
0000789   2.1912E+05  1.9013E+04  1.0171E+04
0000790   2.2091E+05  8.9308E+03 -3.1757E+03
0000791   2.2154E+05  2.3889E+03  5.5703E+03
0000792   2.1563E+05  2.9854E+03 -3.8627E+03
0000793   2.1265E+05 -5.3618E+03 -8.7693E+03
0000794   2.1706E+05 -3.5377E+03 -1.1807E+04
0000795   2.2444E+05 -3.2556E+03  1.9002E+04
0000796   2.1793E+05 -6.1349E+03  1.3292E+04
0000797   2.1169E+05 -1.3100E+04 -3.7120E+03
0000798   2.1315E+05 -5.4323E+03 -3.2631E+03
0000799   2.0725E+05 -1.0067E+04  4.7312E+04
0000800   2.1984E+05 -1.2922E+04 -7.2734E+03
0000801   2.2268E+05  2.0887E+03 -2.0501E+04
0000802   2.2263E+05 -3.1452E+03 -1.5127E+03
0000803   2.1693E+05 -4.8998E+03 -4.2848E+03
0000804   2.1105E+05 -2.0636E+04 -3.4950E+04
0000805   2.1947E+05  6.0291E+03 -8.7869E+03
0000806   2.2327E+05  4.7632E+03 -7.6344E+03
0000807   2.2253E+05  3.8613E+03 -7.1491E+03
0000808   2.2381E+05 -4.2032E+03 -5.6178E+03
0000809   2.2007E+05 -1.9397E+03  2.5894E+04
0000810   2.2683E+05  4.1667E+03  2.2868E+03
0000811   2.1651E+05  2.0170E+04  3.7104E+03
0000812   2.1482E+05 -1.0210E+04  5.0258E+03
0000813   2.2420E+05  7.6662E+03  6.2330E+02
0000814   2.1759E+05 -3.2625E+02 -1.7261E+03
0000815   2.1690E+05 -2.9443E+04 -2.2315E+04
0000816   2.2424E+05  1.8780E+03  3.1166E+02
0000817   2.1244E+05 -3.6808E+03 -2.1686E+04
0000818   2.1333E+05  4.6188E+03 -1.7779E+01
0000819   2.1961E+05 -1.2101E+04  1.1849E+04
0000820   2.1458E+05  1.5304E+04 -4.5908E+03
0000821   2.1258E+05  1.2867E+04  5.3944E+03
0000822   2.0244E+05  6.1124E+03 -1.3607E+04
0000823   2.1993E+05  4.0232E+03 -1.1241E+03
0000824   2.2013E+05  5.7296E+03 -1.4484E+03
0000825   2.1734E+05 -1.2563E+02 -3.2283E+03
0000826   2.2278E+05 -8.6765E+02 -2.5513E+03
0000827   2.2772E+05 -8.3492E+03 -7.4149E+03
0000828   2.1957E+05 -4.2210E+03 -8.8854E+03
0000829   2.1668E+05  7.0746E+02 -5.3726E+03
0000830   2.1549E+05 -1.9839E+04 -1.6171E+04
0000831   2.2127E+05 -8.7710E+03  8.3856E+03
0000832   2.1722E+05 -9.9762E+03  1.0219E+03
0000833   2.1448E+05 -5.5288E+03  5.3057E+03
0000834   2.1573E+05  3.9356E+02 -1.5494E+04
0000835   2.1408E+05 -1.4670E+04  2.4440E+03
0000836   2.1495E+05  1.0503E+04  9.2413E+03
0000837   2.2866E+05 -7.2373E+02 -1.4171E+04
0000838   2.2075E+05  8.4445E+03  1.5131E+03
0000839   2.1115E+05 -1.2820E+04 -7.8441E+03
0000840   2.2398E+05  6.5677E+03 -4.6544E+03
0000841   2.2353E+05 -3.5138E+03 -1.7602E+04
0000842   2.1412E+05  1.9457E+04 -2.0765E+03
0000843   2.1980E+05 -1.1757E+04 -9.5185E+03
0000844   2.2327E+05  7.1100E+03  4.0035E+03
0000845   2.1485E+05 -8.0013E+03 -1.1219E+04
0000846   2.2585E+05 -1.0154E+04  3.3259E+04
0000847   2.0908E+05 -2.0117E+04  5.6297E+04
0000848   2.0999E+05  8.1525E+03  2.4891E+04
0000849   2.2801E+05  3.9158E+03  5.4945E+03
0000850   2.1127E+05  3.8530E+03 -2.7751E+04
0000851   2.2081E+05 -4.4025E+03  3.1906E+03
0000852   2.1192E+05 -1.3704E+04 -8.7281E+03
0000853   2.1382E+05 -6.1868E+03 -6.9863E+03
0000854   2.2934E+05 -1.5650E+03  2.7764E+03
0000855   2.2468E+05  6.6863E+03 -5.1948E+03
0000856   2.2099E+05  7.0101E+03  2.7147E+02
0000857   2.2337E+05  2.8424E+03  1.7396E+03
0000858   2.1938E+05 -5.2354E+03 -1.1770E+04
0000859   2.2022E+05  5.1330E+03 -2.2473E+04
0000860   2.1545E+05 -4.7465E+03  1.5392E+03
0000861   2.1380E+05 -5.6313E+01  1.0873E+04
0000862   2.1624E+05  3.4341E+03  1.5751E+03
0000863   2.1679E+05  7.5681E+03  7.8796E+03
0000864   2.2215E+05 -4.6163E+03  2.0926E+03
0000865   2.1580E+05  7.5283E+03 -3.6727E+03
0000866   2.2631E+05  3.1226E+03  7.9511E+02
0000867   2.1959E+05  1.4176E+04 -6.4658E+03
0000868   2.1496E+05  6.0121E+03 -1.1669E+02
0000869   2.2671E+05 -4.3944E+03  9.6012E+02
0000870   2.2757E+05 -4.4037E+03  1.1298E+04
0000871   2.1863E+05 -1.1205E+04 -9.6193E+03
0000872   2.2082E+05  2.0035E+03  5.9147E+03
0000873   2.2574E+05  8.8478E+02 -5.9660E+03
0000874   2.2096E+05 -4.5729E+03  6.9020E+03
0000875   2.2782E+05 -3.1653E+03  3.4767E+03
0000876   2.1679E+05 -1.5966E+04  1.1022E+04
0000877   2.1601E+05  4.3139E+03  7.5297E+03
0000878   2.2597E+05 -2.0317E+04 -1.4780E+04
0000879   2.1974E+05 -1.1377E+04  3.1859E+03
0000880   2.2007E+05  6.9211E+03  7.2806E+03
0000881   2.1779E+05 -8.3919E+03 -1.7285E+03
0000882   2.1979E+05  1.5341E+03 -1.0774E+04
0000883   2.1294E+05  7.6478E+03 -8.3029E+02
0000884   2.1772E+05 -2.7713E+02 -4.5414E+03
0000885   2.1615E+05  8.0683E+03 -8.2929E+03
0000886   2.1590E+05 -2.3948E+04  1.9681E+04
0000887   2.1892E+05 -2.3656E+04 -1.8647E+04
0000888   2.2190E+05  5.6489E+03  3.2962E+03
0000889   2.1640E+05 -4.9393E+03 -2.8039E+03
0000890   2.1789E+05 -3.4556E+03  1.0233E+04
0000891   2.2593E+05  1.4056E+04  7.3881E+03
0000892   2.1808E+05  3.4491E+03 -5.7165E+03
0000893   2.0717E+05 -3.6359E+04  1.4890E+04
0000894   2.2502E+05 -7.8899E+03 -7.5542E+03
0000895   2.1575E+05 -6.0529E+03 -1.2100E+04
0000896   2.1574E+05  7.5523E+03 -4.8587E+03
0000897   2.2429E+05 -1.1170E+04 -1.7532E+04
0000898   2.1714E+05 -1.8198E+04  1.1177E+03
0000899   2.2389E+05 -4.7821E+03  1.2371E+03
0000900   2.2357E+05 -1.0434E+04 -9.8809E+03
0000901   2.2172E+05 -3.1945E+03 -3.4971E+03
0000902   2.2188E+05  3.4885E+03  3.0433E+03
0000903   2.2562E+05 -3.8297E+03 -1.2473E+04
0000904   2.1984E+05  3.9399E+03 -1.0203E+03
0000905   2.2180E+05 -2.1944E+03  1.3006E+04
0000906   2.2182E+05  1.8079E+03  1.2132E+04
0000907   2.2343E+05 -9.2255E+03  3.4322E+03
0000908   2.1611E+05 -2.1381E+03  4.6678E+03
0000909   2.2918E+05 -2.9096E+03 -8.4486E+03
0000910   2.2146E+05 -1.3241E+04  1.2846E+04
0000911   2.1929E+05  3.3667E+03  7.7898E+03
0000912   2.2153E+05  4.9292E+03  5.1486E+03
0000913   2.2621E+05  8.2308E+03 -1.4594E+04
0000914   2.2432E+05  7.1017E+03 -7.4097E+02
0000915   2.1701E+05 -2.7758E+03 -1.7531E+04
0000916   2.0944E+05  5.8913E+03  3.0255E+03
0000917   2.2438E+05  4.3741E+03 -2.0123E+04
0000918   2.2491E+05 -1.2104E+03  1.0819E+04
0000919   2.1353E+05 -7.1511E+03  1.6250E+03
0000920   2.1830E+05  1.3809E+04  6.7608E+03
0000921   2.1422E+05 -9.9574E+01  1.0277E+04
0000922   2.2177E+05 -7.6331E+03 -1.0850E+03
0000923   2.2552E+05 -5.7344E+03  8.0442E+03
0000924   2.1962E+05  5.3292E+03 -1.5704E+03
0000925   2.2728E+05 -1.9457E+03 -7.3780E+03
0000926   2.1917E+05 -4.4321E+03 -9.0375E+03
0000927   2.1240E+05 -2.0040E+03  1.2607E+04
0000928   2.2178E+05 -8.8394E+02  5.9886E+03
0000929   2.1992E+05  1.7691E+03 -9.0084E+02
0000930   2.2288E+05  2.3279E+03 -2.4389E+03
0000931   2.1587E+05 -1.9445E+03  4.0368E+03
0000932   2.1708E+05 -7.0366E+03 -1.8486E+03
0000933   2.1504E+05 -1.1614E+04  1.6589E+04
0000934   2.2052E+05 -1.0819E+03  2.6972E+03
0000935   2.1324E+05  8.4192E+03 -5.7737E+03
0000936   2.1448E+05  8.2788E+03 -1.4824E+03
0000937   2.1797E+05  4.2358E+03  1.4492E+04
0000938   2.1838E+05 -5.1338E+02  3.6535E+03
0000939   2.1913E+05 -9.9499E+03 -4.6807E+03
0000940   2.1684E+05 -2.9338E+03  4.0862E+03
0000941   2.1747E+05  1.5633E+03  1.5027E+04
0000942   2.2410E+05 -3.7534E+03  4.8480E+03
0000943   2.1790E+05  2.0964E+03 -7.8050E+03
0000944   2.1662E+05  8.6175E+03 -9.4564E+03
0000945   2.2438E+05 -6.7431E+03  4.8274E+03
0000946   2.1882E+05 -1.9879E+03 -1.1307E+04
0000947   2.1757E+05 -6.3928E+01  6.9057E+03
0000948   2.2124E+05  2.0773E+03  6.8783E+02
0000949   2.2624E+05 -6.0289E+03  6.4195E+03
0000950   2.2427E+05  1.1287E+04  9.8091E+03
0000951   2.2791E+05 -1.1509E+04 -3.0139E+03
0000952   2.1480E+05 -7.4425E+03 -1.9829E+03
0000953   2.2039E+05 -2.7767E+03  1.0025E+03
0000954   2.3314E+05 -2.5032E+03  4.6874E+03
0000955   2.2377E+05 -1.0951E+03  7.1086E+03
0000956   2.2114E+05 -1.2167E+04  1.5849E+04
0000957   2.2210E+05 -1.8428E+03  1.4448E+03
0000958   2.1906E+05  1.2556E+03  3.4140E+03
0000959   2.0549E+05  3.7431E+04  4.9556E+02
0000960   2.1829E+05  1.0790E+03  8.7356E+03
0000961   2.2274E+05 -6.2791E+03 -6.0279E+03
0000962   2.1150E+05 -5.6013E+02  4.5609E+03
0000963   2.1735E+05  4.0376E+03 -7.8886E+03
0000964   2.1823E+05  2.2196E+04 -6.7604E+03
0000965   2.1493E+05 -1.5280E+04  5.5443E+03
0000966   2.1883E+05 -2.4576E+03 -5.2001E+03
0000967   2.2148E+05  3.4382E+03  9.2384E+03
0000968   2.2500E+05 -1.8234E+03 -7.3684E+03
0000969   2.2283E+05  2.8948E+03  2.3643E+03
0000970   2.2271E+05  3.9603E+03  2.4463E+03
0000971   2.1949E+05  1.4617E+02  1.7368E+04
0000972   2.2347E+05 -1.1301E+04 -1.5933E+03
0000973   2.1658E+05 -1.6022E+02  1.0198E+04
0000974   2.1756E+05 -1.7229E+04 -9.7878E+03
0000975   2.2546E+05 -1.2162E+03  8.2828E+03
0000976   2.2098E+05 -4.8273E+03  5.2869E+03
0000977   2.1548E+05  8.1765E+03 -8.3842E+03
0000978   2.1642E+05 -9.7954E+03  6.0810E+03
0000979   2.2129E+05 -1.6419E+03  7.9513E+03
0000980   2.2225E+05 -3.1372E+03  2.7094E+03
0000981   2.2297E+05  4.5288E+03  9.9553E+03
0000982   2.1531E+05  1.3340E+04 -1.2447E+04
0000983   2.2432E+05 -1.7417E+03  1.3084E+04
0000984   2.2222E+05 -3.4563E+03  1.8894E+03
0000985   2.2543E+05 -2.1874E+03 -1.3756E+04
0000986   2.1922E+05  9.8787E+01  3.5749E+03
0000987   2.1759E+05 -3.2699E+03  2.4885E+04
0000988   2.1162E+05 -6.1839E+03  3.6195E+03
0000989   2.2068E+05 -8.3301E+03 -1.9745E+03
0000990   2.2599E+05  1.0890E+04 -1.6735E+03
0000991   2.1233E+05 -7.5067E+03 -3.4309E+03
0000992   2.2152E+05 -4.0799E+03  1.3884E+04
0000993   2.2039E+05 -2.6472E+03 -1.1787E+04
0000994   2.2022E+05  1.0043E+04  7.4002E+03
0000995   2.2388E+05  4.4750E+03  1.6273E+04
0000996   2.2458E+05 -3.9934E+03 -5.5951E+03
0000997   2.1691E+05 -6.0330E+03  1.8992E+04
0000998   2.1574E+05 -5.2844E+03 -4.6351E+03
0000999   2.2093E+05 -3.5430E+03 -2.1596E+03
0001000   2.2124E+05 -6.9273E+03 -5.1593E+03
