============================== SRIM-2013.00 ==============================
==============================================================================
====== SRIM Outputs\RANGE_3D.txt : File of Final Ion Positions =====

Ion =  H (01)   Ion Mass= 001.0080
Energy  = 5300000.E-03 keV
Ion Angle to Surface = 00.0 degrees
==================== TARGET =======================
  Layer # 1 - Si_Top    
  Layer # 1 - Bottom Depth=300000.E+01 A
  Layer # 1 - Density =0002.3210 g/cm3
  Layer # 1 -  100 % of Si
икикикикикикикикикикикикикикикикикикикикикикикикикикикикикикикикикикикикикикикикикикикикикикикикикикикик
  Layer # 2 - Si_Bottom 
  Layer # 2 - Bottom Depth=600000.E+01 A
  Layer # 2 - Density =0002.3210 g/cm3
  Layer # 2 -  100 % of Si
икикикикикикикикикикикикикикикикикикикикикикикикикикикикикикикикикикикикикикикикикикикикикикикикикикикик
                                            
Ion       Depth  X   Lateral Y   Lateral Z  
Number    (Angstrom) (Angstrom)  (Angstrom) 
-------  ----------- ----------- -----------
0000001   2.3901E+06 -7.1014E+04  6.9872E+03
0000002   2.3915E+06 -6.3495E+04  6.6074E+02
0000003   2.4140E+06 -1.1102E+05 -3.3671E+04
0000004   2.4057E+06 -4.5871E+04  4.4053E+04
0000005   2.4092E+06  6.4668E+04  5.7617E+04
0000006   2.3770E+06 -4.9971E+04  9.2781E+04
0000007   2.4214E+06 -2.7773E+04 -4.8973E+04
0000008   2.3984E+06 -5.5950E+04  2.3079E+04
0000009   2.4444E+06  8.5583E+04 -5.0561E+04
0000010   2.3859E+06 -3.2170E+04  7.1623E+04
0000011   2.4410E+06 -1.8677E+05 -1.5218E+05
0000012   2.3737E+06  6.4204E+03  9.6621E+04
0000013   2.3688E+06  5.3594E+04 -2.4603E+04
0000014   2.4090E+06 -7.1904E+04  2.6661E+04
0000015   2.4046E+06 -1.1971E+05  1.1165E+04
0000016   2.4088E+06 -5.2535E+04  2.7911E+04
0000017   2.4237E+06 -4.2359E+04 -1.2038E+04
0000018   2.4401E+06 -1.0882E+05  1.2064E+05
0000019   2.3662E+06  5.7050E+04 -2.3850E+05
0000020   2.4279E+06  8.4145E+04 -2.4681E+04
0000021   2.3536E+06  2.8169E+04 -5.3514E+04
0000022   2.4413E+06  1.2054E+03  1.2230E+05
0000023   2.3706E+06  6.4886E+04 -1.1154E+05
0000024   2.3599E+06 -7.8456E+04 -1.6891E+04
0000025   2.4349E+06 -5.2261E+04  1.2860E+05
0000026   2.4062E+06 -1.4473E+05 -2.8826E+04
0000027   2.4453E+06 -2.4354E+04  5.7917E+04
0000028   2.4277E+06 -3.0661E+04 -1.5125E+04
0000029   2.4576E+06 -4.1995E+04 -1.9904E+05
0000030   2.3652E+06  1.5557E+05 -4.6551E+04
0000031   2.4124E+06  8.8407E+03 -1.1319E+05
0000032   2.4122E+06  9.2182E+04 -2.0746E+05
0000033   2.4515E+06 -3.0536E+04  3.2874E+04
0000034   2.4135E+06 -9.4723E+04 -1.4249E+05
0000035   2.3555E+06 -6.6770E+04 -1.3378E+05
0000036   2.4289E+06  6.8310E+04 -4.6839E+04
0000037   2.4113E+06 -8.2396E+03 -9.6637E+04
0000038   2.4313E+06  1.1402E+05 -6.6526E+04
0000039   2.4591E+06  2.8808E+04 -1.4699E+05
0000040   2.4134E+06 -1.4260E+05  1.7116E+05
0000041   2.4335E+06  1.1511E+05  8.2504E+04
0000042   2.4714E+06 -5.0387E+03  1.5824E+05
0000043   2.3697E+06 -7.7352E+04 -9.1721E+04
0000044   2.4696E+06  3.9351E+04  2.6292E+04
0000045   2.3934E+06 -1.5047E+05 -1.3481E+04
0000046   2.4658E+06 -2.9834E+02  3.8226E+04
0000047   2.2869E+06 -1.2924E+05 -2.4254E+05
0000048   2.3453E+06  1.4612E+05  6.0677E+03
0000049   2.4017E+06 -4.7821E+02 -2.4696E+04
0000050   2.3982E+06  2.3353E+04  1.5542E+05
0000051   2.3570E+06 -7.3344E+04  4.6677E+04
0000052   2.4546E+06  2.4616E+04  1.3945E+04
0000053   2.3900E+06 -1.0433E+05  1.6163E+04
0000054   2.4385E+06 -6.1341E+04  7.8677E+03
0000055   2.3795E+06  2.0182E+04 -1.1498E+04
0000056   2.3739E+06  5.7935E+04  3.2172E+02
0000057   2.4657E+06 -6.1691E+04  1.1238E+05
0000058   2.3600E+06 -4.4664E+03 -7.4693E+04
0000059   2.3965E+06 -1.0272E+04  7.1537E+04
0000060   2.3833E+06 -4.6591E+04  5.7754E+04
0000061   2.4566E+06 -8.8459E+03 -3.0374E+04
0000062   2.4436E+06 -2.0271E+04  2.6840E+04
0000063   2.4026E+06  4.9555E+03 -3.5917E+03
0000064   2.4285E+06  3.8794E+04  1.4440E+05
0000065   2.3847E+06  2.4090E+05  1.4017E+05
0000066   2.4669E+06  1.5881E+04 -2.6688E+04
0000067   2.4777E+06  1.2146E+04 -1.1111E+05
0000068   2.3756E+06 -3.6144E+04 -3.4860E+04
0000069   2.4323E+06  8.4886E+04  4.3742E+04
0000070   2.4238E+06 -4.0530E+04 -6.6041E+04
0000071   2.3839E+06 -2.6238E+04  1.4636E+04
0000072   2.4117E+06 -1.6449E+05  9.0650E+02
0000073   2.3771E+06 -1.1319E+05 -9.6606E+04
0000074   2.3661E+06  6.2549E+04  5.4335E+04
0000075   2.4237E+06  5.2712E+04 -5.8410E+03
0000076   2.4278E+06 -1.8765E+04 -9.9216E+04
0000077   2.4351E+06  6.0336E+04  4.5323E+04
0000078   2.3749E+06 -1.7316E+05  1.5796E+05
0000079   2.3876E+06  4.5649E+04  1.3220E+05
0000080   2.3933E+06 -5.9156E+04  2.2221E+04
0000081   2.4258E+06  6.9356E+04 -4.8307E+04
0000082   2.3579E+06 -1.2552E+05  5.0293E+04
0000083   2.4323E+06  1.2633E+05  8.8297E+03
0000084   2.3608E+06  2.7409E+04 -5.4160E+04
0000085   2.4449E+06 -5.9546E+04 -3.1127E+04
0000086   2.3785E+06 -1.1394E+05 -1.8711E+04
0000087   2.5066E+06 -6.5187E+04 -5.8324E+03
0000088   2.3853E+06 -2.1647E+04 -3.7727E+04
0000089   2.3889E+06  8.4836E+04 -1.0682E+05
0000090   2.4183E+06 -2.6210E+04 -2.4987E+04
0000091   2.3549E+06  6.3356E+04 -9.4513E+04
0000092   2.3798E+06  1.1110E+04 -9.0832E+03
0000093   2.3886E+06  6.4894E+04  2.2618E+04
0000094   2.4378E+06 -5.1672E+04  7.1750E+04
0000095   2.4371E+06  1.1392E+04  2.3830E+04
0000096   2.3744E+06 -1.1340E+03  8.3828E+04
0000097   2.4044E+06 -8.9328E+04  1.9123E+05
0000098   2.4086E+06  1.3538E+04 -2.7191E+04
0000099   2.4130E+06  1.5614E+05  9.3701E+04
0000100   2.4293E+06  3.3766E+04 -5.2502E+04
0000101   2.3860E+06  3.6683E+04  2.9462E+04
0000102   2.4018E+06  3.8683E+04 -8.6000E+04
0000103   2.4405E+06  1.8633E+03 -4.4595E+04
0000104   2.3740E+06 -1.6782E+05 -7.8070E+04
0000105   2.4620E+06 -4.8318E+04 -4.0836E+04
0000106   2.4513E+06 -1.4473E+05  2.5131E+04
0000107   2.3891E+06 -7.6528E+04 -8.3990E+04
0000108   2.4411E+06 -3.9863E+04 -1.6698E+04
0000109   2.3939E+06 -1.4261E+05 -3.0156E+04
0000110   2.4262E+06 -4.9353E+03 -4.7498E+04
0000111   2.4408E+06  6.9334E+04 -3.7411E+04
0000112   2.4055E+06  7.2886E+04  1.1264E+04
0000113   2.4145E+06 -2.0502E+04  4.6951E+04
0000114   2.4638E+06  1.8938E+04 -1.8972E+04
0000115   2.3906E+06 -3.2012E+04  4.2067E+04
0000116   2.3977E+06 -2.1192E+04  3.5062E+03
0000117   2.4681E+06  4.2454E+04  4.2966E+04
0000118   2.4467E+06 -1.1057E+03 -5.4999E+04
0000119   2.4357E+06  2.7512E+05  1.0635E+05
0000120   2.4035E+06  4.4383E+04  9.9588E+02
0000121   2.3961E+06  2.8797E+03  5.9435E+04
0000122   2.4855E+06 -9.7830E+04 -3.1568E+04
0000123   2.3797E+06 -9.0701E+04 -1.4774E+05
0000124   2.4490E+06 -7.2938E+04  1.0852E+05
0000125   2.4174E+06  2.2995E+05  2.7064E+05
0000126   2.3905E+06 -4.9842E+04 -1.0705E+04
0000127   2.4336E+06 -8.3480E+04  1.6553E+03
0000128   2.4400E+06  4.4389E+04  4.7265E+04
0000129   2.4311E+06 -1.9715E+05  1.3567E+04
0000130   2.4219E+06  6.9896E+03 -5.5546E+04
0000131   2.4011E+06 -2.9415E+04  1.1685E+05
0000132   2.4485E+06  3.0719E+04  8.9791E+04
0000133   2.4259E+06  3.6121E+04  9.5059E+04
0000134   2.3636E+06  1.2633E+04 -8.2236E+04
0000135   2.4815E+06 -2.3242E+04  6.3678E+03
0000136   2.4523E+06  5.0933E+04 -5.1830E+04
0000137   2.4239E+06 -7.3205E+04  4.2964E+04
0000138   2.4013E+06  7.6319E+04  3.4884E+04
0000139   2.4912E+06  3.0543E+04  2.8747E+04
0000140   2.4402E+06  4.6815E+04 -7.8199E+04
0000141   2.4314E+06 -7.6216E+04  1.9863E+04
0000142   2.4412E+06  1.4832E+05  6.6612E+04
0000143   2.3447E+06  1.3164E+04  9.4183E+04
0000144   2.3901E+06 -6.4448E+04 -2.0562E+04
0000145   2.4211E+06  1.4858E+04  4.2577E+04
0000146   2.3525E+06 -3.4797E+05 -3.0280E+05
0000147   2.4316E+06  1.8354E+04  1.1072E+05
0000148   2.3858E+06  1.0262E+05 -2.4091E+03
0000149   2.4055E+06  9.2321E+04  7.8803E+03
0000150   2.4047E+06 -9.1466E+04 -2.4214E+04
0000151   2.3853E+06  2.2597E+04 -1.3898E+05
0000152   2.3843E+06 -9.0314E+03  4.0789E+03
0000153   2.3966E+06  1.1594E+04 -4.2089E+04
0000154   2.3592E+06  7.4807E+04 -7.3210E+04
0000155   2.3979E+06 -5.0228E+03 -6.1301E+04
0000156   2.4997E+06 -8.2371E+04  5.5388E+04
0000157   2.4100E+06  1.7977E+05  2.7727E+04
0000158   2.3822E+06 -8.3853E+04 -8.1021E+04
0000159   2.4037E+06  2.8603E+04 -1.9491E+04
0000160   2.4461E+06 -5.1408E+03 -3.7192E+04
0000161   2.3603E+06  3.8957E+04  1.5964E+05
0000162   2.4036E+06  8.5421E+04 -1.4171E+02
0000163   2.4249E+06 -1.0380E+05  7.7742E+04
0000164   2.4225E+06 -1.2602E+05  6.4077E+04
0000165   2.4612E+06  3.5015E+04  4.3497E+04
0000166   2.4236E+06 -1.3431E+04  6.3361E+04
0000167   2.4612E+06  1.5446E+05  1.7834E+05
0000168   2.4075E+06 -1.0680E+05 -1.3835E+03
0000169   2.4281E+06 -1.5685E+04 -1.1896E+05
0000170   2.4080E+06  1.0744E+04 -1.6034E+04
0000171   2.4211E+06 -1.5065E+05 -4.2930E+04
0000172   2.4919E+06  3.5408E+04  1.2933E+05
0000173   2.3845E+06 -2.5538E+04  3.6970E+04
0000174   2.3939E+06 -4.5932E+04 -6.4256E+04
0000175   2.4063E+06 -2.1222E+04 -5.8942E+04
0000176   2.4819E+06 -8.3556E+03  2.4331E+05
0000177   2.4169E+06  3.4017E+04  3.9792E+04
0000178   2.4510E+06  1.3322E+04  9.0991E+04
0000179   2.3847E+06  3.6492E+04  7.7980E+04
0000180   2.3683E+06  1.6124E+05  1.2238E+05
0000181   2.3780E+06  9.2185E+04 -3.0807E+04
0000182   2.3893E+06  1.1393E+05 -1.7317E+04
0000183   2.3645E+06 -5.0767E+04  1.3882E+05
0000184   2.4090E+06 -6.2778E+03 -2.1439E+04
0000185   2.4332E+06  3.9103E+03  3.5957E+04
0000186   2.4151E+06 -2.3293E+05  4.2170E+04
0000187   2.3694E+06  7.8333E+04  8.1811E+03
0000188   2.3645E+06 -1.4114E+05 -7.7843E+04
0000189   2.4195E+06 -1.9720E+05 -1.1749E+04
0000190   2.4000E+06  1.0840E+05 -1.8801E+04
0000191   2.3484E+06  7.6199E+04 -1.0741E+04
0000192   2.4091E+06 -1.2107E+04 -8.9453E+04
0000193   2.4439E+06  8.2192E+04  2.6288E+04
0000194   2.4663E+06  3.9763E+04  3.1972E+04
0000195   2.4458E+06 -7.9941E+02  7.9443E+04
0000196   2.4140E+06  7.9333E+04  8.2812E+04
0000197   2.3221E+06 -2.0149E+05 -8.7876E+04
0000198   2.4241E+06 -5.0666E+04 -5.2064E+04
0000199   2.4694E+06  1.1722E+04 -4.1144E+04
0000200   2.4534E+06  1.5199E+05  7.9620E+04
0000201   2.3369E+06  9.2880E+04 -1.5161E+05
0000202   2.4041E+06  4.2254E+04 -6.6743E+04
0000203   2.3781E+06  2.8622E+04 -2.7159E+04
0000204   2.4352E+06  4.9517E+03  3.2184E+04
0000205   2.3508E+06  5.1214E+04  5.7201E+04
0000206   2.3750E+06 -1.9470E+04 -8.9576E+04
0000207   2.3862E+06 -2.4773E+05 -5.3622E+04
0000208   2.4187E+06 -7.8544E+04  1.3551E+05
0000209   2.3413E+06 -4.8454E+04 -3.3483E+04
0000210   2.3598E+06  1.2986E+05 -4.9145E+04
0000211   2.3920E+06 -7.9137E+04 -2.0644E+04
0000212   2.4260E+06 -8.1948E+04  3.4671E+04
0000213   2.4466E+06  4.9383E+04  4.4759E+04
0000214   2.4218E+06 -1.1930E+04 -3.5529E+04
0000215   2.3255E+06  1.8573E+05  8.2169E+04
0000216   2.3929E+06  7.5260E+04 -7.9531E+04
0000217   2.4135E+06  6.4750E+03 -4.2699E+04
0000218   2.3876E+06  6.3436E+03  2.4215E+04
0000219   2.3538E+06  6.3173E+04 -3.9937E+04
0000220   2.4633E+06 -1.7574E+04 -2.7732E+04
0000221   2.4258E+06  1.2848E+04  1.0734E+05
0000222   2.4233E+06 -6.2928E+04 -8.6918E+04
0000223   2.3893E+06 -1.3161E+05  8.1310E+04
0000224   2.4375E+06  1.4970E+05 -2.2797E+04
0000225   2.4479E+06 -7.8963E+04  3.7704E+04
0000226   2.5120E+06  3.8484E+04  3.4110E+04
0000227   2.5020E+06  8.3995E+04  9.7244E+04
0000228   2.4108E+06  1.4103E+04  3.6829E+04
0000229   2.4383E+06  8.2189E+04  1.1328E+05
0000230   2.3743E+06 -3.1447E+04  8.0430E+02
0000231   2.3486E+06  9.6202E+04 -1.3672E+05
0000232   2.4722E+06 -4.3623E+04  5.5559E+04
0000233   2.4479E+06  1.9884E+04  2.2472E+04
0000234   2.3771E+06 -8.3381E+04  4.8385E+04
0000235   2.3989E+06  5.1307E+04 -2.3011E+05
0000236   2.3793E+06 -4.4167E+04 -1.5982E+04
0000237   2.4173E+06  9.9013E+04  1.7921E+05
0000238   2.4494E+06 -4.2082E+02  3.6086E+04
0000239   2.4034E+06 -2.3342E+04  1.0013E+05
0000240   2.3925E+06  5.0395E+04  1.9212E+03
0000241   2.3808E+06  2.4004E+04  1.8577E+04
0000242   2.4157E+06  4.9088E+04 -2.7092E+04
0000243   2.4691E+06 -4.0249E+04  1.3606E+05
0000244   2.4217E+06  3.9604E+04  7.3957E+04
0000245   2.3573E+06 -7.2431E+04  9.3417E+04
0000246   2.3717E+06 -1.1610E+05  4.4957E+04
0000247   2.4403E+06 -9.9352E+04  7.3993E+04
0000248   2.3982E+06  3.3445E+05  1.1786E+05
0000249   2.3875E+06  9.2017E+03  1.3557E+03
0000250   1.9593E+06  4.6215E+03  1.0914E+06
0000251   2.4272E+06 -1.0811E+04  1.9472E+04
0000252   2.4118E+06 -2.0681E+04  3.4608E+04
0000253   2.4387E+06 -3.5114E+04 -1.0957E+05
0000254   2.4577E+06 -6.4391E+04 -8.5914E+04
0000255   2.3975E+06 -2.1127E+03  8.2705E+04
0000256   2.4039E+06  5.7802E+03 -2.1370E+04
0000257   2.3935E+06 -1.4264E+04 -1.2700E+05
0000258   2.4434E+06  6.6484E+04 -1.0623E+05
0000259   2.4091E+06  5.9603E+04  1.7327E+04
0000260   2.4232E+06  9.2239E+04  9.6423E+03
0000261   2.3646E+06 -3.6614E+04  3.7680E+04
0000262   2.4514E+06 -1.4265E+04 -6.6079E+04
0000263   2.4641E+06 -9.3947E+04  1.3540E+04
0000264   2.4243E+06 -4.2980E+04 -3.3029E+04
0000265   2.4265E+06  7.9212E+04 -9.2354E+04
0000266   2.3834E+06 -4.3751E+03  1.4208E+05
0000267   2.4737E+06 -3.3823E+04  2.0554E+04
0000268   2.4358E+06 -6.0560E+04 -1.4393E+05
0000269   2.4117E+06 -4.5072E+04  2.8432E+03
0000270   2.3557E+06 -5.2703E+04 -1.3129E+05
0000271   2.4443E+06  4.1722E+04 -7.9098E+04
0000272   2.3537E+06  4.6591E+04  2.0089E+05
0000273   2.3787E+06 -4.7940E+04 -3.9804E+04
0000274   2.3842E+06  1.1196E+05  7.5553E+04
0000275   2.4213E+06 -4.8063E+04 -4.1836E+04
0000276   2.3622E+06  4.5186E+04 -3.4438E+04
0000277   2.4032E+06 -1.2567E+03 -2.3085E+04
0000278   2.4258E+06 -2.4539E+04 -6.7258E+04
0000279   2.4096E+06 -1.6289E+04  4.7570E+04
0000280   2.3871E+06  1.0352E+05  5.3049E+04
0000281   2.4223E+06  3.4078E+04 -1.6109E+04
0000282   2.4639E+06  9.7096E+04  1.3135E+04
0000283   2.4072E+06  2.6308E+04  3.2799E+04
0000284   2.3388E+06  1.3239E+05  9.2032E+04
0000285   2.4250E+06  2.7806E+05  3.6606E+04
0000286   2.4427E+06  2.1655E+04  1.5888E+04
0000287   2.3834E+06  2.1470E+04 -1.3345E+04
0000288   2.4015E+06 -8.6655E+04 -2.9031E+04
0000289   2.3550E+06 -2.9921E+04 -2.9585E+04
0000290   2.4512E+06 -1.1968E+05 -1.4961E+05
0000291   2.4731E+06  3.9685E+04  5.5016E+04
0000292   2.4323E+06 -5.4760E+04 -6.1052E+04
0000293   2.3860E+06 -6.2350E+04  6.7596E+03
0000294   2.3507E+06 -7.6681E+04 -4.5087E+04
0000295   2.4404E+06 -4.3414E+04 -1.9868E+04
0000296   2.3778E+06 -6.4068E+04 -8.5161E+04
0000297   2.3841E+06 -1.7235E+05 -1.5873E+04
0000298   2.4419E+06  1.1840E+05  1.7339E+05
0000299   2.4522E+06  9.6551E+04 -7.8780E+03
0000300   2.3993E+06  1.0408E+05 -1.8393E+05
0000301   2.3864E+06  2.7504E+04  1.2423E+05
0000302   2.3937E+06 -1.1141E+05  7.2103E+04
0000303   2.4604E+06 -2.6649E+04  6.1985E+04
0000304   2.4137E+06 -8.0504E+04 -1.5950E+05
0000305   2.3876E+06 -4.2082E+04 -3.2559E+04
0000306   2.3984E+06  1.0234E+05 -1.0402E+05
0000307   2.4484E+06  1.8290E+04  3.4979E+04
0000308   2.4143E+06 -5.4426E+04  5.7159E+04
0000309   2.4000E+06 -3.3244E+04  3.3847E+04
0000310   2.3846E+06 -1.9920E+03 -5.4796E+04
0000311   2.3622E+06 -9.9565E+04 -1.1146E+05
0000312   2.3771E+06 -7.7843E+04  1.1819E+05
0000313   2.3749E+06 -6.7226E+04 -2.5454E+05
0000314   2.4253E+06 -4.1507E+04 -1.0303E+05
0000315   2.3769E+06  2.7023E+04  1.4478E+04
0000316   2.4473E+06  1.4752E+04  2.0665E+04
0000317   2.3808E+06  4.3366E+04 -1.0096E+04
0000318   2.4133E+06 -1.5197E+04  1.4690E+04
0000319   2.4110E+06  6.8323E+04 -1.3778E+04
0000320   2.4404E+06 -6.0584E+03  1.2017E+05
0000321   2.4784E+06 -1.0697E+05  1.3916E+05
0000322   2.3305E+06 -1.0602E+05 -3.2146E+04
0000323   2.4582E+06 -4.8309E+04  2.8336E+04
0000324   2.4286E+06  5.1643E+04  6.0874E+04
0000325   2.4366E+06 -6.0722E+04  2.2819E+04
0000326   2.3695E+06  1.6863E+04 -7.1672E+04
0000327   2.4170E+06 -3.1012E+04 -7.4490E+04
0000328   2.4430E+06  2.0554E+05 -7.1870E+04
0000329   2.3688E+06  1.0917E+05  5.0063E+04
0000330   2.3799E+06 -4.0972E+04 -1.2372E+05
0000331   2.4264E+06  6.6548E+04 -6.8596E+04
0000332   2.3418E+06  2.7983E+04  9.3521E+04
0000333   2.3884E+06  1.7386E+05 -9.4842E+04
0000334   2.3999E+06  6.6936E+03  2.6581E+04
0000335   2.3607E+06 -1.0292E+05  4.7905E+04
0000336   2.3751E+06 -2.4661E+05 -6.2597E+04
0000337   2.4027E+06  7.8287E+04 -1.5288E+05
0000338   2.4494E+06  6.1696E+04  1.5582E+04
0000339   2.4142E+06  2.9965E+04 -6.4380E+03
0000340   2.4236E+06 -4.1773E+04 -3.5514E+04
0000341   2.3795E+06 -7.1919E+04 -1.1606E+05
0000342   2.4445E+06 -1.8282E+04 -4.5841E+04
0000343   2.4429E+06  1.7651E+04 -1.6531E+05
0000344   2.3891E+06 -3.4051E+04 -1.3823E+05
0000345   2.4119E+06  2.0566E+04 -7.1213E+04
0000346   2.4188E+06 -1.8583E+04 -1.0529E+05
0000347   2.4834E+06  1.4658E+04  2.8404E+04
0000348   2.3573E+06  2.8968E+04 -1.7492E+05
0000349   2.3453E+06  6.4141E+04 -1.0149E+04
0000350   2.4178E+06  9.9352E+04 -1.1740E+05
0000351   2.3726E+06  1.4990E+05  8.9056E+04
0000352   2.3888E+06 -6.8103E+04  1.7520E+04
0000353   2.3618E+06 -2.2761E+05 -2.6403E+04
0000354   2.3762E+06  2.8887E+04 -6.9480E+03
0000355   2.3474E+06  3.3253E+04 -4.1268E+04
0000356   2.4313E+06 -6.0487E+04  7.7436E+04
0000357   2.4498E+06 -2.6826E+04 -5.0248E+04
0000358   2.3696E+06  1.2027E+05 -1.6599E+05
0000359   2.4364E+06 -2.8476E+04 -6.1585E+04
0000360   2.4262E+06  2.7300E+05 -1.0199E+05
0000361   2.4370E+06 -1.4595E+03  5.3055E+04
0000362   2.3528E+06  5.9440E+04 -3.0672E+04
0000363   2.4118E+06  3.2176E+04  1.1271E+05
0000364   2.4131E+06  5.1202E+04 -1.1284E+05
0000365   2.4154E+06  7.4084E+04  6.5494E+04
0000366   2.4048E+06 -2.3150E+04  5.4483E+04
0000367   2.4384E+06  2.6750E+04 -1.2986E+04
0000368   2.4359E+06  1.9134E+04  1.8028E+05
0000369   2.3728E+06 -3.7426E+04  8.6208E+04
0000370   2.3711E+06  9.0066E+03  8.0995E+04
0000371   2.3892E+06  6.6040E+04 -1.9381E+04
0000372   2.4141E+06 -8.2287E+02  9.6813E+03
0000373   2.4137E+06 -5.7673E+04  8.5887E+04
0000374   2.4153E+06  3.5220E+04  8.1862E+04
0000375   2.4354E+06 -1.6464E+04  2.7494E+03
0000376   2.3548E+06  1.5609E+05  2.9638E+05
0000377   2.4872E+06  1.1179E+05  4.0416E+04
0000378   2.4358E+06  1.0960E+05 -3.1344E+04
0000379   2.3802E+06  1.5711E+04  6.4958E+04
0000380   2.3631E+06  1.0893E+05 -3.8816E+04
0000381   2.3634E+06  3.0404E+05  3.7734E+05
0000382   2.3667E+06  1.2896E+05 -3.8211E+05
0000383   2.4334E+06 -3.8605E+04 -3.0363E+04
0000384   2.3773E+06 -8.8516E+04 -4.0425E+04
0000385   2.3881E+06  5.1233E+03  2.3457E+04
0000386   2.3905E+06  1.9113E+04 -8.7064E+03
0000387   2.4038E+06  3.2075E+04  4.1547E+04
0000388   2.3956E+06  2.3868E+03  9.5831E+04
0000389   2.3575E+06  1.0922E+04 -4.2602E+04
0000390   2.3789E+06 -6.1024E+04  8.7538E+04
0000391   2.3826E+06  4.3511E+04  7.9285E+03
0000392   2.3110E+06  2.5486E+05 -5.8410E+04
0000393   2.4606E+06 -1.3605E+04  1.0810E+05
0000394   2.4407E+06  1.0275E+05 -3.6318E+04
0000395   2.4285E+06  8.9837E+04 -1.0077E+05
0000396   2.4826E+06 -7.5368E+04  2.5681E+05
0000397   2.3437E+06 -2.7022E+05  8.0375E+04
0000398   2.4184E+06 -6.9340E+04 -1.3725E+03
0000399   2.3662E+06 -1.0171E+05  7.9605E+04
0000400   2.4303E+06 -3.4732E+04  3.0404E+04
0000401   2.4939E+06 -1.1970E+05  2.8672E+03
0000402   2.4040E+06 -1.1894E+05 -1.5792E+05
0000403   2.3899E+06 -4.1731E+04  1.0257E+05
0000404   2.3537E+06 -3.0486E+04  1.7650E+04
0000405   2.4300E+06 -3.1609E+04 -4.0552E+04
0000406   2.4171E+06  7.3551E+02 -7.6262E+04
0000407   2.4055E+06 -2.9167E+04 -1.7664E+04
0000408   2.3682E+06 -5.4451E+04  7.8420E+03
0000409   2.5020E+06 -7.9940E+04 -2.1295E+03
0000410   2.3936E+06 -4.1853E+04 -4.2928E+04
0000411   2.4287E+06  1.5569E+05  9.1083E+04
0000412   2.3493E+06 -2.7149E+04 -1.5959E+04
0000413   2.3725E+06  9.3435E+04 -4.3239E+04
0000414   2.3787E+06 -8.3166E+03 -4.1493E+04
0000415   2.4369E+06  1.2073E+05  1.9082E+02
0000416   2.3494E+06 -1.5796E+04 -2.0028E+04
0000417   2.3977E+06  6.9466E+03  5.9298E+04
0000418   2.3769E+06 -2.2951E+05  2.1089E+05
0000419   2.3757E+06  7.6616E+04  3.4539E+03
0000420   2.3549E+06 -9.5178E+04 -9.9084E+04
0000421   2.4422E+06  5.4375E+04  5.1452E+04
0000422   2.3715E+06 -1.4475E+04 -4.0299E+04
0000423   2.4314E+06 -1.1045E+04 -3.0170E+04
0000424   2.4323E+06  6.9700E+04 -7.6970E+03
0000425   2.4044E+06 -2.3561E+04 -7.5815E+04
0000426   2.3421E+06 -1.5847E+05  8.1231E+04
0000427   2.4218E+06 -4.0936E+04  1.2974E+05
0000428   2.3933E+06  1.0539E+05  1.7935E+03
0000429   2.3984E+06  9.0470E+04  8.4325E+04
0000430   2.3568E+06  4.0053E+04  6.6593E+03
0000431   2.4332E+06 -1.1408E+05 -7.5533E+04
0000432   2.4305E+06 -7.0986E+03  4.5190E+04
0000433   2.4839E+06  2.6867E+04 -3.3300E+04
0000434   2.4039E+06 -2.3758E+05  1.4930E+05
0000435   2.4196E+06  9.4990E+03  7.9884E+04
0000436   2.3976E+06 -8.5921E+04  1.7715E+04
0000437   2.4108E+06  1.5000E+04  6.7194E+04
0000438   2.3470E+06 -5.8872E+04 -8.6018E+04
0000439   2.3838E+06  7.4355E+04  3.5878E+04
0000440   2.3688E+06 -7.6700E+04 -3.8481E+04
0000441   2.4455E+06 -3.3869E+04 -8.1899E+04
0000442   2.4321E+06 -8.4649E+04  5.4826E+04
0000443   2.4658E+06  8.6047E+04  4.0108E+04
0000444   2.4505E+06 -1.6077E+04 -5.4090E+04
0000445   2.4263E+06 -8.5392E+04  1.0478E+05
0000446   2.3987E+06 -1.2044E+04  6.1189E+03
0000447   2.4500E+06 -9.7585E+04 -1.6685E+04
0000448   2.4169E+06  4.6905E+04  2.8845E+04
0000449   2.3551E+06 -6.2553E+04 -2.3427E+04
0000450   2.4497E+06 -1.1440E+04  1.2352E+04
0000451   2.3989E+06  9.1415E+04  5.5762E+04
0000452   2.3564E+06  5.2404E+04 -8.1865E+04
0000453   2.4901E+06  8.2331E+03 -3.5263E+04
0000454   2.4603E+06 -1.7002E+04 -2.8259E+04
0000455   2.4540E+06 -5.2613E+04  8.6110E+04
0000456   2.3911E+06 -2.9579E+04 -8.9814E+04
0000457   2.4005E+06 -2.2357E+04 -8.1533E+04
0000458   2.3421E+06 -1.4912E+05  1.2135E+05
0000459   2.3569E+06 -2.5678E+04  3.7526E+04
0000460   2.4164E+06 -1.0290E+05 -1.4435E+04
0000461   2.4416E+06 -2.8148E+04 -3.3273E+04
0000462   2.3641E+06  8.1946E+04 -2.1975E+04
0000463   2.4430E+06  6.7546E+04  8.4781E+04
0000464   2.4331E+06 -1.0612E+05  1.4710E+04
0000465   2.4238E+06  4.8070E+04  9.3154E+04
0000466   2.4100E+06  4.0550E+04 -1.0138E+05
0000467   2.3979E+06  3.4880E+04  6.0358E+04
0000468   2.4223E+06  2.5899E+04 -6.8843E+04
0000469   2.3978E+06  3.7789E+04 -6.6863E+04
0000470   2.3877E+06  1.1156E+05  9.0825E+04
0000471   2.4432E+06 -1.2140E+05  5.4551E+04
0000472   2.4217E+06  3.8721E+04 -1.0951E+05
0000473   2.3353E+06  1.0653E+05 -1.2234E+05
0000474   2.3799E+06  1.4302E+04 -5.6034E+04
0000475   2.4324E+06  6.1250E+04  4.5093E+04
0000476   2.4884E+06 -7.0472E+04  1.2330E+05
0000477   2.3955E+06 -8.7839E+04  6.5787E+03
0000478   2.4397E+06  5.1181E+04  1.3315E+05
0000479   2.3949E+06 -1.8344E+05 -5.7949E+04
0000480   2.4470E+06 -1.3448E+03  4.1306E+03
0000481   2.3165E+06  6.8422E+04  5.0318E+04
0000482   2.3651E+06 -3.7363E+04  9.8535E+04
0000483   2.4331E+06 -4.8092E+03  5.7379E+04
0000484   2.3832E+06 -6.2446E+03 -3.8193E+04
0000485   2.4467E+06  5.9240E+04  2.6326E+04
0000486   2.3628E+06 -7.7883E+04 -8.7781E+04
0000487   2.4292E+06  2.4242E+05  1.3579E+05
0000488   2.3434E+06  7.8700E+04  1.8234E+05
0000489   2.4150E+06 -8.0530E+04 -6.2175E+04
0000490   2.3915E+06  2.9902E+05  7.1670E+03
0000491   2.4716E+06  9.0910E+04  1.6233E+05
0000492   2.4644E+06 -6.9292E+04 -1.4109E+05
0000493   2.3456E+06  2.6669E+03  4.9044E+04
0000494   2.4730E+06 -4.6638E+04 -3.6847E+04
0000495   2.3243E+06  1.2129E+05 -1.1896E+05
0000496   2.4229E+06  3.6462E+04  3.4334E+04
0000497   2.4229E+06 -2.0613E+04 -9.2986E+03
0000498   2.4591E+06 -1.1760E+05 -2.0994E+03
0000499   2.3954E+06  7.5791E+04  2.0757E+04
0000500   2.4728E+06 -4.5677E+04 -1.5970E+03
0000501   2.4407E+06 -2.5019E+04  2.1641E+04
0000502   2.4285E+06 -3.1586E+04 -7.1148E+03
0000503   2.4370E+06 -1.7775E+04  2.8669E+03
0000504   2.3957E+06 -1.0666E+05  1.8039E+05
0000505   2.4373E+06 -1.8337E+05 -1.7657E+04
0000506   2.4240E+06  8.6306E+04 -1.7800E+04
0000507   2.4163E+06 -5.1765E+04  1.2267E+05
0000508   2.3809E+06 -4.4673E+04 -9.9758E+03
0000509   2.3938E+06  9.1953E+03 -9.8041E+04
0000510   2.4427E+06 -4.9797E+04  3.2086E+04
0000511   2.5146E+06  1.0883E+05  1.2037E+04
0000512   2.4274E+06  3.0868E+04 -4.4515E+04
0000513   2.3843E+06 -4.4907E+04 -1.3714E+04
0000514   2.3786E+06  1.5888E+05  2.9125E+05
0000515   2.4071E+06  2.4800E+04  2.6513E+04
0000516   2.4771E+06  2.4951E+04  6.5431E+03
0000517   2.4602E+06  7.3997E+04 -4.7708E+03
0000518   2.3965E+06 -3.8005E+04 -1.7186E+02
0000519   2.3523E+06  2.3456E+04  5.2986E+04
0000520   2.4013E+06  1.4756E+03 -6.8443E+04
0000521   2.4534E+06  1.4581E+05 -4.7085E+04
0000522   2.3950E+06 -5.5387E+04  6.8282E+04
0000523   2.3659E+06 -5.9402E+04  7.1467E+04
0000524   2.4340E+06 -1.3539E+05  9.6553E+04
0000525   2.3355E+06 -1.5248E+05  1.8658E+04
0000526   2.4928E+06 -1.0473E+04 -6.7506E+04
0000527   2.4293E+06 -4.3236E+03 -5.1907E+04
0000528   2.3733E+06 -7.5767E+04  6.5330E+04
0000529   2.4099E+06  1.5645E+04 -1.5968E+05
0000530   2.3849E+06 -7.0499E+03 -1.0332E+05
0000531   2.4279E+06  1.4859E+04 -7.4706E+04
0000532   2.3620E+06 -1.2248E+05 -1.5187E+05
0000533   2.3825E+06  3.8458E+04 -1.2951E+05
0000534   2.4259E+06 -1.9250E+04 -8.2798E+04
0000535   2.4524E+06 -1.1489E+05  7.1168E+03
0000536   2.4702E+06  1.6764E+05 -5.6433E+04
0000537   2.4064E+06  2.2651E+04  4.7556E+04
0000538   2.4401E+06  1.1439E+04  5.8813E+04
0000539   2.4228E+06  9.9264E+04  3.1462E+03
0000540   2.4568E+06  4.4098E+03  7.4384E+04
0000541   2.4436E+06  1.3002E+05  4.6911E+04
0000542   2.3452E+06  5.3770E+04 -1.2484E+04
0000543   2.3998E+06  6.7645E+04  4.1412E+04
0000544   2.4169E+06  2.5990E+04 -5.3761E+04
0000545   2.4130E+06 -1.2436E+05 -6.0568E+04
0000546   2.4234E+06 -7.3158E+04 -2.0483E+05
0000547   2.4967E+06  6.3909E+04  7.1070E+04
0000548   2.4678E+06  8.8899E+03  3.3546E+04
0000549   2.4006E+06 -5.5875E+04 -1.9562E+04
0000550   2.3759E+06 -1.7235E+04  1.8265E+05
0000551   2.4553E+06 -4.4181E+03 -7.5266E+04
0000552   2.3988E+06 -3.2277E+04  4.2470E+04
0000553   2.3799E+06  5.1515E+04  2.6092E+04
0000554   2.4505E+06 -2.9506E+04 -6.5911E+04
0000555   2.4279E+06  1.7782E+04  2.0295E+04
0000556   2.4706E+06 -3.5315E+04 -3.5305E+04
0000557   2.3860E+06  7.5572E+04  3.0296E+04
0000558   2.4234E+06  1.6832E+05  2.7130E+03
0000559   2.4171E+06 -2.3457E+04  2.1408E+04
0000560   2.3692E+06  4.8760E+04 -1.1537E+04
0000561   2.4455E+06 -1.8926E+04  2.1215E+04
0000562   2.4049E+06 -1.1696E+05 -3.7082E+04
0000563   2.3115E+06  3.6256E+04 -8.0948E+03
0000564   2.3581E+06  7.2475E+04  1.4832E+05
0000565   2.4201E+06 -7.1573E+04 -6.7284E+03
0000566   2.4123E+06 -1.1884E+05 -1.2621E+04
0000567   2.3480E+06  9.4004E+04 -6.6678E+04
0000568   2.4240E+06  5.5201E+03  4.5829E+04
0000569   2.4064E+06 -6.7601E+04  2.9006E+04
0000570   2.3868E+06  5.8624E+04 -1.6227E+04
0000571   2.4162E+06  6.6649E+04 -2.2636E+05
0000572   2.4196E+06  6.5915E+04  7.8348E+04
0000573   2.2527E+06  5.2764E+05 -4.5461E+05
0000574   2.4059E+06 -4.8883E+04  3.4399E+04
0000575   2.4530E+06  7.3290E+04 -9.2180E+04
0000576   2.3677E+06 -2.1073E+03 -4.9722E+04
0000577   2.4220E+06  6.5679E+04  3.3180E+04
0000578   2.3917E+06 -6.8806E+04 -2.1224E+04
0000579   2.4616E+06 -2.3134E+04 -8.8095E+03
0000580   2.4334E+06  5.7878E+03 -5.7789E+04
0000581   2.4508E+06 -6.0903E+04  4.4685E+04
0000582   2.4740E+06 -4.2746E+04 -4.7316E+04
0000583   2.4239E+06  9.4217E+04  1.5284E+05
0000584   2.3962E+06 -6.2744E+03 -2.1416E+04
0000585   2.3982E+06  1.7072E+04 -1.7095E+04
0000586   2.4325E+06 -4.5834E+04 -8.2520E+04
0000587   2.4560E+06  9.6909E+03  2.6933E+04
0000588   2.4346E+06 -1.6377E+05  1.2270E+05
0000589   2.3998E+06  7.6410E+04 -7.4435E+04
0000590   2.4252E+06  7.2693E+04  4.7151E+04
0000591   2.4062E+06 -1.0142E+05  1.3994E+05
0000592   2.3300E+06 -9.6069E+04 -9.8068E+04
0000593   2.3572E+06  1.6587E+04  1.0214E+04
0000594   2.4131E+06 -1.2358E+05  5.0362E+04
0000595   2.4179E+06 -2.0711E+04 -1.2030E+05
0000596   2.3717E+06 -1.0043E+05 -9.1841E+04
0000597   2.3774E+06  1.8163E+04 -7.1484E+03
0000598   2.3889E+06 -3.3933E+05  7.9551E+04
0000599   2.4536E+06 -4.7055E+03 -1.4721E+04
0000600   2.4661E+06  1.2664E+05  2.7220E+05
0000601   2.4265E+06  8.4827E+04 -5.9381E+04
0000602   2.3709E+06  5.9071E+04  3.1116E+04
0000603   2.3747E+06  1.2592E+05  1.4121E+05
0000604   2.4204E+06 -6.4878E+04 -3.8514E+04
0000605   2.4720E+06  2.5099E+04  7.1668E+03
0000606   2.3966E+06 -2.4311E+05  1.1512E+05
0000607   2.4060E+06  3.6482E+03  1.9536E+04
0000608   2.4288E+06  4.9386E+03 -1.6687E+04
0000609   2.3959E+06 -8.0717E+04  1.7117E+04
0000610   2.3936E+06 -2.7066E+03  4.9562E+03
0000611   2.3648E+06  5.0372E+04  5.4862E+04
0000612   2.4285E+06 -1.7228E+04 -1.2666E+05
0000613   2.4326E+06  5.7216E+04  9.7639E+04
0000614   2.4920E+06 -1.1776E+05 -4.6844E+04
0000615   2.3328E+06 -1.2664E+05  3.4181E+04
0000616   2.3945E+06 -3.5454E+04 -3.3540E+04
0000617   2.3971E+06  9.5410E+04  6.1795E+04
0000618   2.4548E+06  3.1003E+04  5.5463E+03
0000619   2.3979E+06 -1.7716E+05 -5.4240E+03
0000620   2.3525E+06 -1.3475E+05 -1.1513E+05
0000621   2.4520E+06 -1.4792E+05 -7.7176E+04
0000622   2.4542E+06  9.7893E+04  5.2892E+04
0000623   2.4550E+06  1.2288E+04  1.4619E+04
0000624   2.4368E+06 -1.2898E+05  9.4399E+04
0000625   2.4143E+06 -6.5167E+04  5.1976E+04
0000626   2.4382E+06 -2.5807E+04 -5.4536E+03
0000627   2.4481E+06  8.9903E+04 -4.9904E+04
0000628   2.3905E+06 -4.5173E+04 -2.0578E+04
0000629   2.4130E+06  8.8700E+04 -3.1489E+05
0000630   2.3845E+06  1.1481E+05  6.2371E+03
0000631   2.4057E+06 -8.7431E+04  3.0322E+04
0000632   2.3653E+06  1.2736E+05 -2.1151E+04
0000633   2.4555E+06 -6.2494E+02  1.3949E+03
0000634   2.4191E+06 -6.3312E+04  4.3558E+04
0000635   2.3198E+06  1.1914E+05 -1.6289E+05
0000636   2.3846E+06 -1.0422E+05 -8.3790E+04
0000637   2.3781E+06  1.7724E+04 -6.3541E+04
0000638   2.4088E+06  3.2314E+04 -6.0409E+04
0000639   2.3863E+06 -2.8795E+04  1.3140E+04
0000640   2.3533E+06  2.0558E+04 -4.0853E+04
0000641   2.4537E+06 -8.9285E+04  4.1595E+04
0000642   2.3635E+06  1.3711E+05  7.5066E+04
0000643   2.3832E+06 -2.5614E+04 -6.6470E+04
0000644   2.4580E+06 -4.8429E+04 -1.2363E+05
0000645   2.4590E+06 -8.9271E+04 -1.2112E+05
0000646   2.4583E+06 -8.7867E+04  5.3749E+04
0000647   2.3764E+06  1.4983E+05 -3.6909E+04
0000648   2.3565E+06 -2.3002E+04  3.5609E+04
0000649   2.3990E+06  7.0193E+04 -1.3203E+05
0000650   2.4777E+06 -1.3482E+05  1.0649E+05
0000651   2.3854E+06  6.5373E+04  6.7104E+04
0000652   2.3801E+06  2.0462E+04 -1.7089E+04
0000653   2.4299E+06  4.3511E+04  3.6029E+04
0000654   2.3503E+06 -3.1439E+05 -1.0259E+05
0000655   2.4316E+06  9.6754E+04  1.3889E+05
0000656   2.3721E+06  2.8665E+03 -5.7020E+03
0000657   2.4396E+06  2.8226E+04  1.6191E+04
0000658   1.4101E+06  1.5388E+06  5.2962E+05
0000659   2.4205E+06  1.5918E+04 -1.9145E+04
0000660   2.4823E+06 -3.9556E+02 -7.6399E+04
0000661   2.4049E+06  1.6006E+04  1.9555E+05
0000662   2.3917E+06  9.0453E+04 -5.5484E+04
0000663   2.3721E+06  4.7453E+03 -1.3421E+05
0000664   2.4295E+06 -5.9481E+04  2.4647E+04
0000665   2.4753E+06 -6.3545E+04 -9.5482E+04
0000666   2.3957E+06 -1.2865E+05 -2.3484E+04
0000667   2.3937E+06  5.9667E+04 -3.3273E+04
0000668   2.4847E+06  1.2357E+05  7.0710E+04
0000669   2.3867E+06 -9.5749E+03  9.7431E+04
0000670   2.4667E+06 -1.3330E+05 -3.8791E+04
0000671   2.3890E+06 -6.3480E+04 -3.6644E+04
0000672   2.3842E+06  2.5140E+04  6.2860E+03
0000673   2.4576E+06  2.1092E+04  5.8419E+03
0000674   2.3747E+06 -8.3698E+04  3.7596E+04
0000675   2.4518E+06 -1.1806E+04  1.3980E+05
0000676   2.4019E+06 -6.2721E+04 -2.0419E+04
0000677   2.3962E+06 -2.1936E+04 -4.5819E+04
0000678   2.4023E+06  1.2288E+05 -2.6331E+04
0000679   2.4394E+06  1.1692E+05 -2.8955E+04
0000680   2.4396E+06  4.0366E+04 -1.0344E+05
0000681   2.4237E+06  1.4763E+04  2.1684E+03
0000682   2.3766E+06 -5.5629E+04 -7.1033E+04
0000683   2.4058E+06  1.5777E+05  2.1163E+04
0000684   2.3980E+06  1.0377E+05 -9.4360E+04
0000685   2.4256E+06 -9.0249E+03 -9.1544E+04
0000686   2.3469E+06 -1.3402E+05  4.1817E+04
0000687   2.3857E+06  4.7105E+04 -7.6127E+04
0000688   2.4340E+06  2.7840E+04  4.1892E+03
0000689   2.3785E+06 -1.4410E+05  7.8843E+04
0000690   2.3617E+06 -1.8644E+05 -2.0070E+05
0000691   2.4661E+06 -3.2096E+04  8.6048E+04
0000692   2.4366E+06  2.0930E+04 -2.0470E+04
0000693   2.3935E+06  8.2659E+04  5.8089E+04
0000694   2.3422E+06 -1.4107E+05  1.2180E+05
0000695   2.3894E+06 -2.0135E+05 -2.0395E+05
0000696   2.3954E+06  4.9391E+04  6.9684E+04
0000697   2.4324E+06 -1.0092E+05 -1.9000E+04
0000698   2.4092E+06  5.1654E+04 -1.1184E+05
0000699   2.4409E+06  1.4238E+04  6.0785E+04
0000700   2.5134E+06  1.5456E+05  9.6094E+04
0000701   2.3843E+06  6.3973E+04 -1.7852E+04
0000702   2.4014E+06  4.8256E+04 -8.1798E+04
0000703   2.3991E+06 -4.1736E+04 -1.0001E+05
0000704   2.3970E+06 -1.4651E+05 -5.4872E+04
0000705   2.3645E+06 -2.5049E+04  3.0211E+04
0000706   2.3595E+06 -1.1805E+05  1.7019E+04
0000707   2.4440E+06  7.8862E+04 -1.1322E+04
0000708   2.4105E+06 -1.6324E+05 -1.7047E+04
0000709   2.4208E+06  9.6503E+04 -1.4245E+05
0000710   2.4384E+06  9.9531E+04  3.8290E+04
0000711   2.4418E+06 -4.5757E+04 -5.0222E+04
0000712   2.4133E+06 -2.2783E+05  2.8050E+04
0000713   2.3983E+06  1.2594E+04  7.4184E+04
0000714   2.3530E+06  1.4710E+04  9.3815E+03
0000715   2.4730E+06 -4.5329E+04 -7.4377E+03
0000716   2.3983E+06  7.0633E+04 -2.3758E+04
0000717   2.3884E+06  1.1943E+05  4.0863E+04
0000718   2.4109E+06  8.5248E+04 -1.1327E+04
0000719   2.4399E+06  3.6519E+04 -3.5698E+04
0000720   2.4358E+06  2.0899E+03 -2.1805E+04
0000721   2.4069E+06 -2.1268E+04 -2.6973E+05
0000722   2.4492E+06  6.4446E+04 -7.7369E+04
0000723   2.3738E+06 -8.0716E+03  7.3781E+03
0000724   2.4304E+06  1.1617E+05 -2.3330E+04
0000725   2.3879E+06 -1.0962E+05  1.3855E+05
0000726   2.4067E+06  8.2666E+04  6.9362E+04
0000727   2.3950E+06  1.7869E+05  1.3008E+04
0000728   2.3532E+06  8.8005E+04 -3.8724E+05
0000729   2.4306E+06 -5.3338E+04 -2.3976E+05
0000730   2.4307E+06  3.7199E+04 -2.2152E+04
0000731   2.4283E+06  4.1131E+04 -4.9801E+04
0000732   2.3699E+06  2.1884E+04 -1.9339E+04
0000733   2.4143E+06  2.8706E+04  3.4943E+04
0000734   2.3636E+06  1.1101E+05 -1.4186E+04
0000735   2.4755E+06 -1.1402E+04 -3.6987E+04
0000736   2.3794E+06  1.0152E+05 -6.6511E+04
0000737   2.3862E+06  1.0695E+05 -6.2555E+04
0000738   4.4256E+05 -4.5956E+05 -5.1057E+05
0000739   2.4461E+06 -8.6519E+04  8.3696E+04
0000740   2.4127E+06 -1.7951E+04 -1.1209E+05
0000741   2.3126E+06  3.1641E+05 -4.4112E+05
0000742   2.4486E+06 -1.7271E+04 -4.8300E+04
0000743   2.4161E+06  1.7216E+05 -9.7519E+04
0000744   2.4180E+06 -1.3486E+03  5.1981E+03
0000745   2.3625E+06 -2.1935E+05 -8.4421E+04
0000746   2.3543E+06 -3.4876E+05  1.5105E+05
0000747   2.3813E+06  5.7143E+04  2.0733E+04
0000748   2.4200E+06  7.3646E+04 -2.1979E+05
0000749   2.4423E+06 -2.5205E+04 -8.5943E+04
0000750   2.3537E+06  3.7330E+04 -2.1725E+04
0000751   2.3772E+06  5.1812E+04  2.0755E+04
0000752   2.4298E+06 -1.0611E+04 -9.9864E+03
0000753   2.3875E+06 -1.6399E+04  1.8773E+05
0000754   2.4537E+06  7.7555E+04 -4.3480E+04
0000755   2.4168E+06  9.7703E+04  1.5309E+05
0000756   2.4569E+06  1.3229E+05 -4.0160E+03
0000757   2.4505E+06 -1.1499E+04  1.2195E+05
0000758   2.3325E+06 -1.4205E+05  1.3270E+05
0000759   2.4081E+06  1.4604E+05  8.2513E+04
0000760   2.4498E+06 -9.8263E+04 -6.2199E+04
0000761   2.3813E+06  1.2930E+05  9.0473E+03
0000762   2.4411E+06 -1.0826E+05 -1.3433E+05
0000763   2.4223E+06 -1.9465E+05  1.7307E+05
0000764   2.4159E+06  2.0862E+04  1.0747E+05
0000765   2.3972E+06 -1.0897E+04  8.2972E+03
0000766   2.4083E+06 -5.9205E+04 -2.9384E+04
0000767   2.4471E+06 -6.5694E+04  1.2514E+05
0000768   2.3541E+06 -8.2851E+04  2.2342E+04
0000769   2.4717E+06  4.1513E+04  7.1640E+04
0000770   2.4306E+06  2.5032E+04  2.1376E+05
0000771   2.4708E+06 -1.0989E+05  4.4897E+04
0000772   2.3159E+06 -6.5049E+04 -5.9868E+04
0000773   2.4047E+06  1.1522E+05 -2.6825E+04
0000774   2.4562E+06  9.8844E+04  4.3691E+04
0000775   2.3152E+06  1.6747E+05 -9.9275E+04
0000776   2.3970E+06 -4.4889E+04 -7.2940E+02
0000777   2.3738E+06  2.8255E+02  1.3062E+04
0000778   2.2541E+06  1.2330E+04  1.6499E+05
0000779   2.4402E+06 -2.8743E+04  1.0646E+05
0000780   2.5043E+06 -9.8747E+04  9.9047E+03
0000781   2.4309E+06  2.0069E+04  9.1914E+04
0000782   2.3585E+06 -1.0413E+05 -9.1930E+04
0000783   2.4592E+06 -5.6376E+04  5.8076E+04
0000784   2.4885E+06 -2.4542E+04 -7.8208E+04
0000785   2.3819E+06 -3.7580E+04  1.8961E+05
0000786   2.3909E+06 -7.5923E+03  9.7969E+04
0000787   2.4036E+06 -2.0032E+05 -5.4262E+04
0000788   2.3628E+06 -1.5189E+04 -1.3133E+05
0000789   2.4056E+06 -5.0052E+04 -4.1504E+04
0000790   2.4041E+06 -1.1615E+05 -1.1934E+05
0000791   2.4632E+06 -6.3892E+03 -8.8126E+04
0000792   2.4331E+06 -5.8767E+04  1.0476E+04
0000793   2.4633E+06  2.3136E+04  4.6995E+04
0000794   2.4331E+06  2.8166E+04  8.1679E+03
0000795   2.3835E+06 -2.0745E+05 -1.9069E+05
0000796   2.3887E+06 -9.0314E+04  3.1724E+05
0000797   2.4021E+06  5.6102E+04  1.0789E+05
0000798   2.3844E+06  3.7734E+04  7.2417E+02
0000799   2.3316E+06  1.6049E+04  5.9986E+04
0000800   2.4023E+06 -1.6681E+05 -1.0917E+05
0000801   2.3984E+06 -8.1272E+04 -3.4742E+04
0000802   2.4489E+06  1.2097E+04  4.0849E+04
0000803   2.4249E+06  7.0561E+04 -9.0641E+04
0000804   2.3891E+06  2.2014E+04  1.3994E+04
0000805   2.4437E+06 -1.7297E+04  9.0146E+03
0000806   2.3629E+06  3.2689E+04  8.9383E+04
0000807   2.4312E+06  7.4771E+04 -2.3285E+04
0000808   2.4238E+06 -1.2396E+05 -2.2280E+04
0000809   2.4493E+06  5.4741E+04 -4.4812E+04
0000810   2.4711E+06 -6.3125E+04  7.1496E+04
0000811   2.4215E+06  2.5317E+04  3.6367E+03
0000812   2.4254E+06 -3.1234E+04  2.5403E+04
0000813   2.4216E+06 -4.0966E+04  2.1238E+03
0000814   2.4201E+06 -1.8326E+05 -4.6453E+04
0000815   2.4184E+06  3.7122E+04  1.7101E+05
0000816   2.4278E+06 -2.5337E+04 -2.1596E+04
0000817   2.5094E+06  1.3111E+05 -1.4077E+05
0000818   2.3548E+06  2.0028E+04  1.2287E+03
0000819   2.4524E+06 -3.7802E+03  4.2691E+04
0000820   2.4082E+06  1.0312E+05 -6.5777E+04
0000821   2.4474E+06  2.6710E+04 -8.8452E+04
0000822   2.3889E+06 -1.0638E+05 -2.4523E+04
0000823   2.4294E+06  2.4679E+04 -8.7537E+04
0000824   2.4699E+06  4.2698E+04 -5.2674E+04
0000825   2.4471E+06 -1.7765E+05 -5.0363E+04
0000826   2.4127E+06  8.4791E+04 -6.4383E+04
0000827   2.3172E+06  1.0445E+05  5.6560E+04
0000828   2.4247E+06  6.5867E+04 -6.7878E+04
0000829   2.3589E+06  8.9592E+04  1.4801E+05
0000830   2.3783E+06 -6.1245E+04 -1.2041E+04
0000831   2.4061E+06 -4.5293E+04 -1.1514E+04
0000832   2.4574E+06  1.1794E+05  7.3059E+04
0000833   2.3795E+06  7.5937E+04  4.9827E+04
0000834   2.3894E+06 -1.0865E+05 -1.2191E+04
0000835   2.4227E+06 -7.7266E+04  2.9821E+03
0000836   2.4159E+06  2.3974E+04 -7.9365E+04
0000837   2.3985E+06 -1.3047E+05 -1.4366E+05
0000838   2.4007E+06  3.3371E+03 -5.3988E+04
0000839   2.3740E+06  1.9761E+04 -5.5982E+04
0000840   2.3993E+06  8.4805E+03 -1.1637E+05
0000841   2.4093E+06  2.6803E+04 -1.1951E+04
0000842   2.4833E+06 -6.9078E+04 -6.2113E+03
0000843   2.4284E+06  1.2550E+05  1.3081E+05
0000844   2.4030E+06  4.5724E+04  5.8319E+04
0000845   2.4935E+06 -5.4263E+04  2.0733E+04
0000846   2.4043E+06  2.9425E+05  1.5697E+05
0000847   2.4438E+06 -5.7127E+04  9.3003E+04
0000848   2.4472E+06 -4.5230E+04  4.2604E+04
0000849   2.3839E+06  2.1632E+04  2.2214E+04
0000850   2.4388E+06  6.7255E+04  4.4190E+04
0000851   2.3638E+06 -2.7182E+04 -4.0273E+04
0000852   2.3677E+06 -1.2488E+04  1.0531E+05
0000853   2.4049E+06  5.0188E+04 -4.4798E+04
0000854   2.4017E+06  1.0128E+05 -6.6252E+04
0000855   2.4170E+06  1.5802E+03  1.9424E+04
0000856   2.4479E+06  1.4916E+03  4.9890E+03
0000857   2.4409E+06  1.7589E+04  4.1889E+04
0000858   2.3980E+06  7.8884E+04 -3.3349E+04
0000859   2.4077E+06 -5.3445E+04  4.3136E+04
0000860   2.3749E+06 -3.2455E+04  2.4841E+04
0000861   2.4552E+06 -1.0909E+04 -1.4720E+04
0000862   2.3921E+06 -1.1306E+05 -8.6536E+04
0000863   2.3730E+06  1.6310E+05 -1.2504E+05
0000864   2.4308E+06 -1.4047E+05  7.2210E+04
0000865   2.4331E+06  3.9060E+04 -1.1955E+05
0000866   2.3523E+06  3.2736E+04  3.0909E+04
0000867   2.3720E+06 -3.8380E+04 -1.0089E+05
0000868   2.4197E+06  3.7890E+04  9.9387E+04
0000869   2.3769E+06 -8.8145E+04  1.7750E+05
0000870   2.4198E+06  6.1577E+03  3.3057E+05
0000871   2.3354E+06 -3.3904E+04 -4.7648E+04
0000872   2.4403E+06 -1.8160E+04  1.3048E+05
0000873   2.4074E+06 -8.8097E+03  5.2014E+03
0000874   2.3825E+06  1.1369E+05  1.5711E+05
0000875   2.4535E+06  3.2373E+03 -1.0030E+03
0000876   2.4120E+06  9.8348E+04  9.5424E+04
0000877   2.3805E+06  2.3368E+04  1.0037E+05
0000878   2.4546E+06 -1.1265E+05  6.2179E+04
0000879   2.4147E+06  3.5857E+04  3.7196E+04
0000880   2.3564E+06  1.2235E+05  8.0177E+04
0000881   2.3749E+06  2.2443E+04  8.5388E+04
0000882   2.4150E+06  4.4213E+03  6.6131E+04
0000883   2.3609E+06  1.6868E+05 -4.6386E+04
0000884   2.3834E+06  1.2371E+04  1.0993E+05
0000885   2.4371E+06 -4.9534E+04 -1.0892E+04
0000886   2.3662E+06  5.6854E+04 -1.0419E+04
0000887   2.4262E+06  3.5464E+04 -6.8644E+03
0000888   2.4303E+06 -3.8939E+04  3.8438E+04
0000889   2.3812E+06 -7.3076E+04  3.5945E+04
0000890   2.4328E+06 -1.0927E+05  8.5637E+04
0000891   2.3423E+06 -1.5117E+05  4.8719E+04
0000892   2.3462E+06  5.1566E+04  7.0075E+04
0000893   2.3780E+06  4.2236E+04  1.7319E+04
0000894   2.3858E+06  1.3837E+05  5.3514E+04
0000895   2.4188E+06 -4.0414E+04 -5.7128E+04
0000896   2.4078E+06  7.4041E+04  4.2149E+04
0000897   2.3769E+06  8.2889E+03 -6.8900E+04
0000898   2.4163E+06  7.4345E+04 -6.1910E+04
0000899   2.3685E+06 -1.1115E+05  1.7064E+04
0000900   2.4444E+06  2.2015E+05 -1.7040E+05
0000901   2.3483E+06 -1.8107E+05 -3.9208E+04
0000902   2.4251E+06  6.2758E+04  8.1344E+03
0000903   2.4007E+06  1.2345E+04 -1.2229E+05
0000904   2.5324E+06 -7.3404E+04 -8.4195E+04
0000905   2.3605E+06 -3.1830E+04  6.0744E+04
0000906   2.4542E+06  1.6072E+04 -2.1837E+04
0000907   2.1274E+06  7.9211E+04 -6.9504E+05
0000908   2.3852E+06 -1.2444E+05 -8.8322E+04
0000909   2.4260E+06 -1.1519E+04  9.5117E+04
0000910   2.4029E+06  2.3004E+04 -7.0379E+04
0000911   2.3755E+06 -8.6730E+03  4.4046E+04
0000912   2.4624E+06  4.1617E+03 -8.9007E+04
0000913   2.4235E+06  9.5986E+04 -3.8795E+04
0000914   2.4036E+06 -1.6335E+04  3.1853E+04
0000915   2.3833E+06  1.2223E+05  2.8010E+04
0000916   2.3839E+06 -1.5526E+04 -3.3318E+04
0000917   2.4075E+06  6.8022E+04  5.2182E+04
0000918   2.4087E+06  8.3650E+04  4.8244E+04
0000919   2.4490E+06  5.9739E+04  1.2155E+03
0000920   2.3429E+06 -6.4580E+04  4.6504E+03
0000921   2.4023E+06  7.3942E+03  6.6699E+03
0000922   2.4334E+06  5.5455E+04 -1.8403E+05
0000923   2.4027E+06  1.6581E+04 -7.2273E+03
0000924   2.3951E+06  6.6723E+04 -6.2874E+04
0000925   2.2784E+06  1.5198E+05  1.6525E+05
0000926   2.4021E+06  4.1611E+04  5.1853E+04
0000927   2.3984E+06  3.6176E+04 -4.1678E+04
0000928   2.2293E+06  4.2096E+05  5.0572E+05
0000929   2.4166E+06  7.0711E+04 -4.4043E+03
0000930   2.4345E+06  9.4919E+04  5.3093E+04
0000931   2.4214E+06 -1.6867E+04 -1.1490E+05
0000932   2.4306E+06  8.7288E+02 -2.4030E+04
0000933   2.3553E+06 -4.4016E+04 -1.1777E+04
0000934   2.3734E+06  1.3438E+05 -1.7899E+05
0000935   2.3824E+06 -6.4009E+04 -6.0330E+03
0000936   2.4435E+06 -3.8246E+03  3.0031E+03
0000937   2.3936E+06 -5.1913E+04 -9.3846E+04
0000938   2.3735E+06 -5.3751E+03 -8.6397E+04
0000939   2.3667E+06  1.3003E+05  3.2319E+03
0000940   2.4247E+06  4.5244E+04 -3.2012E+04
0000941   2.3963E+06  6.6507E+04 -3.3479E+04
0000942   2.4557E+06  3.7334E+04 -5.1380E+04
0000943   2.4260E+06  4.2433E+03 -1.2370E+05
0000944   2.4244E+06 -2.6007E+04 -3.2401E+04
0000945   2.3941E+06 -1.3285E+05  2.0928E+04
0000946   2.4019E+06  8.0268E+04 -2.7350E+04
0000947   2.3901E+06 -1.1173E+05 -1.4220E+05
0000948   2.3983E+06 -2.4240E+04 -6.5248E+04
0000949   2.4410E+06 -8.9499E+04  2.7905E+04
0000950   2.3546E+06 -1.6320E+04  4.5145E+04
0000951   2.3620E+06 -1.4954E+04  1.3831E+05
0000952   2.3606E+06  1.1762E+05  6.1409E+04
0000953   2.4092E+06 -2.5134E+04 -1.2404E+05
0000954   2.4138E+06 -1.4447E+05  5.0124E+04
0000955   2.3555E+06 -1.4197E+05 -1.6021E+05
0000956   2.3999E+06 -1.4218E+05 -5.1330E+04
0000957   2.4249E+06  1.0867E+04 -3.5795E+04
0000958   2.3784E+06  1.4560E+04 -8.3728E+04
0000959   2.4246E+06 -5.2783E+04  6.1463E+04
0000960   2.3676E+06 -1.1414E+05  9.9558E+04
0000961   2.3811E+06 -2.4962E+04  4.4029E+04
0000962   2.4296E+06 -1.2961E+04 -5.1213E+04
0000963   2.3670E+06 -9.1034E+03  7.5276E+04
0000964   2.3563E+06  4.0446E+04  6.1635E+04
0000965   2.4656E+06 -1.0296E+05  5.7543E+04
0000966   2.3661E+06  6.6321E+04 -2.3779E+04
0000967   2.4279E+06 -1.0312E+05 -2.1968E+04
0000968   2.3789E+06 -8.8996E+04  1.1532E+05
0000969   2.4438E+06 -6.0944E+04 -8.5958E+04
0000970   2.3611E+06  6.2977E+03 -2.3609E+04
0000971   2.4493E+06 -1.1354E+05 -6.6825E+04
0000972   2.4033E+06 -4.6389E+04 -5.0859E+04
0000973   2.4408E+06  1.2749E+05  9.0094E+04
0000974   2.3661E+06 -2.1964E+05  3.8557E+04
0000975   2.3722E+06 -3.7070E+04 -3.7420E+04
0000976   2.4443E+06  2.0870E+04 -2.1043E+03
0000977   2.4647E+06  1.3323E+05  1.2733E+04
0000978   2.4889E+06  7.1089E+03  1.2064E+05
0000979   2.4425E+06 -7.9066E+04 -4.1976E+04
0000980   2.4015E+06 -4.7908E+04 -7.5041E+03
0000981   2.3977E+06 -3.1978E+04 -5.8858E+03
0000982   2.4271E+06 -5.0786E+04 -2.6587E+04
0000983   2.3855E+06 -1.4819E+05 -8.0766E+03
0000984   2.4351E+06 -2.4884E+03 -4.5527E+04
0000985   2.4057E+06 -1.6096E+04 -4.3983E+04
0000986   2.3908E+06 -1.4353E+05  8.6589E+04
0000987   2.4277E+06  5.3802E+02 -1.2650E+04
0000988   2.4111E+06  5.5524E+04 -6.2774E+04
0000989   2.3997E+06 -1.0563E+05  2.9808E+04
0000990   2.4037E+06  1.3897E+05  3.6890E+04
0000991   2.3923E+06 -8.2680E+04  3.3544E+04
0000992   2.4435E+06 -2.5583E+04 -2.9787E+04
0000993   2.4455E+06  5.9429E+03  8.6298E+03
0000994   2.3996E+06 -7.0696E+04  6.2746E+04
0000995   2.3885E+06 -9.6714E+03  3.4530E+04
0000996   2.3095E+06  1.6658E+04 -8.0074E+04
0000997   2.3872E+06 -3.4294E+04 -1.4009E+05
0000998   2.3679E+06  8.2750E+04 -7.7239E+04
0000999   2.4347E+06  5.8642E+04 -1.7195E+05
0001000   2.4288E+06 -3.0844E+04  1.8087E+04
