============================== SRIM-2013.00 ==============================
==============================================================================
====== SRIM Outputs\RANGE_3D.txt : File of Final Ion Positions =====

Ion =  H (01)   Ion Mass= 001.0080
Energy  = 4200000.E-03 keV
Ion Angle to Surface = 00.0 degrees
==================== TARGET =======================
  Layer # 1 - Si_Top    
  Layer # 1 - Bottom Depth=300000.E+01 A
  Layer # 1 - Density =0002.3210 g/cm3
  Layer # 1 -  100 % of Si
икикикикикикикикикикикикикикикикикикикикикикикикикикикикикикикикикикикикикикикикикикикикикикикикикикикик
  Layer # 2 - Si_Bottom 
  Layer # 2 - Bottom Depth=600000.E+01 A
  Layer # 2 - Density =0002.3210 g/cm3
  Layer # 2 -  100 % of Si
икикикикикикикикикикикикикикикикикикикикикикикикикикикикикикикикикикикикикикикикикикикикикикикикикикикик
                                            
Ion       Depth  X   Lateral Y   Lateral Z  
Number    (Angstrom) (Angstrom)  (Angstrom) 
-------  ----------- ----------- -----------
0000001   1.6168E+06 -5.3940E+04 -7.2578E+03
0000002   1.6687E+06 -1.5184E+04 -3.9233E+04
0000003   1.6280E+06 -4.5648E+04  5.0240E+04
0000004   1.6152E+06 -5.7798E+04 -4.5951E+03
0000005   1.5945E+06 -5.1560E+04 -2.1398E+04
0000006   1.6482E+06 -8.5377E+04  5.4097E+04
0000007   1.6183E+06  4.9983E+04 -7.1550E+04
0000008   1.6155E+06 -3.6340E+04  1.6457E+04
0000009   1.6373E+06  5.5902E+04  5.1161E+04
0000010   1.6252E+06  1.2792E+04  1.0062E+05
0000011   1.6297E+06 -2.2604E+04 -1.2517E+04
0000012   1.6172E+06  7.3504E+04  2.7428E+04
0000013   1.6189E+06 -5.0387E+04 -1.4863E+04
0000014   1.6179E+06 -3.8527E+04  5.9626E+04
0000015   1.6699E+06 -5.0457E+04  5.3353E+03
0000016   1.6484E+06  1.3675E+02  2.0049E+04
0000017   1.6454E+06  1.7841E+04  3.1309E+04
0000018   1.5745E+06 -1.7804E+05 -1.3377E+05
0000019   1.6249E+06  2.4766E+04 -4.0265E+04
0000020   1.6646E+06 -3.6644E+04  3.8516E+04
0000021   1.6475E+06  3.0317E+04 -1.3337E+05
0000022   1.5678E+06  1.3424E+05 -8.3613E+04
0000023   1.6076E+06 -3.3599E+04 -9.4066E+03
0000024   1.5872E+06 -4.9766E+04  4.4475E+03
0000025   1.6499E+06  3.1310E+04 -2.8628E+04
0000026   1.6877E+06  6.1161E+04  4.6565E+04
0000027   1.6307E+06 -6.1396E+04 -9.3097E+04
0000028   1.6135E+06 -2.8119E+04  2.0570E+04
0000029   1.6531E+06  7.9120E+04 -2.7481E+04
0000030   1.6275E+06  4.1828E+04 -8.5053E+04
0000031   1.6279E+06  8.7517E+03 -3.5774E+04
0000032   1.6033E+06  5.4049E+04 -3.0719E+04
0000033   1.6442E+06 -1.0177E+05  9.5360E+04
0000034   1.5849E+06 -2.3169E+04  1.8097E+03
0000035   1.6137E+06  6.4897E+04  5.8336E+04
0000036   1.6430E+06  2.1268E+04 -1.1365E+05
0000037   1.6347E+06 -1.7761E+05  2.4338E+04
0000038   1.6606E+06  9.9950E+03 -4.5106E+04
0000039   1.6398E+06 -2.9708E+04  1.0158E+04
0000040   1.6510E+06 -4.5339E+04 -5.7625E+04
0000041   1.6384E+06 -8.7565E+04  5.2958E+04
0000042   1.6568E+06 -1.1299E+04 -5.9360E+03
0000043   1.6258E+06 -2.8385E+04 -7.4869E+04
0000044   1.6434E+06  8.6536E+04  3.6653E+04
0000045   1.6418E+06  1.1794E+04  4.5804E+04
0000046   1.5966E+06  5.2694E+04  1.4039E+05
0000047   1.6216E+06 -1.1794E+05 -8.6369E+04
0000048   1.6612E+06  8.1916E+04  5.7880E+04
0000049   1.6275E+06 -7.1765E+04 -6.4713E+04
0000050   1.6164E+06  9.2264E+04  9.5204E+03
0000051   1.6795E+06  1.6862E+04 -1.4827E+04
0000052   1.6494E+06  7.3185E+04  3.9563E+04
0000053   1.6493E+06  2.2016E+04 -1.1565E+04
0000054   1.6676E+06 -9.0814E+04 -5.6100E+04
0000055   1.6635E+06 -4.2634E+04 -2.0097E+04
0000056   1.6354E+06  5.0084E+04  1.0431E+05
0000057   1.6527E+06  6.9067E+03 -2.6417E+04
0000058   1.6258E+06 -8.5604E+04 -6.9507E+04
0000059   1.6093E+06 -2.8819E+04  2.4816E+04
0000060   1.6201E+06 -7.6001E+04  5.8540E+04
0000061   1.6348E+06 -3.8321E+04  8.6022E+04
0000062   1.6266E+06  3.8325E+04  8.4385E+04
0000063   1.6083E+06  2.0397E+05  2.2215E+05
0000064   1.6258E+06 -4.2033E+04 -2.4466E+04
0000065   1.6265E+06  6.2895E+04 -3.5027E+04
0000066   1.6700E+06  6.7365E+04  6.9180E+04
0000067   1.6105E+06  5.7597E+04  2.7590E+04
0000068   1.6036E+06 -1.4399E+04 -4.4762E+04
0000069   1.6290E+06 -6.7031E+03  1.7002E+04
0000070   1.6343E+06  1.5887E+04  6.8079E+04
0000071   1.6961E+06  5.5216E+04 -8.9566E+03
0000072   1.6714E+06 -9.6285E+04  1.0289E+04
0000073   1.6272E+06  2.5347E+04 -8.7090E+03
0000074   1.6282E+06 -1.0794E+05  4.2043E+04
0000075   1.6101E+06  1.9774E+05  8.2795E+04
0000076   1.6288E+06  7.8794E+04 -5.3933E+04
0000077   1.6543E+06  1.5255E+03  7.9254E+04
0000078   1.6448E+06 -4.7221E+04 -3.9148E+04
0000079   1.6457E+06  1.5387E+04 -1.5305E+04
0000080   1.6683E+06 -1.1611E+03  4.3612E+04
0000081   1.6356E+06 -5.0147E+04 -2.9410E+04
0000082   1.6265E+06 -9.1279E+03 -2.9562E+04
0000083   1.6385E+06 -9.4631E+03  1.2987E+05
0000084   1.5892E+06  5.5149E+04  8.5432E+04
0000085   1.6164E+06 -1.6698E+04  3.9694E+04
0000086   1.6021E+06  2.6718E+04  6.1087E+04
0000087   1.6410E+06  1.3011E+04  8.9328E+04
0000088   1.6836E+06 -5.7632E+04  9.5144E+04
0000089   1.6487E+06  5.0059E+04  2.7609E+04
0000090   1.6521E+06 -8.9460E+04  5.1909E+04
0000091   1.6761E+06  1.8124E+05 -1.4846E+05
0000092   1.6449E+06 -7.9145E+04  1.1496E+05
0000093   1.6052E+06  5.3177E+04 -1.0050E+04
0000094   1.6439E+06  2.6481E+04 -2.8413E+03
0000095   1.5835E+06 -5.2959E+04  3.1932E+04
0000096   1.6285E+06  2.9337E+04  9.1742E+04
0000097   1.6317E+06  3.8234E+03  1.4828E+04
0000098   1.6008E+06 -4.7406E+04  1.8545E+04
0000099   1.6179E+06 -4.7466E+04 -6.8086E+04
0000100   1.6563E+06 -1.5650E+04  7.1797E+04
0000101   1.6685E+06  1.4239E+04 -3.6698E+04
0000102   1.6469E+06  4.1107E+04  7.3376E+02
0000103   1.6106E+06  9.1509E+04 -4.5888E+04
0000104   1.6368E+06 -2.4612E+04  2.9853E+04
0000105   1.5971E+06  1.9468E+04 -1.0612E+04
0000106   1.6306E+06 -3.8287E+03 -4.0470E+04
0000107   1.6534E+06  1.0552E+04 -4.9122E+04
0000108   1.5929E+06  1.2609E+05 -2.9760E+04
0000109   1.6090E+06 -1.2129E+05  2.0442E+04
0000110   1.6528E+06  1.4710E+04  4.5351E+03
0000111   1.5968E+06  7.0171E+04 -4.3113E+04
0000112   1.6374E+06 -6.8742E+04 -7.8494E+04
0000113   1.6863E+06  3.1719E+04  1.8912E+04
0000114   1.6181E+06 -4.2206E+04 -3.3509E+03
0000115   1.6361E+06  4.4840E+04  1.4636E+05
0000116   1.6725E+06 -5.4688E+03  4.8862E+04
0000117   1.6151E+06  3.6732E+04 -1.9692E+04
0000118   1.6306E+06 -5.3464E+04 -1.6218E+04
0000119   1.6367E+06  1.2859E+05  7.1122E+03
0000120   1.6314E+06  4.0413E+04 -1.7221E+04
0000121   1.5813E+06 -7.0096E+04 -1.5751E+05
0000122   1.6427E+06 -1.0044E+05  3.1382E+04
0000123   1.6282E+06 -5.5923E+04 -2.3040E+04
0000124   1.6199E+06 -4.7842E+04  2.6681E+04
0000125   1.6380E+06 -2.7605E+04 -1.4342E+04
0000126   1.6944E+06  1.6967E+04  6.3286E+04
0000127   1.6368E+06 -1.3997E+04  8.5755E+03
0000128   1.6060E+06  5.5827E+04  4.2510E+04
0000129   1.6886E+06  4.9961E+04  8.3879E+04
0000130   1.6216E+06 -8.1286E+03 -3.2215E+04
0000131   1.6187E+06  2.8159E+04  2.0097E+03
0000132   1.6452E+06 -6.0384E+04 -1.8673E+04
0000133   1.6231E+06 -6.4357E+04  1.7115E+03
0000134   1.6323E+06 -1.5919E+04  6.0125E+04
0000135   1.5979E+06 -8.4346E+03  6.2059E+04
0000136   1.6630E+06  1.8336E+04  5.4773E+04
0000137   1.6487E+06  5.0990E+04  4.4386E+03
0000138   1.6555E+06  2.2163E+05 -4.5148E+04
0000139   1.6192E+06  2.6275E+04  6.7621E+04
0000140   1.5803E+06  3.4308E+04  4.9575E+04
0000141   1.6047E+06 -9.6605E+03  4.7450E+04
0000142   1.6679E+06 -1.0066E+05 -1.1845E+04
0000143   1.6243E+06  9.2295E+04  8.8367E+04
0000144   1.6353E+06  5.0971E+04 -5.9274E+04
0000145   1.5756E+06 -3.6204E+04  1.8735E+05
0000146   1.6156E+06  5.2964E+03  9.6011E+03
0000147   1.6358E+06  6.8634E+04  1.2742E+04
0000148   1.6652E+06 -4.3026E+04  2.4712E+04
0000149   1.6636E+06  8.4127E+04 -2.0904E+04
0000150   1.6357E+06  1.5577E+04 -1.4942E+03
0000151   1.6193E+06 -6.7105E+04  5.5795E+02
0000152   1.6128E+06 -8.0094E+04 -1.1670E+05
0000153   1.6838E+06  8.3291E+04 -4.0602E+03
0000154   1.6362E+06  6.3793E+04  4.2971E+04
0000155   1.6112E+06  5.1785E+03 -4.7431E+04
0000156   1.7009E+06 -5.4034E+04  4.1737E+04
0000157   1.6511E+06 -1.4747E+05  5.5302E+04
0000158   1.5996E+06 -5.1101E+04  4.8858E+04
0000159   1.6417E+06 -9.2610E+03 -2.6564E+03
0000160   1.6449E+06  3.8543E+04  2.8425E+04
0000161   1.6521E+06 -7.7276E+03 -1.7338E+04
0000162   1.6386E+06 -1.0692E+04 -2.8898E+04
0000163   1.6653E+06 -3.6399E+04  7.0262E+04
0000164   1.6454E+06  9.8747E+04  3.2805E+03
0000165   1.6550E+06  2.4181E+04 -2.4471E+04
0000166   1.6263E+06 -2.1218E+04 -3.7141E+04
0000167   1.6462E+06  2.2463E+04  1.5996E+04
0000168   1.6361E+06  1.2672E+04  2.5679E+03
0000169   1.6429E+06  6.7042E+04  2.6033E+03
0000170   1.6522E+06  8.8205E+04  1.0999E+04
0000171   1.6328E+06 -3.8022E+04  6.7091E+04
0000172   1.6733E+06  1.3144E+04  3.6253E+04
0000173   1.6220E+06  1.3337E+04 -4.3790E+04
0000174   1.6359E+06 -6.1115E+04  2.8813E+04
0000175   1.5787E+06  3.1606E+04  2.8050E+04
0000176   1.6186E+06  5.7115E+03 -3.7041E+03
0000177   1.6471E+06  4.1633E+04  7.9944E+03
0000178   1.6301E+06  1.0558E+05 -1.9181E+04
0000179   1.6286E+06  3.3763E+04  5.6279E+04
0000180   1.6129E+06 -6.8434E+04 -6.7341E+04
0000181   1.6581E+06  8.9715E+03 -3.3666E+04
0000182   1.6608E+06  6.9370E+04  7.0122E+04
0000183   1.6400E+06 -5.7042E+04 -7.1565E+04
0000184   1.6335E+06  2.6695E+04 -9.8247E+03
0000185   1.6317E+06  3.5698E+04  2.9762E+04
0000186   1.5973E+06  9.9075E+03 -3.0061E+04
0000187   1.5873E+06 -1.5508E+05 -1.1457E+04
0000188   1.6192E+06 -4.3074E+04  4.0611E+04
0000189   1.5555E+06  7.9102E+04  2.7554E+04
0000190   1.6316E+06  3.5888E+04 -9.6224E+04
0000191   1.6317E+06 -2.3592E+03  7.0759E+04
0000192   1.6289E+06 -3.0295E+04 -5.3784E+04
0000193   1.6617E+06  5.7464E+04 -1.6219E+05
0000194   1.6190E+06  1.6438E+04  1.5802E+04
0000195   1.6083E+06  1.3183E+03 -4.9269E+04
0000196   1.6470E+06 -4.4722E+04  6.8632E+04
0000197   1.6165E+06 -6.6690E+03  6.3758E+04
0000198   1.6286E+06  6.1510E+04 -7.3223E+04
0000199   1.7009E+06  3.8272E+04  2.4897E+04
0000200   1.6335E+06 -3.5503E+04  1.9570E+04
0000201   1.6186E+06  4.0145E+04 -3.1273E+04
0000202   1.6500E+06  1.6572E+04 -4.1977E+03
0000203   1.6304E+06 -9.7253E+04  9.9333E+04
0000204   1.6448E+06 -7.0844E+04 -1.8301E+04
0000205   1.6137E+06  5.0894E+04  1.5727E+05
0000206   1.6356E+06 -6.1975E+04 -2.8784E+04
0000207   1.6335E+06  2.6978E+04 -2.9631E+04
0000208   1.5970E+06  1.0806E+05  8.6344E+04
0000209   1.6329E+06  7.5588E+02 -9.4547E+04
0000210   1.5924E+06  1.5637E+04  1.4763E+05
0000211   1.6180E+06  4.5555E+04  6.1121E+04
0000212   1.5661E+06 -8.0501E+04 -3.2999E+05
0000213   1.6589E+06 -5.9504E+04 -5.6918E+04
0000214   1.6833E+06  1.8097E+04  2.8684E+04
0000215   1.6433E+06  4.0007E+03  4.8990E+04
0000216   1.5907E+06 -4.1572E+04  8.8916E+03
0000217   1.6148E+06  8.7304E+04  7.5388E+04
0000218   1.6943E+06  1.6766E+04 -3.8343E+04
0000219   1.6538E+06  2.3228E+04 -5.7181E+04
0000220   1.6600E+06  5.7858E+04  2.0754E+04
0000221   1.6097E+06 -2.4261E+04  5.4829E+04
0000222   1.6323E+06  2.8138E+04 -4.9113E+04
0000223   1.6359E+06 -2.8161E+04  7.9951E+03
0000224   1.6221E+06 -2.0529E+04  2.0077E+04
0000225   1.6176E+06 -1.4458E+05 -1.2858E+05
0000226   1.5976E+06  5.1755E+04  5.1613E+04
0000227   1.5956E+06 -9.6197E+04 -4.4800E+04
0000228   1.5770E+06 -1.9631E+05 -8.8669E+04
0000229   1.6114E+06 -8.2714E+03  2.1699E+04
0000230   1.6775E+06 -1.2958E+03 -1.8827E+04
0000231   1.6689E+06 -9.5967E+04  2.2128E+04
0000232   1.6302E+06 -2.4323E+04  1.2316E+05
0000233   1.5321E+06  3.3586E+04 -3.3177E+05
0000234   1.5979E+06 -1.4188E+04 -4.0853E+04
0000235   1.6072E+06 -4.9722E+04 -4.5382E+04
0000236   1.6691E+06 -3.1009E+04 -1.7141E+04
0000237   1.5753E+06 -3.7529E+04  5.9540E+04
0000238   1.5958E+06 -6.0831E+04 -2.5867E+04
0000239   1.6399E+06  1.0258E+05  5.6847E+04
0000240   1.6196E+06  4.7785E+04 -5.3975E+04
0000241   1.5965E+06 -3.3757E+04  4.9467E+04
0000242   1.4368E+06  5.3611E+05  1.3335E+05
0000243   1.6004E+06  1.2310E+04 -1.1393E+05
0000244   1.6306E+06  2.8010E+03  2.6311E+04
0000245   1.6270E+06  5.4756E+04  3.0943E+04
0000246   1.6452E+06  9.4358E+03 -4.3171E+04
0000247   1.6479E+06 -7.0232E+02  2.4404E+04
0000248   1.5880E+06 -5.8440E+04  6.0133E+04
0000249   1.6471E+06  6.2137E+04 -2.5750E+04
0000250   1.5964E+06 -1.5535E+04  2.5614E+04
0000251   1.6213E+06 -5.3654E+04 -6.7921E+04
0000252   1.5895E+06 -3.4154E+03 -1.9705E+04
0000253   1.6002E+06 -5.4403E+04 -3.0829E+04
0000254   1.6540E+06  1.9074E+04  1.7652E+04
0000255   1.6142E+06 -1.2234E+04  4.2773E+04
0000256   1.6819E+06  5.2644E+04  6.2510E+04
0000257   1.6477E+06  4.2572E+04 -1.1569E+05
0000258   1.6029E+06  6.9067E+02 -9.5324E+04
0000259   1.6082E+06  1.3039E+05 -5.6823E+03
0000260   1.6625E+06  5.8104E+04 -2.0557E+04
0000261   1.6771E+06  9.8191E+03 -4.5426E+04
0000262   1.6792E+06 -7.7691E+04  2.8923E+04
0000263   1.6282E+06  1.6318E+04  3.0570E+03
0000264   1.6280E+06 -9.6198E+04 -1.6543E+05
0000265   1.6392E+06 -1.3269E+05 -4.7666E+04
0000266   1.6312E+06 -7.0958E+03 -4.2958E+04
0000267   1.6233E+06  1.0039E+05  1.2913E+05
0000268   1.6231E+06  2.6238E+04  3.8802E+04
0000269   1.6103E+06  2.5062E+04 -1.7138E+03
0000270   1.6158E+06  3.2455E+04 -6.3763E+04
0000271   1.6129E+06  1.8076E+04 -1.2041E+05
0000272   1.6191E+06 -1.9763E+04  5.9602E+04
0000273   1.6275E+06 -4.2669E+04 -4.4583E+04
0000274   1.6720E+06 -3.8762E+04 -2.7374E+04
0000275   1.6561E+06 -7.6135E+04 -2.5904E+04
0000276   1.6338E+06 -4.2651E+03 -2.4213E+04
0000277   1.6371E+06  1.2812E+04  4.2586E+04
0000278   1.6109E+06  1.5045E+04 -1.4971E+04
0000279   1.5947E+06  2.8819E+05  1.0702E+05
0000280   1.6210E+06  7.4272E+04 -4.3371E+04
0000281   1.6205E+06  5.3181E+04  4.7513E+03
0000282   1.6307E+06  6.9447E+03 -3.3047E+04
0000283   1.6287E+06 -6.9980E+04 -2.4633E+02
0000284   1.6434E+06 -2.9900E+04  7.8310E+04
0000285   1.6342E+06 -6.7055E+04  1.3239E+04
0000286   1.6211E+06 -2.6290E+04  2.4626E+05
0000287   1.5955E+06 -2.2621E+04 -1.4775E+04
0000288   1.5102E+06  1.9166E+05  5.4974E+04
0000289   1.6528E+06  5.5225E+04 -9.0809E+04
0000290   1.6367E+06  2.2467E+04 -1.6856E+04
0000291   1.6323E+06  4.7430E+04  3.1736E+03
0000292   1.6431E+06  3.0309E+04 -1.0552E+05
0000293   1.6621E+06 -4.4750E+04 -5.6967E+04
0000294   1.6159E+06 -1.0146E+05 -1.8519E+04
0000295   1.5938E+06 -5.0151E+04  5.4636E+04
0000296   1.6966E+06  6.6963E+03 -4.8839E+03
0000297   1.6153E+06 -1.0103E+05  3.1706E+04
0000298   1.6472E+06  3.3774E+03  3.6419E+04
0000299   1.5974E+06 -1.0926E+04  1.2243E+04
0000300   1.6399E+06 -7.1804E+03  6.2471E+04
0000301   1.6458E+06 -3.0597E+04 -1.3772E+04
0000302   1.6145E+06 -2.1820E+05 -1.3185E+05
0000303   1.6376E+06  2.2398E+04 -6.2955E+04
0000304   1.6291E+06 -9.1485E+04  6.9579E+04
0000305   1.6003E+06  1.3069E+04  3.9140E+04
0000306   1.6548E+06  2.0190E+04  5.1237E+04
0000307   1.6101E+06 -1.1895E+04  8.7044E+04
0000308   1.6539E+06 -1.1627E+04 -7.8495E+03
0000309   1.6647E+06 -1.3447E+04  2.8136E+04
0000310   1.6651E+06  2.0612E+04  4.3342E+04
0000311   1.5922E+06  6.3036E+03 -1.4623E+05
0000312   1.6136E+06  9.6190E+03  9.9408E+03
0000313   1.6679E+06  4.4028E+04 -5.4335E+04
0000314   1.5890E+06 -1.2403E+05 -5.3608E+04
0000315   1.6449E+06 -5.6970E+04  5.7624E+02
0000316   1.5898E+06  4.3602E+04  1.5549E+05
0000317   1.6310E+06 -1.2418E+05 -1.1473E+05
0000318   1.6823E+06 -1.2644E+04  1.8140E+04
0000319   1.5948E+06  3.1356E+04 -2.8169E+04
0000320   1.6173E+06 -2.2232E+03  5.2950E+04
0000321   1.6211E+06 -1.3140E+04 -5.2190E+04
0000322   1.6347E+06 -2.7129E+04  1.4354E+04
0000323   1.6349E+06 -3.4495E+04 -5.8962E+04
0000324   1.6165E+06 -2.9761E+04  2.1022E+04
0000325   1.6154E+06  4.2995E+04 -3.0144E+03
0000326   1.6312E+06 -3.5221E+04 -2.5045E+04
0000327   1.5894E+06 -4.8669E+04  8.8687E+03
0000328   1.5944E+06 -1.2187E+05 -3.2554E+04
0000329   1.6439E+06 -9.8509E+04 -4.9012E+04
0000330   1.6512E+06 -2.4534E+04 -3.1553E+04
0000331   1.6075E+06 -8.0646E+04 -5.4579E+04
0000332   1.6091E+06 -3.4394E+04 -9.7964E+03
0000333   1.6349E+06  1.5545E+04  3.3559E+04
0000334   1.6145E+06  9.8215E+04 -2.8616E+04
0000335   1.6542E+06  5.6914E+04  8.4541E+03
0000336   1.6792E+06  1.5563E+04  2.8996E+04
0000337   1.6454E+06 -3.3669E+04 -3.6479E+04
0000338   1.6345E+06 -2.4112E+04 -7.8790E+03
0000339   1.6164E+06  5.6486E+04 -4.5590E+04
0000340   1.5980E+06 -6.3770E+04  5.3578E+04
0000341   1.6215E+06 -1.8950E+04  1.6042E+04
0000342   1.6036E+06  1.7618E+04  4.6049E+04
0000343   1.6013E+06  1.0845E+05 -2.9072E+03
0000344   1.6271E+06  4.6408E+04  2.0579E+04
0000345   1.6530E+06 -6.4120E+03 -8.2906E+04
0000346   1.6305E+06  5.4967E+04  1.0455E+05
0000347   1.6122E+06  5.2671E+04  4.0700E+04
0000348   1.5660E+06 -2.8093E+04  9.8167E+03
0000349   1.6290E+06  1.8222E+04 -2.9322E+04
0000350   1.6226E+06 -4.9983E+04  4.6929E+03
0000351   1.6268E+06 -1.2071E+05  1.4053E+05
0000352   1.6298E+06  6.7925E+04 -5.5969E+03
0000353   1.6596E+06 -5.8287E+04 -1.0114E+05
0000354   1.6760E+06 -1.3430E+04  2.1830E+04
0000355   1.6639E+06  9.8553E+04 -7.4170E+04
0000356   1.6388E+06 -1.3088E+04 -5.3421E+04
0000357   1.6119E+06  3.1030E+04 -8.4286E+03
0000358   1.6655E+06 -6.3411E+04 -2.5413E+04
0000359   1.6032E+06  1.0953E+05  5.4314E+04
0000360   1.6150E+06  6.3290E+04 -6.2672E+04
0000361   1.6054E+06 -1.6708E+05  1.4886E+04
0000362   1.6447E+06 -9.7748E+04  9.7671E+03
0000363   1.6284E+06  1.5164E+04 -3.6743E+04
0000364   1.6209E+06  1.3582E+04  9.7389E+03
0000365   1.6415E+06  3.8792E+04  2.1794E+04
0000366   1.6472E+06 -1.2987E+04 -3.1920E+04
0000367   1.6099E+06 -1.4279E+04  3.9673E+04
0000368   1.6510E+06 -7.9530E+03 -1.0417E+04
0000369   1.6235E+06  2.1853E+04 -4.8113E+04
0000370   1.6187E+06  3.7175E+04  1.5959E+04
0000371   1.6473E+06  2.4965E+04  1.3792E+04
0000372   1.6115E+06 -2.1884E+03  8.5132E+03
0000373   1.6305E+06 -7.0179E+04  1.3227E+04
0000374   1.6324E+06  4.0039E+04 -8.4081E+04
0000375   1.6402E+06  2.4268E+04  3.1460E+04
0000376   1.5986E+06  5.3910E+04 -9.9234E+03
0000377   1.6926E+06 -7.5535E+04  1.3056E+04
0000378   1.6039E+06 -4.4590E+04  4.7639E+04
0000379   1.6064E+06  4.0217E+04 -1.6082E+03
0000380   1.4449E+06  3.4031E+05  4.0633E+05
0000381   1.5764E+06  2.7761E+04  1.5086E+04
0000382   1.6562E+06  7.3276E+03  6.2983E+04
0000383   1.5812E+06 -6.0992E+04 -4.9439E+04
0000384   1.6146E+06  1.0920E+04  1.1517E+05
0000385   1.6464E+06 -2.0390E+04 -2.3205E+04
0000386   1.6358E+06  6.2465E+04 -5.3683E+04
0000387   1.6282E+06 -3.0134E+04 -3.4516E+04
0000388   1.6251E+06 -2.0708E+04 -6.0696E+04
0000389   1.6189E+06  1.0165E+05  8.6496E+04
0000390   1.6653E+06 -3.8487E+04  5.8955E+03
0000391   1.6179E+06  1.3742E+04 -1.5559E+04
0000392   1.6000E+06 -4.7270E+03 -3.9185E+04
0000393   1.6262E+06 -1.0733E+04  1.3241E+04
0000394   1.6047E+06 -8.2721E+04 -4.8139E+04
0000395   1.5780E+06 -4.9444E+04  1.3531E+05
0000396   1.6069E+06 -2.8389E+04  1.2883E+04
0000397   1.6070E+06  2.2505E+04 -5.4555E+02
0000398   1.6369E+06  5.9235E+04 -1.2107E+04
0000399   1.6455E+06 -6.3644E+04  4.2122E+04
0000400   1.6284E+06  4.2970E+04 -1.1198E+05
0000401   1.5913E+06 -7.5485E+04  3.3474E+04
0000402   1.6263E+06 -2.9869E+04  5.1670E+04
0000403   1.6315E+06 -8.3848E+04 -6.9112E+04
0000404   1.5728E+06 -1.2334E+04 -1.7995E+03
0000405   1.6056E+06 -7.8140E+04  1.9025E+04
0000406   1.6203E+06 -2.2354E+04  5.3694E+04
0000407   1.6178E+06  1.5330E+04 -1.0198E+05
0000408   1.6145E+06 -6.5331E+03  3.4234E+04
0000409   1.6064E+06 -1.3659E+05 -2.9357E+04
0000410   1.6291E+06 -4.3756E+04  1.6327E+04
0000411   1.6054E+06 -2.2548E+03 -1.2117E+04
0000412   1.6238E+06 -7.4057E+04 -3.6896E+04
0000413   1.6098E+06 -6.8056E+03  1.3601E+05
0000414   1.6549E+06  3.5923E+04 -1.9449E+04
0000415   1.5936E+06  6.9341E+04  1.0099E+05
0000416   1.6449E+06 -3.0599E+04  1.2117E+05
0000417   1.6795E+06  9.8037E+03  5.7691E+04
0000418   1.5812E+06  1.6066E+03  5.1746E+04
0000419   1.6456E+06  7.5945E+04 -2.3058E+03
0000420   1.6732E+06 -4.8107E+04  8.3824E+04
0000421   1.6876E+06 -3.9863E+04 -1.0206E+05
0000422   1.6322E+06  8.7747E+03 -4.9583E+04
0000423   1.6385E+06  5.7518E+04 -3.3799E+04
0000424   1.5945E+06  2.4211E+04  9.8135E+03
0000425   1.6730E+06  4.9209E+04 -1.2074E+05
0000426   1.6090E+06 -4.6277E+04 -5.9405E+04
0000427   1.6607E+06 -3.0331E+04  7.5248E+03
0000428   1.6169E+06 -1.9660E+04 -7.0039E+04
0000429   1.6359E+06 -5.6340E+04  5.4567E+04
0000430   1.6261E+06 -2.5717E+04  1.2282E+04
0000431   1.5992E+06  2.9449E+04  8.4618E+04
0000432   1.6149E+06  1.8779E+04  1.0474E+05
0000433   1.6346E+06 -2.9366E+03 -1.2203E+04
0000434   1.5987E+06  1.8189E+05  1.2934E+05
0000435   1.6585E+06 -6.1880E+04  2.5278E+04
0000436   1.5845E+06 -3.4722E+04 -9.7924E+03
0000437   1.6204E+06  4.1815E+04 -1.5023E+04
0000438   1.6065E+06  2.6369E+04  1.7041E+04
0000439   1.5822E+06 -8.6745E+03 -7.7010E+04
0000440   1.6264E+06  1.1932E+05 -7.5586E+04
0000441   1.6113E+06  5.5507E+04  1.7766E+05
0000442   1.6321E+06  3.5786E+04 -9.7870E+03
0000443   1.6033E+06  5.4462E+04  4.2319E+04
0000444   1.5509E+06  3.0963E+05 -2.4345E+05
0000445   1.6413E+06  8.4426E+03  4.6555E+04
0000446   1.6651E+06 -1.0188E+04 -5.3222E+04
0000447   1.6686E+06 -2.4867E+03  4.1108E+03
0000448   1.6233E+06 -6.4640E+04  7.8500E+04
0000449   1.5981E+06  1.2281E+04  3.0318E+04
0000450   1.6074E+06  4.7887E+04 -1.6710E+04
0000451   1.6098E+06  9.1892E+04 -2.0560E+04
0000452   1.6532E+06  3.6571E+04  7.8052E+04
0000453   1.5799E+06  5.8861E+03  7.9130E+04
0000454   1.6402E+06 -5.3072E+04  4.7539E+04
0000455   1.6774E+06 -8.5603E+04 -3.0021E+04
0000456   1.6436E+06  5.4459E+04 -8.4167E+04
0000457   1.6414E+06  1.3550E+05  5.0112E+04
0000458   1.5797E+06  6.3380E+04  2.0148E+05
0000459   1.6360E+06 -1.1410E+05  3.7797E+04
0000460   1.5794E+06  4.4082E+04 -6.5306E+04
0000461   1.6751E+06  2.9069E+04 -1.7257E+04
0000462   1.6532E+06 -3.1814E+04  9.8644E+04
0000463   1.6324E+06 -3.1616E+04 -4.2964E+04
0000464   1.5924E+06 -2.1322E+04 -9.2173E+03
0000465   1.6625E+06 -2.5706E+04  3.2749E+04
0000466   1.5859E+06  9.5750E+03 -3.6831E+03
0000467   1.6251E+06 -6.2263E+03 -2.7331E+04
0000468   1.6313E+06 -8.5068E+03 -6.4907E+04
0000469   1.6981E+06 -5.0153E+04 -4.0319E+04
0000470   1.6306E+06 -2.0737E+04  5.0622E+04
0000471   1.6201E+06 -5.5836E+04 -6.9403E+03
0000472   1.6625E+06  6.3624E+03 -2.9229E+03
0000473   1.6180E+06 -5.9270E+04  6.9993E+03
0000474   1.6363E+06 -6.1246E+04  1.0583E+05
0000475   1.6259E+06 -5.5596E+03 -2.5918E+04
0000476   1.6128E+06  1.1754E+04  2.0846E+04
0000477   1.6133E+06 -3.2963E+03  5.3918E+04
0000478   1.5821E+06 -8.3844E+04  2.6912E+04
0000479   1.6419E+06 -1.1498E+05 -8.2198E+04
0000480   1.5980E+06 -2.9094E+04  1.0280E+04
0000481   1.6210E+06 -2.9468E+03 -4.8030E+04
0000482   1.6205E+06 -1.5571E+05 -2.8988E+03
0000483   1.6444E+06  1.1502E+05  6.1717E+04
0000484   1.6178E+06  3.0662E+04 -4.1486E+04
0000485   1.6381E+06 -9.3717E+04  5.1430E+03
0000486   1.6520E+06 -4.3822E+04  3.5337E+04
0000487   1.5992E+06  1.2174E+03  3.2727E+04
0000488   1.6302E+06  3.8003E+04  2.1830E+04
0000489   1.6406E+06 -5.6762E+04  1.6513E+04
0000490   1.6428E+06 -1.7321E+04 -2.9959E+04
0000491   1.6941E+06 -2.7428E+04 -9.7307E+03
0000492   1.6335E+06  2.7133E+04  1.1550E+04
0000493   1.6569E+06  1.5231E+03 -5.6877E+04
0000494   1.6184E+06  6.0958E+04 -1.1661E+03
0000495   1.5754E+06 -1.5953E+04  3.5133E+04
0000496   1.6304E+06 -1.4522E+04 -3.0407E+03
0000497   1.6378E+06  4.0277E+04  3.2696E+03
0000498   1.6285E+06 -1.1298E+04  3.3688E+04
0000499   1.6326E+06 -9.6753E+02  3.2171E+04
0000500   1.6442E+06 -2.5939E+04 -2.8559E+04
0000501   1.6224E+06 -5.8338E+04 -4.7360E+04
0000502   1.6243E+06 -7.1135E+03  4.8882E+04
0000503   1.6216E+06  7.6220E+04  6.0757E+04
0000504   1.5840E+06 -9.5089E+03 -1.5416E+05
0000505   1.5853E+06 -6.0223E+04 -4.1026E+04
0000506   1.6181E+06  5.1956E+04  2.5201E+04
0000507   1.6323E+06  2.4435E+04  3.9442E+04
0000508   1.6120E+06  5.8990E+04  1.0339E+05
0000509   1.6487E+06  2.7187E+03 -8.6063E+04
0000510   1.6526E+06  4.1708E+04 -8.8800E+04
0000511   1.6437E+06 -4.7901E+03 -1.5203E+04
0000512   1.6580E+06  3.1356E+03  2.4557E+04
0000513   1.6331E+06  9.0305E+04 -5.1372E+04
0000514   1.6012E+06 -2.7139E+04  1.0090E+04
0000515   1.6470E+06  3.0328E+03  2.7648E+04
0000516   1.6318E+06 -7.9392E+04  1.0133E+04
0000517   1.6151E+06 -4.6926E+04 -4.2426E+03
0000518   1.5906E+06 -4.2805E+04 -1.2486E+04
0000519   1.6710E+06 -2.7623E+04  1.7686E+04
0000520   1.6571E+06  4.3106E+04  9.7726E+04
0000521   1.5888E+06  3.6801E+04  6.3696E+04
0000522   1.6744E+06  4.6405E+03 -2.3514E+04
0000523   1.6996E+06  1.0230E+03 -3.9496E+04
0000524   1.6429E+06 -3.3901E+04 -3.7892E+04
0000525   1.6750E+06 -2.4752E+04  4.8894E+04
0000526   1.6172E+06 -2.8249E+04 -7.1550E+04
0000527   1.5869E+06  2.1179E+05 -1.1742E+05
0000528   1.6138E+06 -2.2985E+05 -1.2298E+04
0000529   1.6189E+06 -7.2054E+04  7.1756E+04
0000530   1.6409E+06  2.5171E+04  1.5712E+05
0000531   1.6601E+06 -3.7293E+04  6.8758E+04
0000532   1.7008E+06  7.8729E+04 -2.0412E+04
0000533   1.6302E+06 -7.1826E+04 -1.6307E+03
0000534   1.6499E+06 -8.0240E+04 -7.2243E+04
0000535   1.6175E+06  1.1319E+05  5.8284E+04
0000536   1.6121E+06 -3.9113E+04  5.9916E+04
0000537   1.6274E+06 -2.9816E+04  6.5661E+04
0000538   1.6676E+06  2.7796E+04 -4.8156E+04
0000539   1.5973E+06 -3.3826E+04 -6.4353E+03
0000540   1.6491E+06 -3.5504E+04 -2.0412E+04
0000541   1.6127E+06 -4.1952E+04 -3.8877E+04
0000542   1.6226E+06  1.9355E+04  8.4342E+04
0000543   1.6508E+06  4.4580E+04  1.6807E+04
0000544   1.6154E+06  4.9468E+03  6.3582E+03
0000545   1.6551E+06 -8.2450E+04  7.9941E+04
0000546   1.6444E+06 -7.9139E+04 -1.5289E+04
0000547   1.6759E+06 -5.5272E+04  1.3542E+04
0000548   1.6698E+06  2.4343E+04  3.7320E+04
0000549   1.6574E+06  2.3732E+04 -4.1312E+03
0000550   1.6246E+06 -1.6950E+04  6.5271E+04
0000551   1.6300E+06  6.5748E+04 -1.1112E+05
0000552   1.6470E+06  7.2992E+04  4.2445E+04
0000553   1.6526E+06  7.2748E+04  9.2206E+04
0000554   1.6533E+06 -1.5933E+04 -6.6974E+04
0000555   1.5895E+06 -2.2536E+04  7.1730E+04
0000556   1.5951E+06 -1.2813E+04  6.4424E+04
0000557   1.6448E+06  7.4138E+03  1.9811E+04
0000558   1.5954E+06 -1.9544E+05 -8.7471E+04
0000559   1.6129E+06  5.0794E+04  2.0134E+04
0000560   1.6253E+06 -1.3932E+04 -2.2489E+04
0000561   1.6387E+06  4.5058E+04 -3.9846E+04
0000562   1.6726E+06  5.9498E+04 -1.4605E+04
0000563   1.5633E+06  2.2763E+05 -5.7376E+03
0000564   1.6255E+06  4.1049E+04  3.7781E+04
0000565   1.5939E+06  5.1506E+04  1.6611E+05
0000566   1.6090E+06 -9.1015E+04  4.0382E+04
0000567   1.6339E+06 -3.0443E+04 -5.4916E+04
0000568   1.6486E+06 -9.0810E+04 -5.7918E+04
0000569   1.6161E+06  7.8378E+04  1.1961E+04
0000570   1.6581E+06 -1.8112E+04  6.4203E+04
0000571   1.5829E+06 -8.9189E+04  7.0657E+04
0000572   1.6485E+06 -4.6576E+03 -1.8974E+04
0000573   1.6241E+06 -4.4910E+03 -6.2685E+03
0000574   1.6471E+06  8.1821E+04 -4.3102E+04
0000575   1.7006E+06  2.4200E+04 -2.7063E+04
0000576   1.6241E+06  3.7912E+04 -4.0717E+04
0000577   1.6099E+06 -4.3783E+04  4.5962E+04
0000578   1.6271E+06 -5.8391E+02 -1.5384E+04
0000579   1.6432E+06  1.3881E+03  3.0003E+04
0000580   1.6476E+06  5.3958E+04 -4.7361E+03
0000581   1.6074E+06  7.8220E+04 -8.6843E+04
0000582   1.6204E+06  4.2115E+04  2.1159E+04
0000583   1.5431E+06 -3.7450E+05  2.8261E+05
0000584   1.6239E+06  1.8668E+04 -6.5204E+04
0000585   1.6067E+06 -3.3774E+04  4.7263E+04
0000586   1.6218E+06  1.5148E+04 -1.9929E+04
0000587   1.6366E+06  9.5171E+02 -4.8882E+04
0000588   1.6557E+06 -2.6656E+04  4.7232E+04
0000589   1.6163E+06 -6.5560E+04  2.6036E+04
0000590   1.6835E+06 -4.4077E+04  6.9830E+04
0000591   1.6040E+06  5.5351E+04 -4.2148E+04
0000592   1.5977E+06 -3.2298E+04 -4.4037E+04
0000593   1.6117E+06  1.1346E+05 -1.7510E+04
0000594   1.6166E+06 -3.8120E+04  1.1171E+04
0000595   1.6540E+06 -1.6518E+04 -4.1175E+03
0000596   1.6201E+06 -3.3200E+03  3.4451E+04
0000597   1.6184E+06  1.8557E+04 -1.0437E+04
0000598   1.6299E+06  7.4955E+04 -4.3800E+04
0000599   1.6383E+06 -5.7232E+04  2.1093E+04
0000600   1.6344E+06  7.4987E+04  4.0355E+04
0000601   1.6372E+06  7.3422E+04  1.0593E+05
0000602   1.6257E+06 -7.5229E+04 -4.7599E+04
0000603   1.6067E+06  5.9716E+04 -2.3493E+04
0000604   1.6086E+06 -1.3927E+03  4.0723E+04
0000605   1.6242E+06 -6.3204E+04 -3.0307E+03
0000606   1.6327E+06 -4.8162E+03 -1.6447E+04
0000607   1.5904E+06 -1.3616E+05 -8.3141E+04
0000608   1.6441E+06  2.3267E+04  7.8581E+04
0000609   1.6317E+06  6.8569E+04 -3.6836E+04
0000610   1.6243E+06  1.0221E+05 -7.7333E+04
0000611   1.6155E+06 -1.7451E+04 -7.4969E+04
0000612   1.6392E+06  4.9023E+04 -1.9734E+04
0000613   1.6389E+06  4.1385E+04 -4.1397E+04
0000614   1.6596E+06 -1.4889E+04 -4.2996E+04
0000615   1.5788E+06 -1.1104E+05 -1.9112E+05
0000616   1.6466E+06  2.8500E+04  6.6000E+04
0000617   1.6548E+06  1.0287E+03 -6.0592E+04
0000618   1.6597E+06  5.1601E+03  1.0025E+05
0000619   1.6607E+06 -3.2243E+04  9.7984E+01
0000620   1.6518E+06  6.9305E+04  1.7842E+04
0000621   1.6421E+06 -1.6629E+05  8.2605E+04
0000622   1.6531E+06 -3.4024E+04  1.9989E+04
0000623   1.6462E+06  2.4189E+04  3.9071E+03
0000624   1.6218E+06  5.8519E+04 -2.8351E+04
0000625   1.5744E+06 -7.5476E+04  1.6272E+05
0000626   1.6171E+06  6.8002E+04  3.7304E+04
0000627   1.6445E+06 -5.0276E+04 -1.0240E+04
0000628   1.6095E+06  7.5365E+04 -1.3758E+04
0000629   1.6433E+06 -3.9044E+04 -4.4323E+04
0000630   1.6397E+06 -1.3740E+04 -3.0827E+03
0000631   1.6249E+06 -2.7346E+04 -3.2715E+04
0000632   1.6320E+06 -3.5990E+04  4.4269E+04
0000633   1.6287E+06  5.0433E+04  3.5538E+04
0000634   1.6228E+06 -9.6350E+04  9.8660E+04
0000635   1.6801E+06 -9.7723E+03  7.1402E+04
0000636   1.6243E+06  4.2892E+04 -3.1618E+04
0000637   1.6151E+06 -1.9797E+04 -2.2846E+04
0000638   1.6271E+06 -1.0285E+05 -1.7618E+05
0000639   1.6351E+06 -9.2686E+02  8.1428E+03
0000640   1.6387E+06  1.8353E+03  1.1158E+04
0000641   1.6673E+06 -3.5037E+04 -1.6139E+04
0000642   1.6003E+06  5.9443E+04  5.2012E+04
0000643   1.6168E+06  3.4469E+04 -3.0374E+04
0000644   1.6372E+06  1.3933E+04  3.6273E+04
0000645   1.6568E+06 -7.4615E+03  2.4191E+03
0000646   1.6553E+06 -1.2279E+05  6.7510E+04
0000647   1.6156E+06 -3.9889E+03  2.4897E+04
0000648   1.6267E+06 -1.0791E+05 -5.9575E+04
0000649   1.5590E+06 -6.6627E+01 -1.3715E+04
0000650   1.6042E+06 -1.1994E+05 -5.2153E+04
0000651   1.7047E+06 -2.9658E+04  1.7195E+04
0000652   1.6116E+06  1.1392E+04 -2.3603E+04
0000653   1.5859E+06 -7.6321E+04 -5.1851E+03
0000654   1.5919E+06 -1.2296E+04  1.4543E+05
0000655   1.6744E+06  2.7869E+04 -3.4707E+04
0000656   1.6120E+06 -4.1210E+03 -3.0931E+04
0000657   1.6242E+06  4.5191E+04  3.0755E+03
0000658   1.6281E+06  3.3959E+04  3.4317E+04
0000659   1.6238E+06 -5.6119E+04  9.9354E+04
0000660   1.6304E+06  1.7206E+04  3.3112E+04
0000661   1.6517E+06 -1.5364E+04 -1.5717E+04
0000662   1.6456E+06 -4.0348E+04  5.7596E+04
0000663   1.6239E+06 -5.0779E+04 -7.6503E+04
0000664   1.5849E+06  3.1940E+04 -3.1074E+04
0000665   1.6620E+06  2.6430E+04 -3.9525E+04
0000666   1.6093E+06 -1.0912E+05 -1.3177E+04
0000667   1.6449E+06  5.3627E+04 -5.9540E+04
0000668   1.6119E+06  1.1228E+04 -9.1527E+03
0000669   1.6514E+06 -3.9225E+04  4.6883E+04
0000670   1.6674E+06 -7.0218E+03 -2.9383E+04
0000671   1.6829E+06 -3.2598E+04  5.3314E+03
0000672   1.6363E+06  7.1339E+04 -1.0445E+05
0000673   1.6037E+06 -3.2499E+04 -6.3633E+04
0000674   1.5633E+06 -3.6584E+04  1.0328E+04
0000675   1.5843E+06  6.7937E+04 -3.4426E+04
0000676   1.6299E+06 -8.4425E+04 -7.1512E+04
0000677   1.6118E+06 -5.0769E+04 -4.7083E+04
0000678   1.6289E+06 -5.7862E+02 -9.3421E+04
0000679   1.6329E+06  9.0492E+04 -5.3704E+04
0000680   1.6273E+06  3.0058E+04  4.2283E+04
0000681   1.6268E+06  3.8962E+03  7.5237E+04
0000682   1.6370E+06  2.3752E+04 -2.5975E+04
0000683   1.6335E+06 -1.6294E+04 -4.9447E+04
0000684   1.6433E+06  4.6431E+04 -4.7925E+04
0000685   1.6285E+06 -3.0114E+04 -1.9591E+04
0000686   1.6037E+06 -1.1546E+05 -3.7395E+04
0000687   1.6061E+06 -4.7778E+04  9.1398E+04
0000688   1.6099E+06 -1.4048E+03  3.4331E+01
0000689   1.6235E+06 -1.2720E+05  1.3112E+05
0000690   1.6628E+06  4.2497E+04 -1.1861E+05
0000691   1.6461E+06 -1.2142E+05  2.8955E+04
0000692   1.6560E+06  2.2911E+04 -2.6744E+04
0000693   1.6328E+06  1.0391E+05  1.4645E+04
0000694   1.6098E+06  6.6931E+04  3.8849E+04
0000695   1.6060E+06 -1.3173E+05  4.9759E+04
0000696   1.6478E+06 -3.9760E+04 -8.8813E+03
0000697   1.6349E+06  2.1390E+04 -2.8568E+03
0000698   1.6261E+06  4.6331E+04 -2.7033E+04
0000699   1.5977E+06  7.7067E+03  4.2807E+04
0000700   1.6224E+06 -5.0419E+04  2.5337E+04
0000701   1.5840E+06  3.9379E+04  5.9055E+03
0000702   1.6364E+06 -4.5705E+04 -3.9535E+04
0000703   1.6146E+06 -3.7331E+03  2.5627E+04
0000704   1.6270E+06 -4.4291E+04  6.3630E+03
0000705   1.6393E+06 -1.8226E+05  9.6922E+04
0000706   1.6214E+06 -1.1009E+04  4.7125E+04
0000707   1.6463E+06  5.1073E+04  1.1031E+05
0000708   1.6731E+06  6.9999E+04 -2.1271E+04
0000709   1.5671E+06  3.3838E+04  5.8058E+04
0000710   1.6305E+06 -3.7767E+04 -2.3738E+04
0000711   1.6440E+06 -5.3760E+04  3.0408E+04
0000712   1.6673E+06  3.6944E+04 -5.3324E+04
0000713   1.6075E+06 -1.2776E+04 -1.1669E+05
0000714   1.6690E+06 -4.5734E+04  1.0450E+05
0000715   1.6042E+06 -1.0544E+05 -2.0594E+04
0000716   1.6547E+06 -3.8198E+04  4.1534E+04
0000717   1.6595E+06  7.4274E+04  2.6101E+04
0000718   1.6468E+06 -2.3634E+04 -1.7470E+04
0000719   1.6440E+06  1.0177E+05  3.2301E+04
0000720   1.6387E+06  5.3519E+04 -3.8148E+04
0000721   1.6375E+06  3.1931E+04  9.6313E+03
0000722   1.6640E+06  1.6052E+04 -1.9475E+04
0000723   1.5929E+06 -2.0005E+04  8.1725E+04
0000724   1.6230E+06  1.9570E+04 -4.0323E+04
0000725   1.6059E+06  1.4060E+05  6.2190E+04
0000726   1.6169E+06  1.8535E+04  4.5491E+04
0000727   1.6506E+06  5.7275E+03  1.0732E+05
0000728   1.6240E+06  5.2893E+04 -9.4157E+04
0000729   1.5877E+06  3.6991E+04  1.2788E+05
0000730   1.6830E+06 -2.2606E+04  6.6214E+03
0000731   1.5993E+06 -4.2356E+04 -2.0654E+04
0000732   1.5605E+06  8.0123E+04 -7.2992E+04
0000733   1.6362E+06 -5.8674E+04  4.3433E+04
0000734   1.6005E+06  2.5520E+04  5.2764E+04
0000735   1.6550E+06 -1.2675E+04 -6.5107E+04
0000736   1.5972E+06  6.2089E+04  2.9825E+03
0000737   1.6248E+06  3.4056E+04  4.8989E+04
0000738   1.6134E+06 -2.9398E+04 -6.4675E+04
0000739   1.6567E+06  1.6248E+04 -6.4463E+04
0000740   1.5988E+06 -8.0462E+04 -2.3352E+04
0000741   1.6461E+06 -2.5797E+04  7.5955E+03
0000742   1.6247E+06 -7.8288E+04  3.1584E+04
0000743   1.6655E+06  1.9083E+04  1.4918E+04
0000744   1.6354E+06 -2.4702E+04  1.1432E+04
0000745   1.6038E+06 -4.4238E+03 -1.7742E+05
0000746   1.5911E+06 -9.8502E+04  1.3634E+05
0000747   1.6137E+06  3.5100E+03  2.0895E+04
0000748   1.6457E+06  3.0670E+04  1.0877E+05
0000749   1.6016E+06 -9.2096E+04  2.4301E+05
0000750   1.6133E+06  1.0815E+05  1.4038E+04
0000751   1.6320E+06 -1.7486E+05  9.4235E+04
0000752   1.6301E+06  4.7833E+04  1.4886E+04
0000753   1.6089E+06 -2.6151E+04  2.1007E+04
0000754   1.6097E+06  1.3024E+05  1.2346E+05
0000755   1.6470E+06  1.8916E+04 -1.0462E+05
0000756   1.5980E+06 -3.7458E+04  6.1096E+04
0000757   1.6199E+06  2.5407E+04 -5.7707E+04
0000758   1.4814E+06  7.6087E+04  4.0015E+04
0000759   1.6486E+06 -1.3376E+03 -1.0556E+04
0000760   1.6538E+06  2.9074E+04 -4.7585E+04
0000761   1.6571E+06  3.4277E+04  3.3495E+04
0000762   1.6312E+06  7.4555E+04 -1.3195E+05
0000763   1.6344E+06 -7.6578E+03 -6.6863E+04
0000764   1.5973E+06  6.0598E+04  8.2091E+04
0000765   1.6517E+06  7.7861E+04  1.3537E+04
0000766   1.6798E+06  1.3019E+05  8.4255E+04
0000767   1.6078E+06  4.7475E+04  2.4580E+04
0000768   1.6091E+06  9.4198E+04  7.2031E+04
0000769   1.6235E+06  9.2091E+03  4.7447E+04
0000770   1.6684E+06 -2.7627E+03 -6.3329E+04
0000771   1.6024E+06  5.3989E+04 -4.5077E+04
0000772   1.6168E+06  1.5916E+05  4.3131E+04
0000773   1.5871E+06 -1.4484E+04  6.6188E+03
0000774   1.6571E+06  7.5968E+03 -9.3466E+03
0000775   1.6396E+06 -5.0013E+03 -6.2867E+04
0000776   1.6351E+06  1.4648E+04 -3.6701E+04
0000777   1.6422E+06  5.8460E+04 -6.3682E+04
0000778   1.6548E+06  5.5538E+04  8.1581E+04
0000779   1.6219E+06 -7.2227E+04  6.0040E+04
0000780   1.6130E+06 -5.9558E+04 -1.6644E+04
0000781   1.5978E+06  1.2379E+04  2.8619E+04
0000782   1.6079E+06 -4.3028E+04 -1.0978E+05
0000783   1.6459E+06 -6.3927E+04  5.3487E+03
0000784   1.6682E+06  5.7952E+04  8.6516E+03
0000785   1.6421E+06 -5.2222E+03  5.5203E+02
0000786   1.6071E+06 -7.0588E+04  9.8842E+03
0000787   1.6552E+06 -1.0062E+04 -1.9837E+04
0000788   1.6437E+06 -1.5608E+04  7.0778E+03
0000789   1.6752E+06  3.2879E+04 -5.6848E+04
0000790   1.6232E+06 -9.5354E+04  2.9681E+04
0000791   1.5866E+06  1.2666E+04  4.3417E+04
0000792   1.6340E+06 -4.8920E+04  4.1724E+04
0000793   1.6310E+06 -2.8402E+04 -5.0142E+03
0000794   1.5889E+06  1.6276E+04  9.1392E+04
0000795   1.6367E+06  6.9270E+04 -3.2499E+04
0000796   1.6106E+06 -1.0932E+05  5.8519E+04
0000797   1.6704E+06 -1.6705E+04  1.9831E+04
0000798   1.6741E+06  7.3581E+03 -5.6798E+03
0000799   1.6042E+06 -5.4891E+04  8.7841E+03
0000800   1.5907E+06  7.5334E+04 -1.2812E+05
0000801   1.5814E+06  2.6530E+05 -5.0849E+04
0000802   1.5993E+06 -6.8817E+02  3.6946E+03
0000803   1.6228E+06 -6.1581E+04 -5.4996E+03
0000804   1.6719E+06 -3.1613E+02  2.2769E+04
0000805   1.6402E+06 -2.8562E+04 -5.3782E+04
0000806   1.6626E+06 -4.4452E+04 -1.0369E+04
0000807   1.7037E+06  9.8714E+04  5.9055E+04
0000808   1.6338E+06  2.0396E+04 -2.2129E+04
0000809   1.5803E+06  1.3000E+04 -4.8770E+04
0000810   1.5988E+06 -4.8963E+03 -1.2359E+05
0000811   1.6861E+06  1.1431E+05  2.3511E+03
0000812   1.6299E+06  2.0769E+03  1.1238E+05
0000813   1.5734E+06  6.8676E+04 -2.0126E+04
0000814   1.6032E+06 -1.2882E+05  5.3564E+04
0000815   1.6654E+06 -4.6378E+04 -2.8650E+04
0000816   1.6160E+06  8.4510E+04 -3.7106E+04
0000817   1.6411E+06  1.2251E+04  9.6520E+04
0000818   1.6451E+06  4.2777E+04 -5.3504E+04
0000819   1.5667E+06  6.9341E+04 -1.7874E+04
0000820   1.6429E+06  2.2599E+04  3.5968E+04
0000821   1.5957E+06 -1.7141E+05 -1.0588E+05
0000822   1.6381E+06  5.7946E+03 -3.3074E+04
0000823   1.6000E+06 -5.0806E+03 -2.3018E+03
0000824   1.6465E+06 -2.5261E+04 -5.0916E+03
0000825   1.6265E+06 -9.8963E+04  4.7092E+02
0000826   1.6610E+06  2.2227E+04 -4.6088E+04
0000827   1.6628E+06  1.1135E+05 -3.6204E+04
0000828   1.6208E+06  5.2268E+04 -3.6038E+04
0000829   1.6124E+06 -3.2728E+04  2.4880E+04
0000830   1.6203E+06  1.1248E+04  1.4715E+04
0000831   1.6086E+06  1.5278E+05 -6.5636E+04
0000832   1.6285E+06 -1.0737E+04  6.3439E+04
0000833   1.6318E+06 -9.2015E+03 -2.5926E+04
0000834   1.5884E+06  1.9130E+05  2.6465E+04
0000835   1.6266E+06 -7.7252E+04 -2.2046E+04
0000836   1.6094E+06  3.3506E+04  8.4007E+03
0000837   1.6035E+06 -1.0147E+05  8.1810E+04
0000838   1.6188E+06  3.0911E+03 -8.3376E+04
0000839   1.5773E+06 -2.0630E+05 -2.1466E+05
0000840   1.6182E+06  4.5987E+04  1.4754E+05
0000841   1.6334E+06 -2.7785E+04 -3.9359E+03
0000842   1.6469E+06  2.4825E+04 -1.8780E+04
0000843   1.6519E+06 -3.8355E+04  4.5950E+04
0000844   1.6125E+06  4.5949E+04  5.6363E+03
0000845   1.6027E+06  7.3666E+04 -3.4449E+03
0000846   1.5992E+06 -1.2494E+04  4.6093E+04
0000847   1.6628E+06 -4.3800E+04  6.3887E+04
0000848   1.6715E+06  4.2909E+04 -3.0962E+04
0000849   1.6209E+06 -3.9986E+04  6.6366E+04
0000850   1.5915E+06  1.5976E+04  2.0654E+04
0000851   1.5779E+06 -4.1646E+04  2.6400E+04
0000852   1.6634E+06  7.0339E+04 -8.2743E+04
0000853   1.6464E+06 -2.4342E+04 -1.0021E+05
0000854   1.5434E+06  3.7009E+05  1.8746E+05
0000855   1.6115E+06  5.7514E+04  3.7047E+03
0000856   1.6581E+06  2.4051E+04  2.4206E+04
0000857   1.6696E+06  3.0969E+03 -6.2427E+04
0000858   1.6475E+06 -3.0419E+04  2.2188E+04
0000859   1.6400E+06  5.5195E+04 -4.7274E+04
0000860   1.5580E+06  2.9319E+05  1.4610E+05
0000861   1.6014E+06  6.6213E+03  2.3718E+04
0000862   1.6630E+06 -1.1632E+05 -2.0337E+04
0000863   1.6172E+06 -7.0797E+03  3.6288E+04
0000864   1.6312E+06  1.5228E+04 -2.8377E+04
0000865   1.6350E+06  3.3221E+04  5.5178E+04
0000866   1.6037E+06  3.7832E+04  4.9112E+04
0000867   1.6443E+06 -6.4147E+03  1.4783E+03
0000868   1.6050E+06 -3.6143E+04 -6.6023E+04
0000869   1.6880E+06  1.3464E+05  4.9337E+04
0000870   1.6243E+06 -2.1907E+04 -3.3120E+04
0000871   1.6293E+06  6.5410E+04  3.0204E+04
0000872   1.6549E+06  1.2172E+05  8.2416E+04
0000873   1.6269E+06  2.1537E+04  4.3526E+03
0000874   1.5833E+06  8.8703E+04 -6.4550E+04
0000875   1.6340E+06 -8.7504E+04 -1.6024E+04
0000876   1.6437E+06  3.9511E+04 -3.7486E+03
0000877   1.6187E+06 -7.1408E+03 -3.4870E+04
0000878   1.5668E+06 -3.6334E+04  7.7008E+04
0000879   1.6470E+06  1.6910E+05 -7.2778E+04
0000880   1.6348E+06 -1.0633E+05  1.3818E+05
0000881   1.6559E+06 -6.8605E+04 -1.1064E+04
0000882   1.6215E+06 -5.8244E+03 -2.6975E+03
0000883   1.6339E+06  8.9122E+03 -1.5159E+03
0000884   1.6515E+06  2.4398E+04  2.6200E+04
0000885   1.6251E+06  2.2215E+04  4.0876E+04
0000886   1.5612E+06  8.7548E+04  1.4989E+04
0000887   1.6417E+06  2.3573E+04 -2.6225E+04
0000888   1.6603E+06  1.8184E+05 -4.6498E+04
0000889   1.6600E+06  1.0122E+05 -6.7579E+03
0000890   1.5736E+06 -1.0122E+04 -6.0620E+04
0000891   1.6236E+06 -4.5284E+04  7.6032E+04
0000892   1.6371E+06  3.1521E+04  3.4700E+04
0000893   1.6240E+06 -2.8318E+04  2.0474E+04
0000894   1.6845E+06  2.1385E+03 -5.4507E+03
0000895   1.6430E+06  9.4391E+02  4.4129E+04
0000896   1.6322E+06 -1.8910E+04 -1.3642E+04
0000897   1.5434E+06 -2.2545E+04 -1.4271E+05
0000898   1.6580E+06 -4.0550E+04  6.2409E+04
0000899   1.6848E+06 -8.8348E+04  4.3827E+04
0000900   1.6242E+06  5.9330E+04 -1.1369E+05
0000901   1.6127E+06  5.1633E+03 -1.1893E+04
0000902   1.6211E+06 -8.5096E+03  1.2290E+04
0000903   1.6353E+06 -2.4152E+05  7.9120E+04
0000904   1.6791E+06 -3.1989E+04  2.7211E+03
0000905   1.6212E+06 -3.7442E+04  2.5076E+03
0000906   1.6271E+06 -4.3564E+04  6.6406E+04
0000907   1.6162E+06 -1.1878E+05 -1.9844E+04
0000908   1.6325E+06 -1.2343E+04  5.6522E+04
0000909   1.6481E+06  5.2224E+04  5.8735E+04
0000910   1.6164E+06 -1.1443E+04  1.5527E+03
0000911   1.6369E+06  2.4224E+04  1.2821E+05
0000912   1.6445E+06 -1.0917E+04  6.2064E+04
0000913   1.6625E+06 -1.8412E+04  3.9116E+04
0000914   1.6719E+06 -1.3504E+04 -3.8805E+04
0000915   1.6165E+06 -9.4614E+04  1.4767E+04
0000916   1.6290E+06  1.3420E+05 -4.0906E+04
0000917   1.6045E+06 -1.1720E+04 -9.3272E+04
0000918   1.6116E+06  2.2912E+04 -8.7416E+04
0000919   1.6286E+06 -9.0146E+04  5.6352E+03
0000920   1.6135E+06 -3.2449E+04  1.9029E+04
0000921   1.5746E+06 -7.1569E+04  4.3522E+04
0000922   1.6009E+06  5.1922E+04  9.5987E+04
0000923   1.6075E+06  4.0517E+04  2.7337E+04
0000924   1.6508E+06 -5.1019E+04 -3.6478E+04
0000925   1.6311E+06  9.7853E+04  2.0925E+04
0000926   1.6488E+06  1.3082E+04  8.8883E+04
0000927   1.6522E+06  4.0476E+04 -1.6946E+03
0000928   1.6492E+06  1.3247E+04 -9.2165E+03
0000929   1.6008E+06  3.6027E+04 -2.9155E+04
0000930   1.6320E+06  9.2174E+03  6.7217E+04
0000931   1.6566E+06 -8.2458E+03 -2.3220E+04
0000932   1.6476E+06  2.5728E+04 -4.0146E+04
0000933   1.6792E+06 -4.5506E+04 -2.3311E+04
0000934   1.6805E+06  3.5749E+04  3.4742E+04
0000935   1.6377E+06 -2.4635E+04  4.3805E+03
0000936   1.6402E+06 -3.6252E+04  2.1321E+04
0000937   1.6402E+06 -2.7361E+04 -2.1032E+04
0000938   1.6463E+06 -7.5357E+03 -8.6601E+04
0000939   1.6602E+06 -9.7218E+04 -3.7801E+04
0000940   1.6235E+06 -1.7597E+04  1.4751E+05
0000941   1.6508E+06  5.7817E+04 -1.7294E+04
0000942   1.6904E+06  5.8047E+04  5.1675E+04
0000943   1.5849E+06  9.1322E+03 -1.3259E+03
0000944   1.6350E+06 -1.4520E+05  3.7336E+04
0000945   1.6463E+06  3.3271E+04 -7.0348E+04
0000946   1.6424E+06  1.0624E+04 -4.2569E+04
0000947   1.6233E+06 -5.5657E+04 -2.5051E+04
0000948   1.6497E+06  2.7138E+04  4.7254E+03
0000949   1.6214E+06 -1.9556E+03  1.0373E+04
0000950   1.6340E+06 -3.7820E+04  8.5358E+02
0000951   1.6470E+06 -1.3194E+05 -1.9759E+04
0000952   1.6291E+06 -6.7541E+04 -1.5249E+04
0000953   1.6347E+06  4.2139E+04  3.4361E+04
0000954   1.6072E+06 -1.1038E+05 -1.1604E+05
0000955   1.6115E+06 -3.2765E+04 -7.3132E+00
0000956   1.5567E+06  1.8408E+05 -9.3984E+04
0000957   1.6207E+06 -3.7698E+03 -1.0965E+04
0000958   1.6225E+06 -2.1916E+04 -1.0415E+04
0000959   1.6794E+06 -7.8585E+04  1.5126E+03
0000960   1.6430E+06 -8.8373E+03 -8.2259E+04
0000961   1.6300E+06 -1.0629E+05  3.9237E+04
0000962   1.6317E+06  1.2526E+04  2.9524E+04
0000963   1.6374E+06  1.1376E+03 -1.9515E+04
0000964   1.6011E+06 -4.0559E+04 -2.7623E+04
0000965   1.6548E+06 -1.0836E+05 -1.1389E+05
0000966   1.6255E+06  3.7354E+04  1.7092E+04
0000967   1.6207E+06 -1.5955E+04 -3.6067E+04
0000968   1.6199E+06  1.2649E+05 -4.0856E+03
0000969   1.6234E+06  6.4935E+04 -1.9647E+05
0000970   1.6180E+06 -9.8099E+04 -3.0378E+04
0000971   1.5787E+06  2.0442E+05  7.9644E+03
0000972   1.6456E+06  2.0593E+04 -1.0386E+05
0000973   1.6339E+06 -1.6597E+04  7.4105E+04
0000974   1.6841E+06  2.1207E+04  3.3291E+04
0000975   1.6003E+06  1.6463E+05  1.0901E+05
0000976   1.6462E+06  2.7417E+04 -1.9959E+04
0000977   1.6395E+06  9.5619E+04 -9.3259E+04
0000978   1.6756E+06  1.1376E+03  5.9359E+04
0000979   1.6231E+06 -3.2639E+04  5.5687E+04
0000980   1.6602E+06  4.2342E+04  1.6072E+02
0000981   1.6025E+06 -1.6928E+04 -2.3479E+04
0000982   1.6592E+06  8.8036E+03 -2.7402E+04
0000983   1.6666E+06  4.3078E+04 -2.2448E+03
0000984   1.6277E+06  5.0967E+04 -8.8121E+04
0000985   1.6300E+06  6.4367E+04  3.8187E+04
0000986   1.6428E+06  1.7663E+04  2.6552E+04
0000987   1.6732E+06  3.6595E+02 -3.5097E+03
0000988   1.6416E+06 -3.0054E+04  7.2996E+03
0000989   1.6363E+06  1.0902E+05  5.9031E+04
0000990   1.6469E+06 -3.0947E+04 -5.5269E+04
0000991   1.6260E+06 -2.8718E+05 -3.8040E+04
0000992   1.6364E+06  3.6572E+04 -5.7009E+04
0000993   1.6212E+06  2.2849E+04 -3.7519E+04
0000994   1.6654E+06 -1.5798E+05 -2.4601E+04
0000995   1.6108E+06  1.2273E+05  7.2901E+04
0000996   1.6079E+06  9.8787E+04  7.8462E+03
0000997   1.6162E+06 -4.1688E+04 -4.9646E+04
0000998   1.6099E+06  3.3669E+03  6.5622E+04
0000999   1.5563E+06  2.5972E+04 -2.2135E+04
0001000   1.6205E+06 -8.5498E+04  1.2302E+04
