============================== SRIM-2013.00 ==============================
==============================================================================
====== SRIM Outputs\RANGE_3D.txt : File of Final Ion Positions =====

Ion =  H (01)   Ion Mass= 001.0080
Energy  = 3700000.E-03 keV
Ion Angle to Surface = 00.0 degrees
==================== TARGET =======================
  Layer # 1 - Si_Top    
  Layer # 1 - Bottom Depth=300000.E+01 A
  Layer # 1 - Density =0002.3210 g/cm3
  Layer # 1 -  100 % of Si
икикикикикикикикикикикикикикикикикикикикикикикикикикикикикикикикикикикикикикикикикикикикикикикикикикикик
  Layer # 2 - Si_Bottom 
  Layer # 2 - Bottom Depth=600000.E+01 A
  Layer # 2 - Density =0002.3210 g/cm3
  Layer # 2 -  100 % of Si
икикикикикикикикикикикикикикикикикикикикикикикикикикикикикикикикикикикикикикикикикикикикикикикикикикикик
                                            
Ion       Depth  X   Lateral Y   Lateral Z  
Number    (Angstrom) (Angstrom)  (Angstrom) 
-------  ----------- ----------- -----------
0000001   1.3100E+06 -4.4882E+04 -1.0583E+04
0000002   1.3162E+06  9.0999E+04 -2.5783E+05
0000003   1.3396E+06 -9.5455E+03  2.0431E+04
0000004   1.2946E+06  2.6433E+04 -1.5132E+04
0000005   1.3058E+06 -2.0788E+04 -4.1229E+03
0000006   1.3159E+06  2.7049E+04  3.7879E+04
0000007   1.3543E+06  6.5963E+04 -2.2350E+04
0000008   1.3200E+06  6.0127E+02  9.6543E+03
0000009   1.3631E+06  1.6178E+04  3.1530E+04
0000010   1.3113E+06 -7.6636E+04  2.6675E+04
0000011   1.3135E+06  4.7505E+04 -3.5835E+04
0000012   1.3225E+06  2.7920E+04 -4.2071E+04
0000013   1.3288E+06  3.6339E+04  8.0490E+04
0000014   1.3291E+06 -2.0323E+04 -2.0624E+04
0000015   1.3111E+06  4.7672E+03  7.3939E+04
0000016   1.3426E+06 -3.8831E+04  2.8828E+04
0000017   1.3382E+06 -6.4711E+03 -1.3070E+04
0000018   1.3077E+06 -3.8948E+04 -4.0364E+04
0000019   1.2615E+06 -5.9406E+04  1.3578E+05
0000020   1.3032E+06 -3.6957E+03  3.6162E+04
0000021   1.3338E+06 -2.4814E+04  2.2192E+04
0000022   1.2821E+06 -4.3185E+04 -5.9744E+04
0000023   1.2948E+06  2.5280E+04 -9.8660E+04
0000024   1.3226E+06  8.1808E+03 -9.7839E+03
0000025   1.3191E+06  7.0183E+03 -5.0645E+04
0000026   1.2906E+06 -3.9776E+04 -8.4755E+03
0000027   1.3284E+06 -9.9786E+04 -2.2830E+04
0000028   1.3342E+06  4.3663E+04  4.7463E+04
0000029   1.2893E+06 -5.9105E+04  9.6243E+04
0000030   1.3046E+06 -5.5367E+04 -3.9438E+04
0000031   1.3364E+06  5.4831E+03 -6.5149E+04
0000032   1.3095E+06  5.8777E+04 -3.6934E+04
0000033   1.3283E+06 -1.2809E+03 -3.7690E+04
0000034   1.3176E+06  2.0079E+04  3.4561E+04
0000035   1.3236E+06 -2.9889E+04  6.9194E+04
0000036   1.3054E+06  1.3659E+04  2.2566E+04
0000037   1.3005E+06  9.6464E+04 -7.3137E+04
0000038   1.3158E+06  3.8020E+04  4.9035E+04
0000039   1.3207E+06 -8.2303E+04 -6.9936E+04
0000040   1.3328E+06  5.8805E+04 -8.2862E+03
0000041   1.3307E+06 -5.7131E+03  2.2841E+04
0000042   1.2925E+06 -7.2620E+04 -9.0154E+04
0000043   1.2876E+06  3.9526E+04 -3.2683E+04
0000044   1.3258E+06 -2.4225E+04  8.7899E+04
0000045   1.3187E+06 -7.2518E+03  6.2352E+04
0000046   1.3158E+06 -1.6225E+04 -2.4011E+04
0000047   1.3422E+06  4.4648E+04  1.1871E+03
0000048   1.3191E+06 -4.3447E+04  6.3817E+04
0000049   1.3017E+06 -3.2137E+04 -1.1104E+05
0000050   1.3122E+06 -1.0284E+05 -6.8668E+04
0000051   1.3406E+06 -6.1261E+04  6.4335E+04
0000052   1.3206E+06 -2.7642E+04  5.3863E+04
0000053   1.3082E+06  4.1788E+04 -3.5264E+04
0000054   1.3395E+06 -4.4966E+04  4.5215E+04
0000055   1.3062E+06  8.5699E+04  6.8487E+04
0000056   1.3270E+06 -1.7345E+03  4.5205E+04
0000057   1.3464E+06 -1.3619E+04  1.8008E+04
0000058   1.2821E+06 -3.0496E+04  9.3833E+04
0000059   1.3207E+06  2.7120E+04  3.7895E+04
0000060   1.3319E+06  4.4395E+02  6.8016E+04
0000061   1.3390E+06 -1.5493E+04  2.8143E+03
0000062   1.3040E+06  5.2907E+03 -1.1227E+05
0000063   1.2939E+06  4.4633E+04  2.0911E+04
0000064   1.3120E+06  1.0308E+04  6.0101E+04
0000065   1.3375E+06 -1.8585E+04 -7.6447E+04
0000066   1.3442E+06 -7.5772E+04 -1.6125E+04
0000067   1.3138E+06 -4.7823E+04 -1.3177E+05
0000068   1.3202E+06  3.7693E+03  3.1108E+03
0000069   1.2717E+06 -6.0371E+03  1.8767E+04
0000070   1.3394E+06  9.1573E+04  2.0601E+04
0000071   1.3342E+06 -8.1341E+04  1.1841E+05
0000072   1.2884E+06 -4.0677E+04 -2.0384E+04
0000073   1.3246E+06 -9.9342E+03  5.2974E+04
0000074   1.3284E+06 -1.0108E+03  2.1729E+04
0000075   1.3248E+06 -6.5984E+04 -4.8239E+04
0000076   1.3664E+06 -1.4589E+04 -4.5548E+04
0000077   1.3312E+06  6.6141E+04 -2.1836E+04
0000078   1.3261E+06 -7.9582E+03  4.5823E+03
0000079   1.3409E+06 -2.0610E+04  8.2860E+04
0000080   1.3050E+06 -1.9262E+04  6.3142E+04
0000081   1.3197E+06 -4.7855E+04 -8.9461E+04
0000082   1.3258E+06 -1.5690E+04  1.4648E+03
0000083   1.3323E+06 -9.2040E+03 -6.3713E+04
0000084   1.3223E+06  2.1297E+04  3.6615E+04
0000085   1.3375E+06 -4.9457E+04  2.1248E+04
0000086   1.3455E+06 -2.7897E+04  3.5449E+04
0000087   1.3028E+06  1.7509E+04 -7.4236E+04
0000088   1.3210E+06  6.8221E+03 -4.2435E+03
0000089   1.3163E+06  7.1461E+04  5.8933E+04
0000090   1.2754E+06 -3.7017E+04 -8.7322E+04
0000091   1.3081E+06 -1.6147E+04  2.7805E+04
0000092   1.2787E+06 -6.2302E+03  4.3176E+04
0000093   1.3039E+06  5.2536E+04 -1.3515E+04
0000094   1.3301E+06 -3.2946E+04  4.1541E+04
0000095   1.3229E+06  7.2104E+04 -2.2270E+04
0000096   1.3374E+06 -5.2575E+04  2.8841E+04
0000097   1.3421E+06  8.6129E+04  5.6399E+04
0000098   1.3009E+06 -6.3480E+04  4.6524E+04
0000099   1.3395E+06  9.7115E+03  1.8498E+04
0000100   1.3156E+06  2.4125E+03  2.0739E+04
0000101   1.3076E+06  2.8225E+03  3.2645E+04
0000102   1.2881E+06 -6.0797E+04  1.8232E+04
0000103   1.3442E+06 -6.9872E+04  1.6009E+03
0000104   1.3230E+06 -1.8295E+03  1.1514E+04
0000105   1.3185E+06 -2.1504E+04  7.6664E+04
0000106   1.3263E+06 -5.5461E+04 -1.2838E+04
0000107   1.3293E+06 -9.4715E+04  1.1868E+05
0000108   1.3627E+06 -2.0024E+04 -3.4496E+04
0000109   1.3376E+06 -5.3468E+04  3.0643E+03
0000110   1.3682E+06  1.2277E+04  6.0240E+03
0000111   1.3171E+06 -5.7381E+04 -4.9117E+04
0000112   1.3353E+06  1.3668E+04 -2.6453E+04
0000113   1.2819E+06 -2.1073E+04  2.5548E+04
0000114   1.3184E+06 -1.8047E+04 -1.2303E+04
0000115   1.3315E+06 -4.4027E+04  8.7000E+03
0000116   1.2834E+06 -8.6928E+04  2.9814E+04
0000117   1.3273E+06 -3.3592E+04  6.2424E+04
0000118   1.3276E+06  8.2512E+03 -9.8576E+03
0000119   1.3155E+06  7.6658E+04 -1.9027E+04
0000120   1.3189E+06  5.8783E+04  1.9984E+04
0000121   1.3155E+06 -2.5724E+04 -1.4401E+04
0000122   1.2978E+06 -2.9802E+04 -4.6483E+04
0000123   1.3035E+06  6.6510E+04 -8.6181E+04
0000124   1.3531E+06  8.4532E+04  1.2359E+05
0000125   1.3250E+06 -6.5300E+04 -4.5645E+04
0000126   1.2930E+06  1.2268E+04  1.2576E+04
0000127   1.2925E+06  2.4573E+04  2.9969E+04
0000128   1.3367E+06  1.2179E+04 -5.7609E+03
0000129   1.3521E+06  2.5958E+04  3.3826E+04
0000130   1.2843E+06 -1.4936E+05 -7.4342E+04
0000131   1.3237E+06  7.6190E+04 -4.6781E+04
0000132   1.3390E+06 -1.7692E+04 -9.5559E+04
0000133   1.3109E+06 -2.9620E+04 -7.0453E+04
0000134   1.3227E+06  6.7205E+03 -7.3582E+03
0000135   1.3637E+06 -8.1329E+03 -1.9684E+04
0000136   1.3337E+06 -1.4374E+02  4.2196E+04
0000137   1.3003E+06  1.8989E+04  1.3148E+04
0000138   1.3264E+06  1.9605E+04  5.8360E+03
0000139   1.3272E+06 -3.3157E+04 -5.8328E+03
0000140   1.3235E+06 -5.6142E+03 -1.8285E+03
0000141   1.3239E+06 -1.1459E+04 -5.8047E+03
0000142   1.3191E+06 -4.5060E+04 -2.5187E+04
0000143   1.3100E+06 -5.0329E+03 -3.5172E+04
0000144   1.3196E+06  3.0951E+04  1.6297E+04
0000145   1.3344E+06 -2.4743E+03  2.7120E+04
0000146   1.3718E+06  5.2915E+03  1.2912E+04
0000147   1.3250E+06 -1.9922E+04  1.7225E+04
0000148   1.3446E+06 -4.0033E+04 -1.2861E+05
0000149   1.3153E+06  1.4493E+04 -2.3234E+04
0000150   1.2876E+06  3.1376E+04 -2.7689E+04
0000151   1.3005E+06 -2.7179E+04 -1.3260E+04
0000152   1.3494E+06  9.1173E+03 -3.7444E+04
0000153   1.2958E+06  1.6821E+05 -2.4574E+03
0000154   1.3442E+06 -3.8456E+04  6.9339E+04
0000155   1.3213E+06  4.6604E+03  1.3744E+05
0000156   1.2538E+06  3.0117E+05 -2.1356E+05
0000157   1.3188E+06 -1.0946E+04  1.9447E+03
0000158   1.3479E+06  4.4081E+04  1.7876E+04
0000159   1.3302E+06 -2.2683E+04 -2.2531E+04
0000160   1.3501E+06 -3.3550E+04  6.8595E+04
0000161   1.3252E+06 -4.6181E+03 -1.2044E+04
0000162   1.3249E+06  4.6938E+04  1.0433E+04
0000163   1.2982E+06 -6.4260E+04  7.6142E+04
0000164   1.3513E+06 -2.7756E+04  1.9663E+04
0000165   1.3199E+06 -4.8555E+04 -7.7984E+03
0000166   1.3262E+06 -5.0128E+03 -8.4835E+04
0000167   1.3027E+06  9.0376E+04 -1.8704E+04
0000168   1.3166E+06  9.3687E+03  2.9804E+03
0000169   1.3428E+06 -1.1857E+04 -1.8636E+04
0000170   1.3186E+06  1.1704E+05  6.3256E+04
0000171   1.3332E+06 -4.3780E+04 -5.9135E+03
0000172   1.3588E+06 -6.6308E+03 -5.5354E+04
0000173   1.3379E+06  1.4436E+04  6.6113E+03
0000174   1.3310E+06 -4.4810E+04  2.2141E+04
0000175   1.3451E+06 -3.6393E+04  8.5866E+02
0000176   1.3340E+06 -4.1303E+04  6.9363E+03
0000177   1.3502E+06  2.4508E+04 -7.0463E+04
0000178   1.2922E+06  6.2631E+04 -2.3772E+04
0000179   1.2993E+06 -1.5974E+04 -3.6882E+04
0000180   1.3034E+06  1.0313E+04  2.9912E+04
0000181   1.2655E+06  2.6953E+04 -6.4123E+04
0000182   1.2896E+06 -1.6638E+03 -6.3068E+04
0000183   1.3014E+06 -8.0385E+04  6.5389E+04
0000184   1.3156E+06 -2.0371E+04  3.9280E+04
0000185   1.3138E+06  3.8804E+04  1.2055E+04
0000186   1.3256E+06  1.3227E+04 -3.0657E+04
0000187   1.3449E+06  5.5269E+04 -2.9027E+04
0000188   1.2750E+06 -1.3883E+04  4.5445E+04
0000189   1.2982E+06 -4.0998E+03  1.0469E+04
0000190   1.3320E+06  1.5544E+03 -8.4133E+03
0000191   1.2370E+06 -4.9009E+04  4.7053E+05
0000192   1.2829E+06  4.0886E+04  9.2566E+03
0000193   1.3010E+06 -5.2210E+03 -5.4996E+04
0000194   1.3640E+06 -6.0697E+03  1.6285E+04
0000195   1.2963E+06  1.0897E+05  5.3730E+04
0000196   1.3348E+06  4.5187E+04  4.1241E+04
0000197   1.3194E+06  1.3308E+04  8.7395E+03
0000198   1.3330E+06  1.1756E+04 -5.8859E+04
0000199   1.3323E+06  3.8788E+02  2.2941E+04
0000200   1.2877E+06  8.8978E+03 -6.7852E+04
0000201   1.2420E+06 -6.3757E+04 -2.1416E+05
0000202   1.3211E+06 -4.1204E+04  1.5464E+03
0000203   1.2605E+06  6.4575E+04  2.0995E+04
0000204   1.3375E+06 -8.7648E+04  3.7232E+04
0000205   1.3499E+06  2.3350E+04  2.6387E+04
0000206   1.3752E+06 -1.8389E+04 -3.8881E+04
0000207   1.3017E+06  9.7181E+03  4.5434E+04
0000208   1.3314E+06  3.5944E+04 -5.5716E+04
0000209   1.3222E+06  4.0906E+04 -7.1524E+04
0000210   1.3130E+06 -1.0499E+04  7.9512E+04
0000211   1.3210E+06 -5.0577E+03  8.6312E+03
0000212   1.3084E+06 -4.7894E+04  6.5727E+04
0000213   1.2848E+06 -1.3516E+05  6.9020E+04
0000214   1.3498E+06  4.5220E+03  3.9064E+04
0000215   1.3338E+06 -2.8110E+04  2.5310E+04
0000216   1.3131E+06 -4.6838E+04 -1.6306E+04
0000217   1.3229E+06  1.6681E+04 -1.3984E+03
0000218   1.3082E+06  5.7653E+04  5.4057E+04
0000219   1.3428E+06  5.1911E+04 -2.4870E+04
0000220   1.3262E+06 -1.4395E+04  5.0955E+04
0000221   1.3403E+06  3.3973E+04 -4.3196E+04
0000222   1.3169E+06 -8.8344E+04  7.7388E+04
0000223   1.2663E+06 -2.7762E+04  3.6574E+04
0000224   1.3197E+06  1.9881E+04 -2.5248E+04
0000225   1.2992E+06 -4.0906E+04 -2.0319E+03
0000226   1.3011E+06 -2.3715E+04  5.8372E+04
0000227   1.3123E+06 -3.8263E+04  1.4743E+04
0000228   1.2935E+06  6.3026E+04  3.2810E+03
0000229   1.3816E+06  1.3047E+04  4.7210E+04
0000230   1.3495E+06  4.1639E+04  3.2706E+03
0000231   1.3312E+06  4.2849E+04 -2.0130E+03
0000232   1.2813E+06  2.1773E+04  2.4195E+04
0000233   1.3130E+06  7.8934E+04 -5.3986E+04
0000234   1.3419E+06 -6.6419E+04  1.8603E+04
0000235   1.3124E+06 -2.1317E+04 -5.0149E+04
0000236   1.3210E+06  2.6499E+04 -6.1718E+04
0000237   1.2699E+06 -4.0750E+04  3.2309E+04
0000238   1.3155E+06 -3.8532E+04 -2.7842E+04
0000239   1.2971E+06  4.4978E+04 -1.3970E+04
0000240   1.3068E+06  3.9643E+04 -3.5872E+03
0000241   1.3380E+06  6.8635E+04  4.7749E+04
0000242   1.3345E+06  3.4996E+04  6.5707E+02
0000243   1.3082E+06 -1.9469E+04 -2.6245E+04
0000244   1.3082E+06 -3.4284E+03 -5.0816E+04
0000245   1.2879E+06  7.8382E+03  1.0688E+05
0000246   1.3328E+06  2.0739E+04  2.6469E+04
0000247   1.3561E+06 -4.2084E+03  1.1154E+04
0000248   1.3413E+06  9.7646E+04 -1.8529E+04
0000249   1.3617E+06 -5.1996E+04 -6.2094E+03
0000250   1.2678E+06 -2.1786E+04  8.7684E+04
0000251   1.3415E+06 -3.1584E+04  2.9084E+04
0000252   1.3037E+06 -1.3866E+04 -1.9133E+04
0000253   1.3133E+06 -6.1577E+04 -1.2164E+03
0000254   1.3075E+06  2.3996E+04 -3.3180E+03
0000255   1.3104E+06 -8.0469E+03  1.5507E+04
0000256   1.3116E+06 -2.2548E+04 -1.3745E+04
0000257   1.3034E+06  1.3970E+05 -3.5255E+04
0000258   1.3036E+06 -5.0301E+03  6.7229E+04
0000259   1.2932E+06 -3.1215E+04  4.4470E+04
0000260   1.1388E+06 -3.7282E+05 -8.9269E+04
0000261   1.3078E+06  1.3036E+04 -8.4155E+04
0000262   1.3140E+06 -5.4545E+04 -1.1907E+04
0000263   1.3218E+06  4.0027E+04 -5.0876E+04
0000264   1.3639E+06  2.3317E+03 -5.0020E+03
0000265   1.3032E+06 -1.7068E+04 -3.8982E+04
0000266   1.3262E+06  5.9223E+03  2.1972E+03
0000267   1.2761E+06  4.0391E+04  3.3830E+04
0000268   1.3260E+06 -1.1118E+04 -5.0872E+04
0000269   1.3037E+06  3.2616E+04  1.6497E+04
0000270   1.3231E+06  3.0467E+04 -3.2597E+04
0000271   1.2854E+06  1.0122E+04 -6.6236E+03
0000272   1.3025E+06 -3.8761E+04  2.9992E+04
0000273   1.3280E+06 -7.7104E+04  5.6438E+04
0000274   1.3106E+06 -1.6930E+04 -1.7682E+04
0000275   1.3393E+06  5.8314E+04  2.6944E+04
0000276   1.3181E+06 -4.8617E+04 -4.4543E+04
0000277   1.3341E+06  2.6914E+04 -1.2633E+05
0000278   1.3403E+06 -6.8699E+04 -1.5499E+04
0000279   1.3228E+06 -1.8244E+05 -5.1712E+04
0000280   1.3440E+06 -1.0054E+05 -5.5595E+04
0000281   1.3466E+06 -2.0559E+04 -5.7917E+03
0000282   1.3278E+06  3.6570E+04 -5.4564E+04
0000283   1.3102E+06  1.2238E+04 -1.0727E+04
0000284   1.3121E+06  8.9453E+04  2.8154E+04
0000285   1.3342E+06 -3.6880E+04 -5.0660E+04
0000286   1.3048E+06 -8.8257E+03 -2.6956E+04
0000287   1.3135E+06  8.5883E+04  1.0996E+05
0000288   1.3271E+06 -2.3511E+04  1.3231E+04
0000289   1.3401E+06 -1.2464E+04 -1.9523E+03
0000290   1.3103E+06  2.1149E+04 -7.2507E+03
0000291   1.3321E+06  3.3384E+04 -2.3398E+03
0000292   1.3437E+06  6.0463E+04 -3.4794E+04
0000293   1.3202E+06 -1.1953E+04  2.3094E+04
0000294   1.3008E+06 -7.3572E+04  8.9621E+04
0000295   1.3720E+06 -4.6347E+04  2.0168E+04
0000296   1.3487E+06  8.8641E+04  1.0124E+04
0000297   1.3323E+06 -1.7381E+04 -6.5085E+03
0000298   1.3104E+06 -1.8391E+04  2.0406E+04
0000299   1.2934E+06 -1.0380E+03 -6.6908E+03
0000300   1.3122E+06  1.5179E+05 -1.4155E+03
0000301   1.3734E+06  6.3912E+04  5.5478E+04
0000302   1.3297E+06  3.4049E+03  5.8530E+03
0000303   1.3371E+06  3.2642E+04  2.8173E+04
0000304   1.2975E+06 -3.8778E+04  4.4748E+04
0000305   1.2872E+06  2.9479E+04 -1.6041E+04
0000306   1.3430E+06 -5.1692E+04  7.2256E+04
0000307   1.3065E+06  6.7584E+04 -6.5454E+03
0000308   1.3222E+06 -4.9007E+03  8.6271E+03
0000309   1.3089E+06  2.5065E+04 -2.0841E+03
0000310   1.1239E+06 -3.2733E+05  6.1543E+04
0000311   1.3618E+06  2.4728E+04  3.0212E+04
0000312   1.3236E+06  1.3121E+04 -2.0030E+04
0000313   1.3085E+06 -1.2337E+04  2.5870E+04
0000314   1.3320E+06 -9.8512E+03 -5.8120E+04
0000315   1.3146E+06  7.7335E+03  4.8236E+04
0000316   1.3321E+06 -6.4966E+04 -2.8753E+04
0000317   1.2879E+06 -9.1311E+04  5.7759E+04
0000318   1.3355E+06  7.3761E+03  4.4593E+03
0000319   1.3137E+06 -7.9210E+03 -6.9878E+04
0000320   1.3122E+06  6.0754E+04  4.8390E+04
0000321   1.2894E+06  2.7508E+04 -4.0620E+04
0000322   1.2755E+06 -2.4741E+04  1.0502E+03
0000323   1.3137E+06 -4.3100E+02 -2.4302E+04
0000324   1.2903E+06 -2.9051E+04  4.2538E+03
0000325   1.3317E+06 -4.2212E+04 -7.7878E+04
0000326   1.3291E+06  1.2838E+04 -3.0138E+04
0000327   1.2908E+06 -2.3286E+04 -3.2142E+04
0000328   1.2935E+06 -3.8774E+04 -1.7116E+04
0000329   1.3412E+06 -4.5615E+04  8.2778E+03
0000330   1.3049E+06  4.7110E+04 -1.0534E+04
0000331   1.3434E+06  3.5044E+04 -7.2747E+04
0000332   1.3013E+06 -1.1042E+04  6.3285E+02
0000333   1.3628E+06 -9.1099E+03 -3.2832E+04
0000334   1.3235E+06 -3.8042E+04  2.7535E+04
0000335   1.2928E+06 -9.7276E+04  8.2355E+03
0000336   1.3705E+06  1.5749E+03  1.7186E+04
0000337   1.2954E+06 -7.2277E+04 -4.7206E+04
0000338   1.3082E+06 -9.4440E+03  4.1279E+04
0000339   1.3177E+06  4.0642E+04  1.9300E+04
0000340   1.2968E+06 -1.4858E+05 -9.7491E+04
0000341   1.3374E+06 -1.5371E+05  4.5035E+04
0000342   1.3597E+06  1.3001E+04  9.6790E+03
0000343   1.3045E+06 -1.9971E+04 -1.1624E+03
0000344   1.3182E+06  2.4729E+04  3.1949E+03
0000345   1.3466E+06  2.3997E+04 -5.5134E+03
0000346   1.3313E+06 -1.9221E+04  4.2512E+04
0000347   1.3299E+06  6.1388E+04  1.8209E+04
0000348   1.2935E+06  4.2162E+03  9.1656E+03
0000349   1.3179E+06  7.9298E+03  1.8886E+04
0000350   1.3509E+06 -6.4137E+04 -1.3840E+04
0000351   1.3022E+06  1.4176E+04  2.0760E+04
0000352   1.3254E+06 -4.5693E+04 -5.0098E+03
0000353   1.3379E+06 -7.8552E+04 -4.4293E+03
0000354   1.3453E+06 -5.4954E+04 -6.6161E+04
0000355   1.3148E+06 -1.4430E+04  2.7665E+04
0000356   1.3101E+06  1.2755E+05  1.2184E+05
0000357   1.3211E+06  1.2943E+04 -2.8203E+04
0000358   1.3364E+06  3.6556E+04 -1.5194E+04
0000359   1.3023E+06  2.0025E+04 -3.8825E+04
0000360   1.3283E+06  2.2359E+04 -1.1504E+05
0000361   1.3408E+06  2.0625E+04 -1.0763E+04
0000362   1.3328E+06 -6.0344E+04  6.2537E+04
0000363   1.3019E+06  7.3883E+04 -1.7634E+03
0000364   1.3085E+06  1.9638E+04 -5.9781E+04
0000365   1.2899E+06 -1.1055E+04 -5.1272E+04
0000366   1.3235E+06 -2.5943E+04 -5.7630E+04
0000367   1.3130E+06  1.9147E+04  1.1129E+04
0000368   1.3030E+06 -4.3074E+04 -7.2718E+03
0000369   1.2865E+06  3.2462E+04  9.1458E+04
0000370   1.3121E+06  8.8854E+03 -5.0100E+04
0000371   1.3330E+06 -2.7947E+04 -4.4211E+04
0000372   1.3263E+06  2.9480E+03 -4.3122E+04
0000373   1.3450E+06 -7.6379E+03  2.4054E+04
0000374   1.2954E+06 -2.8664E+04  7.0332E+04
0000375   1.3558E+06 -7.7216E+04  5.2190E+03
0000376   1.3489E+06  2.5869E+04 -3.0064E+04
0000377   1.3019E+06  7.9100E+04  2.2795E+04
0000378   1.2899E+06  2.3220E+04  5.0194E+04
0000379   1.3157E+06  2.9992E+04 -5.4149E+04
0000380   1.3327E+06  5.4136E+04  7.7257E+03
0000381   1.3352E+06 -1.9269E+04 -1.6414E+04
0000382   1.3138E+06 -6.4398E+04  7.1373E+03
0000383   1.3158E+06  2.5594E+03  4.2941E+04
0000384   1.2998E+06 -2.5953E+04  1.1547E+04
0000385   1.3377E+06  5.6436E+04  7.2795E+03
0000386   1.2918E+06  9.1141E+03  9.1856E+04
0000387   1.3014E+06  2.6557E+04  6.7891E+04
0000388   1.3326E+06  8.4822E+04 -6.4951E+04
0000389   1.3194E+06  5.8175E+04 -4.5744E+04
0000390   1.2901E+06 -2.7893E+04 -3.9978E+04
0000391   1.3052E+06 -1.4815E+04  6.1444E+03
0000392   1.3008E+06  7.4664E+02 -5.1495E+03
0000393   1.3266E+06  1.5385E+04 -8.3073E+04
0000394   1.3090E+06  5.2117E+04  1.9066E+04
0000395   1.3365E+06  1.0192E+04 -1.1707E+04
0000396   1.3480E+06 -8.5240E+03 -4.4239E+04
0000397   1.3064E+06  2.8542E+04  7.3045E+04
0000398   1.3382E+06 -4.6283E+04 -5.0234E+04
0000399   1.3086E+06  2.1079E+04  5.6694E+03
0000400   1.3142E+06 -2.2350E+03  4.2115E+03
0000401   1.3248E+06 -9.8600E+02 -5.6991E+04
0000402   1.3280E+06  3.2580E+04  1.4988E+04
0000403   1.3035E+06  8.7956E+03  6.7047E+04
0000404   1.3074E+06 -1.5153E+04  2.6700E+04
0000405   1.3508E+06 -1.9431E+04  1.0728E+04
0000406   1.3023E+06 -6.6574E+04 -6.0720E+03
0000407   1.3532E+06 -6.5798E+04  7.9661E+04
0000408   1.3206E+06 -2.2223E+04 -2.5702E+04
0000409   1.3193E+06 -8.3014E+03  1.8192E+04
0000410   1.3007E+06 -5.6346E+04 -3.4240E+02
0000411   1.3331E+06 -1.4086E+04  5.2311E+04
0000412   1.2875E+06 -2.8649E+03 -5.6398E+04
0000413   1.3060E+06  6.4329E+04  3.9471E+04
0000414   1.3109E+06 -3.6997E+03  6.7868E+04
0000415   1.3313E+06  1.0387E+04  3.6458E+04
0000416   1.3101E+06 -5.2979E+04 -2.1524E+04
0000417   1.3214E+06 -1.2467E+05  4.9373E+03
0000418   1.2927E+06 -8.0403E+02  9.5910E+04
0000419   1.3633E+06 -7.4117E+04 -5.3531E+04
0000420   1.2992E+06  2.8992E+04  3.9494E+03
0000421   1.3070E+06 -4.3098E+04  1.5503E+04
0000422   1.3122E+06  2.5560E+04 -1.0881E+04
0000423   1.3060E+06  1.4535E+02 -2.4457E+04
0000424   1.3325E+06 -5.9350E+04  2.1872E+03
0000425   1.2477E+06  1.5353E+05 -6.5649E+04
0000426   1.3053E+06  5.5309E+03  2.6509E+04
0000427   1.3271E+06 -1.7874E+04 -1.4204E+03
0000428   1.3101E+06  3.9102E+04  1.2914E+04
0000429   1.3245E+06  1.0838E+04 -3.9113E+04
0000430   1.2791E+06  4.7917E+04  1.6388E+05
0000431   1.3109E+06 -6.5577E+02 -1.8677E+04
0000432   1.2989E+06 -1.3443E+05  1.2440E+03
0000433   1.2885E+06 -4.5124E+04 -7.2681E+03
0000434   1.3256E+06 -2.1372E+04  8.5360E+04
0000435   1.3204E+06  1.2570E+04  1.7176E+04
0000436   1.2672E+06 -5.6237E+04 -6.5797E+03
0000437   1.3358E+06 -2.6406E+04  4.3795E+04
0000438   1.3051E+06 -1.0431E+05  3.2091E+04
0000439   1.3125E+06  5.8922E+03  2.7840E+04
0000440   1.3164E+06  6.2041E+04  7.3957E+04
0000441   1.3069E+06 -2.1691E+04 -1.3932E+04
0000442   1.3568E+06  3.0986E+04 -2.5754E+04
0000443   1.3155E+06  2.6895E+04 -1.0335E+04
0000444   1.3170E+06  1.9948E+03  7.8309E+04
0000445   1.3139E+06  1.3259E+03  3.5126E+04
0000446   1.3531E+06  7.8787E+03 -1.1276E+04
0000447   1.3398E+06 -8.0900E+04  1.3261E+05
0000448   1.3173E+06 -3.1584E+04  1.2327E+04
0000449   1.3667E+06  3.5159E+04  2.4512E+04
0000450   1.3170E+06  9.8012E+03  1.5562E+05
0000451   1.3344E+06 -7.0858E+04  2.1871E+04
0000452   1.3432E+06 -5.3137E+04  1.8980E+03
0000453   1.3391E+06  4.5733E+04  2.4497E+04
0000454   1.3370E+06  1.8489E+04  3.3739E+04
0000455   1.3289E+06 -1.7867E+04 -3.8299E+04
0000456   1.2872E+06  1.7110E+04  7.2463E+03
0000457   1.3475E+06  7.4245E+03 -9.3775E+04
0000458   1.2801E+06 -7.3981E+04 -2.6081E+04
0000459   1.3358E+06  1.3682E+04  3.1658E+04
0000460   1.2971E+06 -1.2308E+04 -5.3755E+04
0000461   1.3400E+06 -2.2953E+04 -3.7809E+04
0000462   1.3124E+06 -5.0366E+03 -1.6145E+04
0000463   1.3187E+06  1.0628E+04 -4.7144E+04
0000464   1.2878E+06 -3.4480E+04  1.5751E+05
0000465   1.3287E+06 -2.5931E+04 -3.1357E+04
0000466   1.3163E+06  9.0920E+03  1.4413E+04
0000467   1.2960E+06 -1.4945E+05  9.2771E+04
0000468   1.3622E+06 -3.6109E+04  4.9268E+04
0000469   1.2900E+06  2.0104E+04  3.4786E+04
0000470   1.3197E+06  4.1029E+04  1.1121E+04
0000471   1.3089E+06 -2.6692E+04 -3.8954E+04
0000472   1.3154E+06  3.0398E+04 -3.7921E+04
0000473   1.3106E+06 -1.2028E+05 -7.1237E+03
0000474   1.2828E+06  2.1525E+05 -6.3377E+04
0000475   1.3387E+06 -2.0577E+04 -5.0681E+04
0000476   1.3356E+06 -1.3664E+04 -1.6019E+04
0000477   1.2647E+06  3.4792E+04  5.0094E+04
0000478   1.3299E+06 -1.0780E+04  1.1367E+04
0000479   1.2954E+06 -2.4776E+04 -1.3802E+04
0000480   1.3350E+06  3.0799E+02 -4.9617E+04
0000481   1.3373E+06  4.2467E+04 -3.4864E+04
0000482   1.3294E+06  1.2039E+05  6.8697E+03
0000483   1.2860E+06 -2.8717E+04  2.1796E+04
0000484   1.3043E+06  4.7650E+04  4.9178E+03
0000485   1.3034E+06  8.3807E+04 -1.6249E+04
0000486   1.3545E+06  2.6690E+04 -7.8509E+04
0000487   1.2857E+06 -2.5446E+04  4.6043E+04
0000488   1.3266E+06  3.9224E+04  8.5978E+04
0000489   1.3250E+06 -7.9848E+04 -1.1527E+05
0000490   1.3403E+06  6.1072E+04 -3.4566E+03
0000491   1.3290E+06 -2.4722E+04 -8.6123E+04
0000492   1.3046E+06 -2.3609E+04  3.8076E+04
0000493   1.3310E+06 -4.4812E+04  6.5604E+04
0000494   1.3404E+06  1.2784E+04 -9.3089E+03
0000495   1.2920E+06 -3.9970E+04  6.5054E+04
0000496   1.3616E+06 -2.7928E+04  8.9041E+03
0000497   1.3208E+06 -4.7692E+04 -7.0898E+04
0000498   1.3325E+06  2.9994E+04 -4.8875E+03
0000499   1.3348E+06  1.0655E+05 -3.4304E+04
0000500   1.2937E+06  5.9987E+04 -2.6773E+04
0000501   1.3015E+06 -7.2433E+04 -1.2825E+05
0000502   1.3438E+06  8.2519E+03 -2.0140E+04
0000503   1.3380E+06 -2.7785E+04  1.3560E+04
0000504   1.3163E+06 -1.9785E+04 -5.4923E+04
0000505   1.3129E+06 -6.2532E+03 -5.4363E+03
0000506   1.3065E+06  1.2798E+03  6.6416E+04
0000507   1.3159E+06  3.4707E+04  3.7113E+04
0000508   1.3462E+06 -3.8185E+03 -5.8236E+02
0000509   1.3076E+06 -5.5664E+04  7.7411E+03
0000510   1.3278E+06  9.6038E+04  3.8019E+03
0000511   1.3413E+06  5.8144E+03 -1.0017E+04
0000512   1.3252E+06 -2.1782E+04  2.1029E+04
0000513   1.2932E+06  2.7923E+04 -4.8219E+04
0000514   1.2711E+06  1.1221E+04  3.2647E+04
0000515   1.3201E+06  2.0976E+04 -6.0090E+04
0000516   1.3530E+06  6.1322E+03  5.4033E+03
0000517   1.3252E+06 -6.1515E+04  7.0835E+03
0000518   1.3006E+06 -1.5169E+04 -3.2053E+04
0000519   1.3299E+06  4.6790E+04  7.1883E+04
0000520   1.2944E+06  1.8377E+04  8.6608E+03
0000521   1.3260E+06  7.1809E+04 -2.2050E+04
0000522   1.3372E+06  1.2013E+03  1.2429E+04
0000523   1.3503E+06 -1.1963E+04 -3.2944E+04
0000524   1.3000E+06 -2.1960E+04 -8.4764E+03
0000525   1.3187E+06  1.4633E+04 -2.2654E+04
0000526   1.3413E+06 -3.8354E+04  2.8444E+04
0000527   1.3307E+06 -1.8486E+04  1.0949E+04
0000528   1.3270E+06  4.8439E+04  1.7028E+03
0000529   1.3115E+06 -6.9062E+04  3.2034E+04
0000530   1.3192E+06  4.7831E+04  2.1307E+04
0000531   1.3303E+06 -8.3797E+03  6.7969E+03
0000532   1.2662E+06  1.9129E+03 -3.6819E+04
0000533   1.3141E+06 -1.6054E+04  5.2466E+04
0000534   1.3177E+06 -3.5856E+04  9.4070E+02
0000535   1.3120E+06 -5.6128E+04 -3.8376E+04
0000536   1.3270E+06  2.8736E+04 -3.3379E+04
0000537   1.3407E+06 -1.7290E+04 -1.3151E+04
0000538   1.3289E+06  1.7743E+04  8.6303E+02
0000539   1.3262E+06 -1.5873E+04  6.9525E+04
0000540   1.3151E+06 -4.8575E+03  4.5146E+04
0000541   1.3241E+06  5.1524E+04  4.3047E+04
0000542   1.2709E+06  1.0423E+05 -1.4270E+04
0000543   1.3376E+06 -1.2856E+04 -2.5088E+04
0000544   1.2955E+06 -8.0701E+02  7.3836E+04
0000545   1.3103E+06 -4.7752E+04 -2.3019E+04
0000546   1.3242E+06  1.5580E+03 -1.4991E+04
0000547   1.3481E+06 -1.2833E+03 -1.7244E+04
0000548   1.3008E+06 -2.6253E+04  3.0657E+04
0000549   1.3243E+06  3.3033E+04  1.7564E+04
0000550   1.3361E+06 -6.2263E+03 -6.5050E+04
0000551   1.3473E+06  1.6039E+04  8.4963E+03
0000552   1.3554E+06  2.0140E+04  4.5126E+04
0000553   1.3041E+06  7.1389E+04 -2.0948E+04
0000554   1.3592E+06  2.7924E+03 -2.6250E+04
0000555   1.3224E+06  7.0234E+04 -2.9031E+03
0000556   1.3141E+06 -2.0577E+03 -2.5361E+04
0000557   1.2733E+06 -9.5548E+04 -1.3995E+04
0000558   1.3326E+06  3.9367E+04  1.1670E+04
0000559   1.2964E+06 -1.4776E+04 -5.0322E+03
0000560   1.3246E+06 -5.3661E+04  5.3608E+04
0000561   1.2951E+06 -4.0087E+04 -6.6431E+04
0000562   1.3536E+06  4.4027E+04 -1.5079E+04
0000563   1.3458E+06 -5.0845E+04  2.6977E+03
0000564   1.3396E+06  6.4124E+04 -3.4284E+04
0000565   1.3498E+06  2.1426E+04 -6.6088E+04
0000566   1.3250E+06 -3.5666E+04  6.4996E+04
0000567   1.2829E+06  1.3678E+05 -1.5705E+05
0000568   1.3111E+06  1.8038E+05 -2.2105E+04
0000569   1.3191E+06 -8.3020E+04 -1.1207E+04
0000570   1.3275E+06 -4.2902E+04  4.9052E+03
0000571   1.3164E+06 -5.0344E+04 -1.9399E+02
0000572   1.3349E+06  1.9475E+03  1.8027E+04
0000573   1.3440E+06  4.1964E+04 -3.2427E+04
0000574   1.3308E+06  1.1968E+04  1.7612E+04
0000575   1.3375E+06 -6.2578E+04  3.1534E+04
0000576   1.3032E+06 -5.0249E+04 -1.4991E+04
0000577   1.3223E+06  4.3052E+04  4.8856E+04
0000578   1.3308E+06  8.2916E+03 -4.0212E+04
0000579   1.3495E+06  1.7762E+04 -4.2181E+04
0000580   1.2836E+06 -2.2169E+04 -4.4852E+04
0000581   1.3041E+06 -1.7223E+04  1.1102E+03
0000582   1.3297E+06  3.9239E+04 -8.1585E+03
0000583   1.3248E+06  1.3145E+04 -4.0627E+04
0000584   1.3361E+06  6.1042E+04 -2.7842E+04
0000585   1.3575E+06  9.5579E+04  3.6540E+04
0000586   1.3333E+06 -4.0078E+04  8.0171E+04
0000587   1.2740E+06  7.1703E+04 -7.2132E+04
0000588   1.3186E+06  4.3482E+04  7.7909E+04
0000589   1.3356E+06 -5.2823E+04  1.5508E+04
0000590   1.3482E+06  1.5636E+04  4.0163E+04
0000591   1.3393E+06 -1.4464E+04 -1.4231E+04
0000592   1.3185E+06  5.7409E+04 -1.4059E+04
0000593   1.3253E+06  5.8132E+04  8.3181E+04
0000594   1.3206E+06 -1.8010E+04 -4.3847E+04
0000595   1.3364E+06 -6.4089E+04  1.7375E+04
0000596   1.3240E+06 -2.6799E+04 -1.7454E+04
0000597   1.2890E+06 -2.1239E+04 -4.0153E+04
0000598   1.3367E+06 -1.6823E+05  3.0019E+04
0000599   1.3157E+06 -1.6560E+04  1.7201E+04
0000600   1.3377E+06 -2.7571E+04  5.9372E+04
0000601   1.3118E+06 -1.5229E+03 -1.1283E+03
0000602   1.3346E+06  3.1363E+04 -4.0663E+04
0000603   1.3066E+06  4.2127E+04  1.5434E+04
0000604   1.3259E+06  5.5584E+04  9.5612E+03
0000605   1.3765E+06  2.0788E+03 -5.6822E+04
0000606   1.2472E+06  1.7032E+05 -1.3357E+05
0000607   1.3208E+06 -4.1697E+04 -1.3981E+04
0000608   1.2782E+06  7.7587E+04 -1.0058E+05
0000609   1.2861E+06 -4.1876E+04 -3.2302E+04
0000610   1.3392E+06  5.9694E+04  8.7799E+04
0000611   1.3199E+06 -6.7971E+04  3.6309E+04
0000612   1.2985E+06  2.7095E+04  2.6446E+04
0000613   1.3138E+06 -1.8419E+03 -6.6548E+03
0000614   1.2793E+06  7.3396E+04  1.2480E+04
0000615   1.3000E+06 -3.5610E+03  1.9848E+04
0000616   1.3140E+06 -3.3598E+04  1.0219E+04
0000617   1.2964E+06  2.9200E+04  1.9107E+04
0000618   1.3544E+06 -7.4237E+04 -6.1352E+03
0000619   1.3658E+06 -2.8228E+04 -4.5706E+04
0000620   1.3431E+06  1.8879E+04  8.4607E+03
0000621   1.3017E+06 -5.7503E+04 -4.1256E+04
0000622   1.3297E+06 -1.0375E+04  9.5813E+03
0000623   1.3280E+06 -7.2265E+03 -2.2521E+04
0000624   1.3471E+06 -1.6069E+03 -6.4126E+04
0000625   1.3222E+06 -2.5320E+04  4.6472E+04
0000626   1.3030E+06 -6.5522E+04 -8.1215E+04
0000627   1.3060E+06 -1.5748E+05  9.8711E+04
0000628   1.3448E+06 -2.1232E+04 -4.8665E+04
0000629   1.3155E+06 -3.9779E+04  6.1261E+02
0000630   1.2945E+06  5.8876E+04  4.3043E+04
0000631   1.3030E+06  2.7616E+04 -2.4647E+03
0000632   1.2973E+06  5.8565E+04 -4.9276E+04
0000633   1.3542E+06 -1.9767E+04  3.3818E+04
0000634   1.3275E+06 -1.7501E+04 -6.0839E+04
0000635   1.3514E+06 -5.0259E+04 -5.4643E+04
0000636   1.3058E+06 -2.7568E+04  4.5258E+04
0000637   1.2976E+06  9.2163E+03  3.2837E+04
0000638   1.2937E+06 -2.5678E+05  4.7096E+04
0000639   1.3195E+06 -4.5999E+04 -2.3824E+04
0000640   1.3732E+06  8.5964E+03 -3.3338E+04
0000641   1.3529E+06 -3.6365E+04  4.9008E+04
0000642   1.3302E+06  3.8399E+04 -2.2341E+04
0000643   1.3048E+06 -1.3699E+04 -2.1604E+03
0000644   1.3033E+06  5.7405E+02  3.0969E+04
0000645   1.3115E+06  7.9257E+02  5.0140E+03
0000646   1.3416E+06  8.3971E+04  2.7841E+04
0000647   1.3262E+06  1.4651E+04  9.6805E+04
0000648   1.2859E+06  5.7761E+04  7.1655E+04
0000649   1.2887E+06  4.6622E+04  3.4817E+04
0000650   1.3040E+06 -2.3197E+04 -3.5920E+04
0000651   1.3438E+06  5.7320E+04 -2.0370E+04
0000652   1.3078E+06 -1.6245E+04 -1.4072E+03
0000653   1.3829E+06 -2.8545E+04 -3.8580E+04
0000654   1.3177E+06  6.6346E+04 -9.1175E+04
0000655   1.3349E+06 -4.8960E+04 -2.1372E+04
0000656   1.3116E+06 -1.7048E+04  7.9689E+03
0000657   1.3066E+06 -2.0812E+05  2.9624E+04
0000658   1.3293E+06 -4.8073E+04  3.6236E+04
0000659   1.3286E+06 -4.5625E+04 -1.0436E+04
0000660   1.3346E+06 -3.9543E+04  1.4311E+04
0000661   1.3397E+06  3.2933E+04  8.5224E+04
0000662   1.3012E+06 -9.6239E+04  7.5103E+04
0000663   1.3279E+06 -3.7022E+04 -1.4357E+04
0000664   1.3257E+06  6.2321E+04 -1.2212E+04
0000665   1.3283E+06  1.5209E+04 -2.1684E+04
0000666   1.3469E+06 -7.8953E+04  8.5966E+04
0000667   1.3047E+06 -4.4539E+04 -4.0036E+04
0000668   1.3232E+06 -2.0608E+04  1.7996E+04
0000669   1.3220E+06  2.7232E+04 -5.2457E+04
0000670   1.3568E+06 -2.8360E+04  2.1254E+03
0000671   1.3508E+06  1.8239E+04  3.0595E+04
0000672   1.3183E+06  5.2135E+04 -5.7720E+03
0000673   1.2837E+06  1.0826E+05  5.2553E+04
0000674   1.3188E+06 -1.3320E+04 -3.8645E+04
0000675   1.3301E+06 -7.1589E+03 -9.7716E+03
0000676   1.3152E+06 -2.3637E+04  2.7069E+04
0000677   1.3419E+06  3.7994E+04 -1.2482E+04
0000678   1.2962E+06  9.0359E+04 -9.1438E+04
0000679   1.3726E+06  2.0880E+04  3.9706E+04
0000680   1.3509E+06  2.2717E+04 -5.8955E+04
0000681   1.3303E+06  1.6239E+05  2.7755E+04
0000682   1.3154E+06 -7.8096E+04  2.8975E+04
0000683   1.3178E+06  6.3776E+04  6.3885E+04
0000684   1.3515E+06  6.7134E+03  6.3687E+04
0000685   1.3353E+06  4.4498E+03  2.6931E+04
0000686   1.3167E+06  4.0308E+04  4.0048E+04
0000687   1.3054E+06  4.0975E+04 -9.9436E+04
0000688   1.3417E+06 -1.5341E+04 -3.7651E+04
0000689   1.3072E+06 -2.5190E+04 -2.4291E+04
0000690   1.3268E+06  7.1974E+03 -1.0170E+04
0000691   1.3424E+06 -5.8121E+03  3.9330E+04
0000692   1.2987E+06  1.1356E+04  6.1389E+04
0000693   1.3220E+06 -1.1580E+05  6.8532E+04
0000694   1.3231E+06  1.6738E+04  2.6568E+04
0000695   1.3572E+06  5.9818E+03  4.0174E+02
0000696   1.3335E+06  9.6291E+04  1.2687E+05
0000697   1.3089E+06  2.1920E+04  9.7275E+03
0000698   1.3048E+06  1.0884E+04 -8.9342E+04
0000699   1.2665E+06 -2.7337E+04  8.9996E+03
0000700   1.3016E+06 -7.8864E+04 -2.2414E+04
0000701   1.3651E+06 -1.4229E+04  1.0915E+04
0000702   1.3035E+06  2.3566E+02  2.2830E+04
0000703   1.3306E+06 -6.5139E+04  6.8816E+04
0000704   1.2840E+06 -3.8772E+04  3.8192E+04
0000705   1.3072E+06  1.9543E+04 -2.3834E+04
0000706   1.3683E+06 -2.7297E+04  7.4442E+03
0000707   1.2784E+06  2.7362E+04  3.4524E+04
0000708   1.3088E+06  1.3894E+04  1.4357E+04
0000709   1.3014E+06 -3.7896E+03  8.8915E+04
0000710   1.2968E+06  7.9453E+04 -4.7557E+04
0000711   1.3096E+06 -3.7664E+04 -2.6799E+04
0000712   1.3278E+06 -2.1736E+04 -2.6606E+01
0000713   1.3314E+06 -2.6908E+04  4.8122E+04
0000714   1.3063E+06  8.0190E+04 -1.7348E+04
0000715   1.3106E+06 -2.6361E+04  7.5158E+03
0000716   1.3349E+06  2.7985E+04 -2.5442E+04
0000717   1.2970E+06  8.0690E+04  5.9837E+04
0000718   1.3293E+06  2.7607E+03  3.5363E+04
0000719   1.3384E+06 -3.6987E+04  2.5346E+04
0000720   1.3293E+06 -1.3307E+04  1.2140E+04
0000721   1.3093E+06  1.4415E+04 -3.8540E+04
0000722   1.3164E+06 -3.3452E+04  4.2300E+04
0000723   1.3476E+06 -4.0590E+04 -7.1372E+04
0000724   1.3111E+06  9.2648E+03 -7.1400E+04
0000725   1.3193E+06  9.3620E+02 -1.2660E+04
0000726   1.2680E+06 -9.5538E+03  4.4005E+04
0000727   1.2826E+06 -5.1422E+04 -6.5509E+04
0000728   1.3197E+06 -6.7281E+04 -5.8881E+04
0000729   1.3164E+06 -2.8153E+04 -1.3271E+03
0000730   1.3240E+06 -1.4917E+04  1.0530E+05
0000731   1.3060E+06  5.7273E+04  2.5066E+04
0000732   1.3645E+06 -1.4082E+04 -5.4018E+04
0000733   1.3142E+06  8.9214E+04 -1.6947E+04
0000734   1.3376E+06 -5.4376E+04 -1.0805E+05
0000735   1.2686E+06 -7.0947E+04 -1.8091E+04
0000736   1.2784E+06  2.2686E+04  3.2832E+03
0000737   1.3135E+06  3.1726E+04  5.9027E+03
0000738   1.3309E+06 -2.0955E+04 -2.9519E+04
0000739   1.2783E+06 -9.2559E+03 -8.2336E+04
0000740   1.3085E+06  7.3233E+04  4.1660E+04
0000741   1.2908E+06 -3.3115E+02  1.3297E+04
0000742   1.2921E+06 -4.8640E+04 -9.2892E+04
0000743   1.3504E+06  2.8222E+04  9.8039E+04
0000744   1.3238E+06 -3.8489E+03  5.1063E+04
0000745   1.3714E+06  3.8474E+04 -7.0680E+04
0000746   1.3301E+06  3.4580E+04 -2.1249E+04
0000747   1.3037E+06  1.1862E+04  9.7917E+03
0000748   1.2996E+06  2.4477E+04 -1.7389E+04
0000749   1.2831E+06  6.3327E+04  1.3192E+03
0000750   1.3141E+06  6.7246E+03  5.9402E+04
0000751   1.3529E+06 -1.6869E+04  8.6351E+03
0000752   1.3417E+06 -3.6236E+04 -3.1598E+04
0000753   1.3079E+06 -5.0217E+04 -6.9934E+02
0000754   1.3260E+06  1.1881E+04 -3.7375E+04
0000755   1.3160E+06  2.7922E+04 -1.1837E+04
0000756   1.3143E+06 -4.9738E+04  1.1916E+04
0000757   1.3102E+06 -1.8282E+03  2.1161E+04
0000758   1.3255E+06 -5.7777E+03 -2.3663E+04
0000759   1.3290E+06  5.2373E+04 -1.1769E+04
0000760   1.3367E+06 -4.4482E+04 -8.3648E+04
0000761   1.3031E+06 -9.6980E+04 -1.0554E+05
0000762   1.3431E+06 -4.9235E+04  2.7078E+04
0000763   1.3417E+06 -1.1857E+04  9.6115E+03
0000764   1.3172E+06 -8.2002E+03  3.7960E+04
0000765   1.2981E+06 -1.6311E+04 -1.0256E+04
0000766   1.3352E+06  3.2392E+04  4.9508E+04
0000767   1.3416E+06  3.1917E+04  6.0486E+04
0000768   1.2962E+06 -7.9678E+04  3.0323E+04
0000769   1.3273E+06  1.2747E+05 -4.0294E+04
0000770   1.2941E+06 -1.0215E+05  8.0905E+04
0000771   1.3222E+06  9.0972E+04  8.1102E+04
0000772   1.3370E+06 -1.5136E+04  4.6977E+04
0000773   1.3136E+06  1.0776E+04  2.5458E+04
0000774   1.3278E+06 -1.3918E+03  2.8403E+04
0000775   1.2868E+06 -7.9426E+04  5.1443E+04
0000776   1.3227E+06 -6.6522E+04  4.5268E+03
0000777   1.3337E+06 -3.9789E+04  8.4656E+03
0000778   1.3268E+06  5.2707E+04 -4.1425E+04
0000779   1.3125E+06 -4.1871E+04  5.3721E+04
0000780   1.2939E+06  2.9544E+04  3.8637E+04
0000781   1.3449E+06 -1.4049E+05  6.7719E+03
0000782   1.3037E+06  2.1668E+04 -4.9242E+04
0000783   1.3344E+06 -3.4984E+04  8.1528E+04
0000784   1.3277E+06 -3.2342E+04  7.2012E+04
0000785   1.2996E+06 -8.4048E+04  2.7938E+04
0000786   1.3360E+06 -7.7751E+02 -3.3592E+03
0000787   1.3193E+06 -4.5766E+04 -7.3766E+03
0000788   1.3292E+06 -1.6294E+04  3.3882E+04
0000789   1.3286E+06 -2.0702E+05 -7.5490E+04
0000790   1.3012E+06  3.8213E+04  9.3393E+04
0000791   1.2969E+06  4.0786E+04 -1.6680E+03
0000792   1.3174E+06 -2.4061E+04 -1.3403E+04
0000793   1.2916E+06 -4.9263E+04  8.1474E+04
0000794   1.3268E+06 -2.6630E+04  1.5725E+04
0000795   1.3232E+06 -7.7808E+04 -2.5717E+03
0000796   1.3210E+06 -4.3060E+04 -4.5951E+04
0000797   1.2878E+06  3.7256E+03  9.4657E+04
0000798   1.3121E+06 -7.3548E+03 -2.5894E+03
0000799   1.3233E+06  2.7843E+04  7.3922E+04
0000800   1.3415E+06 -1.3733E+04 -2.2745E+04
0000801   1.3446E+06  3.1205E+04  1.5655E+04
0000802   1.3166E+06 -5.6959E+04 -8.4682E+04
0000803   1.2824E+06 -4.7990E+04 -4.6747E+04
0000804   1.3003E+06  1.7670E+04 -2.4413E+04
0000805   1.3230E+06 -1.2177E+05  2.8215E+04
0000806   1.2436E+06 -4.2598E+04 -9.7675E+03
0000807   1.3238E+06 -2.2464E+04 -2.6461E+04
0000808   1.3242E+06  1.4369E+04 -3.4844E+04
0000809   1.2897E+06 -2.1972E+03  1.6144E+04
0000810   1.3457E+06 -6.7451E+04  1.1418E+04
0000811   1.3229E+06 -8.9522E+03 -2.6752E+04
0000812   1.3117E+06 -1.7105E+04  6.7960E+04
0000813   1.3376E+06  1.0953E+05  5.3399E+04
0000814   1.2999E+06 -5.3673E+02  3.7281E+04
0000815   1.3085E+06 -3.8615E+04  3.5462E+04
0000816   1.2749E+06 -3.6740E+04  8.6387E+03
0000817   1.3100E+06  9.3407E+03 -1.4296E+04
0000818   1.3194E+06  4.1609E+03  2.5029E+04
0000819   1.3765E+06  2.8428E+04 -5.2887E+04
0000820   1.3817E+06  1.9353E+04 -1.5616E+04
0000821   1.3415E+06  7.8292E+03  1.1361E+03
0000822   1.3289E+06 -6.9746E+03 -1.1185E+05
0000823   1.2983E+06  6.0093E+04  5.0059E+04
0000824   1.3561E+06  4.6687E+04  2.0304E+04
0000825   1.3373E+06  4.6134E+04  2.1501E+04
0000826   1.3237E+06 -2.2608E+04 -3.9186E+04
0000827   1.2973E+06 -1.2652E+05  3.9679E+04
0000828   1.3124E+06 -4.7245E+04 -1.8764E+04
0000829   1.3515E+06 -2.4391E+03 -5.0994E+04
0000830   1.3355E+06 -3.0588E+04  3.9254E+04
0000831   1.2839E+06 -1.4079E+04  1.1783E+05
0000832   1.3410E+06  4.4384E+03 -3.5808E+04
0000833   1.3209E+06  1.1963E+03  2.7270E+04
0000834   1.3022E+06 -5.9624E+02 -1.9486E+04
0000835   1.3422E+06 -4.7835E+03 -4.2611E+03
0000836   1.2958E+06  4.7199E+03 -2.6671E+04
0000837   1.3416E+06  2.9182E+04 -1.0228E+05
0000838   1.3572E+06 -3.5958E+04 -2.3219E+04
0000839   1.2896E+06 -1.0268E+04 -3.2406E+04
0000840   1.2964E+06  3.4383E+04  1.1471E+04
0000841   1.3112E+06  3.4370E+04 -2.2793E+04
0000842   1.2885E+06  7.0323E+04  7.0006E+04
0000843   1.3051E+06 -2.1524E+03 -7.5977E+04
0000844   1.3487E+06  3.7329E+04 -3.8284E+04
0000845   1.3296E+06 -4.4395E+02  7.6020E+02
0000846   1.3076E+06  2.4272E+04 -4.3467E+04
0000847   1.3366E+06  1.1502E+04  7.6875E+03
0000848   1.3054E+06  4.9863E+04  1.6475E+05
0000849   1.3428E+06  3.3415E+04 -5.9458E+04
0000850   1.3348E+06 -1.2407E+04 -6.2897E+04
0000851   1.3146E+06 -5.4615E+04  1.1058E+04
0000852   1.3055E+06  2.9640E+03 -2.6889E+04
0000853   1.3183E+06 -2.4446E+04  9.3281E+04
0000854   1.3140E+06 -4.4106E+04  1.6430E+04
0000855   1.3133E+06 -5.3532E+04 -1.6161E+04
0000856   1.2973E+06  1.7153E+05 -1.6540E+04
0000857   1.3215E+06  3.3859E+04  4.9276E+03
0000858   1.3459E+06 -1.8100E+04  7.4084E+02
0000859   1.3417E+06  1.5077E+03  5.8406E+03
0000860   1.2932E+06  4.6450E+04 -7.7606E+03
0000861   1.2749E+06  1.8206E+03 -1.0557E+05
0000862   1.2759E+06 -2.2249E+03  1.4401E+05
0000863   1.3064E+06  3.1936E+03 -1.0052E+04
0000864   1.3017E+06  5.0882E+03  2.7047E+04
0000865   1.3197E+06 -2.6741E+04  3.8300E+04
0000866   1.3436E+06 -2.9146E+04 -6.0360E+04
0000867   1.3751E+06 -2.9125E+04  8.0998E+03
0000868   1.3610E+06  7.7642E+03 -1.5960E+04
0000869   1.3081E+06 -1.8513E+03  3.3252E+04
0000870   1.3250E+06  5.1561E+03 -1.1390E+04
0000871   1.3168E+06  5.2480E+03 -6.8214E+04
0000872   1.2868E+06 -1.2782E+04 -7.3058E+04
0000873   1.3622E+06 -7.4292E+04  5.8401E+04
0000874   1.2977E+06 -7.2414E+04 -3.7077E+04
0000875   1.2671E+06 -3.1180E+04 -2.0610E+04
0000876   1.2991E+06  9.3199E+04  2.1058E+04
0000877   1.3083E+06  1.7749E+04  2.8098E+04
0000878   1.3152E+06 -1.5505E+04  2.2391E+04
0000879   1.3193E+06 -2.4478E+04  6.9830E+04
0000880   1.3419E+06 -2.6090E+04  1.0485E+04
0000881   1.3208E+06 -4.2694E+03 -5.0513E+04
0000882   1.3385E+06 -3.2761E+04  1.6500E+04
0000883   1.3225E+06 -3.9142E+04  4.4662E+04
0000884   1.3304E+06 -9.1762E+04 -1.2232E+04
0000885   1.3756E+06  1.9099E+04 -2.3713E+04
0000886   1.2939E+06  2.1454E+04 -2.3114E+04
0000887   1.3464E+06 -2.6621E+04  5.4786E+03
0000888   1.3255E+06 -6.9776E+04 -2.2829E+04
0000889   1.3224E+06 -1.3135E+03 -3.4738E+04
0000890   1.3414E+06 -4.1740E+04 -5.2675E+04
0000891   1.3152E+06  5.4848E+04  7.9010E+04
0000892   1.3371E+06 -3.5845E+04 -1.9743E+04
0000893   1.3346E+06  3.5456E+04  1.4407E+04
0000894   1.3379E+06  7.0048E+03  3.7092E+04
0000895   1.3415E+06 -3.9383E+04  6.0297E+04
0000896   1.3346E+06  3.3518E+04  2.6982E+04
0000897   1.3304E+06  5.3391E+03 -2.5504E+04
0000898   1.2798E+06  2.0047E+04  1.8162E+05
0000899   1.3227E+06  7.0009E+04 -1.8603E+04
0000900   1.2875E+06  1.0978E+04 -3.2118E+04
0000901   1.3227E+06  2.5432E+03  5.9782E+04
0000902   1.3120E+06 -4.3861E+04  5.5831E+04
0000903   1.2563E+06  1.6544E+05  9.8477E+04
0000904   1.3325E+06 -2.9998E+03 -4.2743E+03
0000905   1.3625E+06 -1.1209E+04  4.8231E+03
0000906   1.3367E+06  5.2911E+04 -1.6843E+04
0000907   1.3149E+06 -8.0786E+03 -4.1322E+04
0000908   1.3070E+06  4.1567E+04 -1.1857E+05
0000909   1.2920E+06  4.7321E+04 -1.4347E+04
0000910   1.2919E+06 -1.9708E+03 -7.1788E+04
0000911   1.3058E+06  9.1998E+03 -3.8213E+04
0000912   1.3596E+06  8.9065E+03  5.0178E+04
0000913   1.3321E+06  1.7819E+04  2.5457E+04
0000914   1.3163E+06  6.3379E+04 -1.0232E+04
0000915   1.3155E+06  5.3720E+04 -3.1310E+04
0000916   6.8715E+05 -1.3131E+05 -9.0568E+04
0000917   1.2881E+06 -5.5880E+04  3.5354E+04
0000918   1.3333E+06 -8.6434E+04 -2.6796E+04
0000919   1.3294E+06  7.0617E+04  4.5617E+04
0000920   1.3216E+06 -8.1963E+03  8.4077E+03
0000921   1.3570E+06 -3.0254E+04 -9.3879E+03
0000922   1.3026E+06  9.0711E+03 -3.9583E+04
0000923   1.3313E+06  1.5007E+04  2.8554E+03
0000924   1.3219E+06 -1.1047E+04  3.4843E+04
0000925   1.3307E+06 -3.0471E+04  7.7978E+04
0000926   1.2798E+06  1.2811E+05  1.0466E+05
0000927   1.2920E+06  9.9830E+03 -1.0245E+04
0000928   1.3292E+06 -7.5725E+03 -1.7524E+05
0000929   1.2962E+06 -2.1419E+04  4.3423E+03
0000930   1.3068E+06 -9.9580E+03 -5.2932E+04
0000931   1.2794E+06 -2.3392E+04 -1.4378E+04
0000932   1.3095E+06 -3.3996E+04  1.8591E+04
0000933   1.3245E+06  2.7658E+04  2.1194E+03
0000934   1.2974E+06 -3.2778E+04 -3.0143E+04
0000935   1.3566E+06  2.7915E+04  4.0121E+04
0000936   1.3244E+06  2.2602E+04  2.3122E+04
0000937   1.3220E+06  9.0699E+04 -1.6376E+04
0000938   1.3015E+06  2.8674E+04  1.3502E+05
0000939   1.2817E+06  3.7355E+04  5.1037E+04
0000940   1.2821E+06  3.7342E+04 -2.2474E+04
0000941   1.2995E+06  6.5290E+03  9.1644E+04
0000942   1.3184E+06  8.5123E+04  4.9189E+04
0000943   1.3421E+06  1.6357E+04  2.8208E+04
0000944   1.3159E+06  9.0484E+03  6.6048E+03
0000945   1.2710E+06  7.5663E+02  5.9368E+04
0000946   1.3421E+06 -1.3828E+05  1.1149E+03
0000947   1.3183E+06  1.0835E+05  4.2067E+04
0000948   1.3181E+06  7.2209E+04 -3.0042E+04
0000949   1.3122E+06 -7.9706E+04 -4.3599E+04
0000950   1.3266E+06 -6.9102E+04  5.8318E+04
0000951   1.3030E+06  5.7814E+04 -5.4767E+04
0000952   1.3321E+06  8.0905E+04 -3.6871E+04
0000953   1.2904E+06 -2.9728E+04 -1.8340E+04
0000954   1.2923E+06 -4.2290E+04  3.5131E+04
0000955   1.3295E+06  1.7391E+04  3.1830E+04
0000956   1.3422E+06  1.4906E+05 -4.1069E+04
0000957   1.3541E+06  4.0703E+04 -5.0806E+04
0000958   1.2657E+06  6.9606E+04 -6.4882E+04
0000959   1.3606E+06  1.8289E+04 -2.4866E+04
0000960   1.3816E+06  5.0347E+04 -9.0175E+02
0000961   1.2918E+06  1.9550E+04  1.2162E+05
0000962   1.2562E+06  1.2262E+05 -5.8152E+03
0000963   1.3058E+06  2.0706E+04  3.0399E+03
0000964   1.3296E+06 -4.1593E+04 -2.7835E+04
0000965   1.2970E+06 -5.5334E+04 -1.4811E+05
0000966   1.2661E+06  1.1064E+05  3.5848E+03
0000967   1.3358E+06  4.5595E+04  2.7401E+04
0000968   1.3753E+06 -3.0192E+04 -6.3773E+04
0000969   1.3326E+06  5.4165E+04 -3.7064E+04
0000970   1.3068E+06 -1.3594E+04 -1.6144E+03
0000971   1.3024E+06  1.4707E+04 -5.0577E+03
0000972   1.3300E+06  1.6252E+05  1.5233E+04
0000973   1.3828E+06  4.8313E+04 -5.2144E+04
0000974   1.3153E+06  4.0276E+04 -5.2255E+04
0000975   1.3645E+06 -1.1246E+04 -2.5623E+04
0000976   1.3258E+06  2.1985E+04  6.8296E+04
0000977   1.3136E+06 -4.3285E+03 -5.6062E+04
0000978   1.3016E+06  3.8960E+04 -6.6024E+04
0000979   1.3256E+06  2.9867E+04  3.5794E+04
0000980   1.3359E+06 -9.1129E+03 -1.5260E+03
0000981   1.3208E+06 -3.9766E+04 -7.1966E+04
0000982   1.3410E+06 -3.8728E+04  2.8179E+04
0000983   1.3415E+06 -3.2881E+03  3.0753E+04
0000984   1.3309E+06 -4.2848E+04  2.6777E+04
0000985   1.3047E+06 -1.0961E+05  1.0365E+04
0000986   1.3303E+06 -6.2379E+03 -8.9515E+04
0000987   1.2437E+06 -3.6371E+05 -1.4687E+05
0000988   1.2913E+06  2.4917E+05 -1.6786E+05
0000989   1.3109E+06  1.7963E+04  7.4100E+04
0000990   1.3227E+06  3.4604E+04  2.0226E+03
0000991   1.3123E+06 -2.7483E+04  1.7689E+04
0000992   1.2328E+06 -1.7169E+05 -1.0317E+05
0000993   1.3223E+06 -6.0816E+04 -1.0482E+05
0000994   1.3204E+06 -7.1139E+03  4.9848E+04
0000995   1.3349E+06 -6.3902E+04  5.4420E+04
0000996   1.3139E+06  6.5294E+04 -3.0345E+04
0000997   1.3279E+06 -5.3414E+04  3.2502E+04
0000998   1.3349E+06  2.2506E+04 -1.4263E+04
0000999   1.3311E+06 -1.5917E+04 -1.6103E+04
0001000   1.3344E+06 -1.5039E+04  5.9111E+03
