============================== SRIM-2013.00 ==============================
==============================================================================
====== SRIM Outputs\RANGE_3D.txt : File of Final Ion Positions =====

Ion =  H (01)   Ion Mass= 001.0080
Energy  = 2600000.E-03 keV
Ion Angle to Surface = 00.0 degrees
==================== TARGET =======================
  Layer # 1 - Si_Top    
  Layer # 1 - Bottom Depth=300000.E+01 A
  Layer # 1 - Density =0002.3210 g/cm3
  Layer # 1 -  100 % of Si
икикикикикикикикикикикикикикикикикикикикикикикикикикикикикикикикикикикикикикикикикикикикикикикикикикикик
  Layer # 2 - Si_Bottom 
  Layer # 2 - Bottom Depth=600000.E+01 A
  Layer # 2 - Density =0002.3210 g/cm3
  Layer # 2 -  100 % of Si
икикикикикикикикикикикикикикикикикикикикикикикикикикикикикикикикикикикикикикикикикикикикикикикикикикикик
                                            
Ion       Depth  X   Lateral Y   Lateral Z  
Number    (Angstrom) (Angstrom)  (Angstrom) 
-------  ----------- ----------- -----------
0000001   7.3549E+05 -2.4833E+04 -1.0270E+04
0000002   7.2888E+05  8.8925E+04 -2.8321E+04
0000003   7.3638E+05 -6.8538E+03  5.2368E+03
0000004   7.2283E+05  7.4200E+03 -5.2687E+04
0000005   7.3260E+05  1.8418E+04 -3.4676E+03
0000006   7.2835E+05  1.7079E+04 -4.6838E+02
0000007   7.3933E+05 -1.1209E+04 -2.6900E+04
0000008   7.4545E+05 -2.1602E+04 -8.9607E+03
0000009   7.2295E+05 -5.4134E+04  2.5453E+04
0000010   7.1225E+05 -2.4553E+04 -3.4582E+03
0000011   7.4164E+05  2.0377E+04  2.7481E+04
0000012   7.4423E+05 -1.6395E+04 -3.7466E+04
0000013   7.4472E+05 -4.0055E+04  2.0254E+04
0000014   7.3822E+05 -1.3135E+04  1.9331E+03
0000015   7.2481E+05  2.3944E+03  2.8804E+04
0000016   7.6316E+05  1.8038E+04  5.1169E+04
0000017   7.3204E+05  2.0298E+04 -9.2366E+02
0000018   7.3725E+05  2.9753E+04  1.2366E+04
0000019   7.3850E+05 -1.5463E+04  5.3135E+03
0000020   7.2448E+05 -2.5586E+04 -3.6673E+04
0000021   7.3698E+05  9.7571E+03  9.2285E+03
0000022   7.4680E+05  1.0584E+03 -2.9411E+04
0000023   7.1161E+05 -2.1761E+04  2.8049E+04
0000024   7.4458E+05 -1.7673E+04  1.0701E+04
0000025   7.6272E+05  3.2679E+04 -1.3333E+04
0000026   7.3938E+05 -6.2318E+03 -1.5031E+04
0000027   7.4390E+05 -3.8026E+04  6.5052E+04
0000028   7.2777E+05 -2.8634E+04  3.1365E+04
0000029   7.3336E+05 -2.2825E+04 -5.0192E+03
0000030   7.4435E+05 -2.2328E+04  1.0012E+04
0000031   7.2081E+05 -2.1567E+04 -3.1672E+03
0000032   7.0870E+05 -9.9469E+04 -1.5809E+05
0000033   7.4745E+05 -3.1717E+04 -4.8520E+04
0000034   7.5275E+05  3.9037E+04  2.7879E+04
0000035   7.3621E+05 -2.5142E+04 -4.5900E+04
0000036   7.2828E+05 -1.1277E+04  3.4475E+04
0000037   7.3688E+05 -1.6009E+04  6.9006E+04
0000038   7.4271E+05 -4.9267E+04  1.9411E+04
0000039   7.4710E+05 -4.9182E+04 -8.4399E+03
0000040   7.4788E+05  2.3742E+03  2.1847E+04
0000041   7.5423E+05  3.5240E+04  1.3812E+04
0000042   7.4672E+05  1.7702E+04  5.5642E+03
0000043   7.5143E+05  1.6179E+04  3.7936E+04
0000044   7.3434E+05  1.2809E+04 -1.1170E+03
0000045   7.1507E+05  5.3241E+04 -3.5060E+04
0000046   7.5045E+05  1.4710E+04  1.3672E+04
0000047   7.3599E+05  1.0640E+04 -5.6540E+04
0000048   7.4181E+05  2.8804E+04  8.8391E+04
0000049   7.4421E+05  3.6155E+04  2.3098E+03
0000050   7.4673E+05  1.0726E+04 -2.3286E+03
0000051   7.4678E+05 -2.6492E+04 -3.3886E+04
0000052   7.4136E+05 -2.4200E+04 -2.0897E+04
0000053   7.3649E+05 -1.9339E+04 -2.1935E+04
0000054   7.4278E+05  2.3459E+03  2.9697E+04
0000055   7.2493E+05  6.9997E+03 -2.0346E+03
0000056   7.3890E+05  7.0896E+03 -1.0039E+04
0000057   7.4157E+05 -4.6921E+04 -2.0887E+04
0000058   7.5641E+05  6.5799E+02 -2.6252E+04
0000059   7.4293E+05  2.0838E+04  1.7567E+04
0000060   7.2938E+05 -9.4729E+04 -1.3073E+04
0000061   7.3366E+05 -6.3012E+03 -3.0276E+04
0000062   7.5667E+05 -7.8738E+03 -5.1641E+04
0000063   7.6297E+05 -7.9632E+03  5.3176E+04
0000064   7.3372E+05 -1.6854E+04 -3.1815E+04
0000065   7.4255E+05 -5.5265E+04  2.4371E+04
0000066   7.5408E+05 -8.5078E+03 -6.0608E+03
0000067   7.2502E+05  6.9725E+04  1.7848E+03
0000068   7.4817E+05 -7.2199E+02 -2.7314E+04
0000069   7.6365E+05 -3.6661E+03  4.8034E+03
0000070   7.7038E+05  9.4843E+03 -4.5098E+04
0000071   6.6120E+05 -2.8350E+04  9.6864E+04
0000072   7.2968E+05 -4.0410E+02  4.0252E+04
0000073   7.5370E+05 -4.5226E+01 -3.2358E+04
0000074   7.6222E+05  1.2752E+04 -5.7320E+03
0000075   7.3486E+05 -3.5013E+03 -1.1343E+04
0000076   7.4056E+05 -4.3029E+04 -1.7960E+04
0000077   7.1780E+05 -7.0215E+03 -3.9216E+04
0000078   7.3582E+05 -1.4700E+04  1.9531E+03
0000079   7.4613E+05  4.6257E+04  2.3602E+04
0000080   7.5560E+05 -4.0313E+04  2.8457E+04
0000081   7.4129E+05  2.3298E+04  2.2945E+04
0000082   7.3318E+05  1.4862E+04 -8.5561E+03
0000083   7.4335E+05  8.1621E+03  2.2750E+03
0000084   7.2089E+05  1.1942E+03  1.7814E+04
0000085   7.2547E+05  5.2708E+04 -3.2171E+04
0000086   7.4176E+05 -2.9488E+04 -4.8259E+04
0000087   7.4308E+05 -5.3300E+04 -5.5161E+02
0000088   7.2432E+05 -2.2317E+04 -6.4367E+04
0000089   7.5296E+05 -4.1381E+04 -1.1057E+04
0000090   7.4792E+05  1.0290E+04 -8.1008E+03
0000091   7.3926E+05 -4.4177E+04 -4.8388E+03
0000092   7.5796E+05  8.7746E+03 -4.7408E+03
0000093   7.4196E+05  5.7873E+04 -5.5014E+04
0000094   7.7772E+05  1.9003E+04 -2.9376E+04
0000095   7.4860E+05 -5.3616E+03  9.8220E+03
0000096   7.2991E+05 -5.9535E+03 -2.9625E+04
0000097   7.1431E+05 -8.7926E+03  2.5674E+04
0000098   7.3892E+05  4.1011E+04  4.8237E+04
0000099   7.2435E+05  5.3752E+04  1.6508E+04
0000100   7.4262E+05 -1.3941E+04  5.1513E+03
0000101   7.4844E+05  3.2736E+04  4.1980E+03
0000102   7.2630E+05 -6.5613E+04 -1.4491E+04
0000103   7.3478E+05  5.4513E+03 -1.0974E+04
0000104   7.5462E+05 -7.6999E+03 -2.6411E+04
0000105   7.5164E+05  1.1101E+04  3.6352E+03
0000106   7.3248E+05  4.2026E+04 -5.6149E+03
0000107   7.3390E+05 -1.7403E+04  6.9886E+03
0000108   7.5333E+05 -3.3213E+04  3.1283E+04
0000109   7.4662E+05 -5.7308E+03 -4.6821E+03
0000110   7.2981E+05  3.0913E+04 -1.1577E+03
0000111   7.4172E+05  2.9218E+04 -5.3228E+03
0000112   7.1641E+05 -5.4139E+03  1.6967E+04
0000113   7.3637E+05 -2.8728E+03 -1.9201E+04
0000114   7.4936E+05  3.1483E+04  3.7290E+03
0000115   7.4207E+05 -1.4510E+03  3.3930E+04
0000116   7.2851E+05 -1.1471E+04  2.5095E+03
0000117   7.5547E+05 -2.1554E+04  1.1233E+04
0000118   7.4447E+05 -4.0936E+04  4.0022E+04
0000119   7.3090E+05 -3.9210E+04 -3.5025E+03
0000120   7.4318E+05  7.1511E+03 -9.9537E+02
0000121   7.2834E+05  1.9844E+04  1.8408E+04
0000122   7.4829E+05 -1.1841E+04  3.9149E+04
0000123   7.5422E+05  1.7781E+04 -8.6305E+03
0000124   7.2725E+05 -3.3257E+04 -2.0109E+04
0000125   7.4058E+05  4.9479E+04  9.6767E+03
0000126   7.6526E+05  1.0903E+04  3.0683E+04
0000127   7.3842E+05  2.2303E+04 -3.3280E+04
0000128   7.3617E+05 -1.0418E+04  1.3652E+04
0000129   7.4253E+05  3.8898E+04 -2.9837E+04
0000130   7.4032E+05  4.3463E+04 -6.4300E+04
0000131   7.5399E+05  2.7018E+04  1.1958E+04
0000132   7.3011E+05 -4.1523E+03 -2.2497E+04
0000133   7.4712E+05  1.4889E+04  1.8333E+04
0000134   7.4543E+05  7.8858E+04 -1.8682E+04
0000135   7.2676E+05 -5.6065E+02  4.9754E+03
0000136   7.2711E+05 -1.5829E+04  3.4485E+04
0000137   7.2441E+05 -1.7778E+04 -2.7785E+03
0000138   7.4970E+05  2.0180E+04 -1.4775E+04
0000139   7.3695E+05 -6.1517E+03 -1.1989E+04
0000140   7.4666E+05 -8.1794E+03 -4.8214E+02
0000141   7.4902E+05 -9.5595E+02  3.4112E+04
0000142   7.3667E+05  3.9181E+04 -1.5898E+04
0000143   7.3602E+05  3.0025E+03  5.1717E+03
0000144   7.3933E+05  2.5474E+04  1.1520E+04
0000145   7.4029E+05 -1.9806E+04 -8.6878E+03
0000146   7.2435E+05  8.0660E+04 -1.8842E+04
0000147   7.5288E+05  1.6654E+04 -1.7233E+03
0000148   7.2345E+05 -3.8269E+04 -5.1664E+04
0000149   7.2121E+05  6.0804E+04 -1.2015E+04
0000150   7.4084E+05  8.6082E+04 -8.5924E+04
0000151   7.5494E+05  1.5136E+04  3.1321E+04
0000152   7.3511E+05  2.0147E+04 -9.6678E+03
0000153   7.3469E+05 -2.0671E+04  1.9240E+03
0000154   7.2601E+05  1.4939E+03 -2.2392E+04
0000155   7.4457E+05 -2.8879E+04 -3.5861E+04
0000156   7.2969E+05  7.7474E+03 -2.1460E+04
0000157   7.3414E+05  1.8335E+04  9.9270E+04
0000158   7.7780E+05 -7.8107E+02 -2.9291E+01
0000159   7.4739E+05 -7.0979E+04  3.5272E+04
0000160   7.3049E+05  2.6373E+04  2.0473E+04
0000161   7.3530E+05 -5.5328E+04  1.4258E+04
0000162   7.4277E+05  4.6681E+04  7.1142E+04
0000163   7.3849E+05 -7.8541E+03  3.2683E+03
0000164   7.3058E+05 -1.5342E+04 -1.9457E+04
0000165   7.4773E+05 -8.8282E+03 -1.1217E+04
0000166   7.2530E+05  1.2053E+03 -1.6323E+04
0000167   7.4393E+05 -3.2000E+02  6.0999E+03
0000168   7.5296E+05  2.8707E+04 -6.1402E+04
0000169   7.3727E+05  2.7556E+03 -7.4747E+03
0000170   7.3394E+05  5.6971E+03  1.7525E+04
0000171   7.2760E+05 -6.3788E+03  1.6407E+04
0000172   7.4472E+05 -4.7688E+03  2.4333E+04
0000173   7.1897E+05 -1.1798E+04 -7.8238E+03
0000174   7.4964E+05  2.7739E+04 -2.6027E+03
0000175   7.5657E+05  6.7708E+03 -9.4205E+02
0000176   7.6527E+05  1.7436E+04 -1.2748E+04
0000177   7.6706E+05 -5.2009E+03  3.0257E+03
0000178   7.5137E+05 -3.6372E+04 -7.3587E+03
0000179   7.3201E+05  2.7348E+04  1.5619E+04
0000180   7.6172E+05  4.1632E+04 -2.5147E+04
0000181   7.3614E+05 -3.2498E+04  2.0441E+04
0000182   7.2277E+05 -2.8308E+04 -1.5988E+04
0000183   7.2912E+05 -2.3085E+03  3.7444E+04
0000184   7.5778E+05  4.0676E+04  1.9674E+04
0000185   7.2499E+05 -5.4643E+04  1.1426E+05
0000186   7.2328E+05 -6.0216E+04  2.9081E+04
0000187   7.4059E+05  1.6336E+04 -2.4786E+04
0000188   7.2871E+05  7.8729E+04 -5.0606E+04
0000189   6.8429E+05 -2.1366E+05 -3.4696E+04
0000190   7.2947E+05 -2.1069E+03  3.7781E+03
0000191   7.1832E+05  4.7611E+04 -4.6679E+04
0000192   7.5779E+05  5.4182E+02 -2.0132E+04
0000193   7.4507E+05 -1.8881E+04  3.4598E+04
0000194   7.5126E+05 -4.4589E+04  2.7684E+04
0000195   7.4137E+05 -1.3208E+03  8.8589E+03
0000196   7.3791E+05  1.7753E+04 -2.4805E+04
0000197   7.4912E+05  2.2862E+04  2.4631E+04
0000198   7.5114E+05  1.0102E+04  1.1310E+04
0000199   7.6282E+05  3.3112E+04  5.9746E+02
0000200   7.4327E+05 -1.8989E+04 -2.4012E+04
0000201   7.5336E+05  3.7517E+04  2.6578E+04
0000202   7.1488E+05 -6.3683E+03 -1.1060E+04
0000203   7.7989E+05  7.0239E+03  4.2780E+04
0000204   7.4655E+05 -4.4587E+04 -6.1528E+03
0000205   7.5946E+05 -1.6078E+04  5.3791E+03
0000206   7.2656E+05  3.2756E+04 -7.9820E+04
0000207   7.2980E+05 -4.5119E+03  1.1024E+03
0000208   7.4120E+05 -4.1844E+03  2.7472E+04
0000209   7.6075E+05  3.4932E+04  1.9554E+04
0000210   7.3479E+05 -1.5890E+04  7.0890E+03
0000211   7.3595E+05 -9.5653E+03  1.1640E+03
0000212   7.4707E+05  4.6207E+03 -1.4396E+04
0000213   7.4398E+05  1.2332E+04 -1.6237E+04
0000214   7.2663E+05  5.1695E+04 -3.4931E+04
0000215   7.3566E+05  2.1976E+04  1.2200E+04
0000216   7.3009E+05  6.6530E+03 -1.4243E+04
0000217   7.4052E+05  1.2383E+04  7.3576E+03
0000218   7.4045E+05 -2.2981E+04 -4.0203E+04
0000219   7.4655E+05  3.7684E+03  4.8413E+02
0000220   7.4067E+05 -7.4434E+03  3.4216E+04
0000221   7.4016E+05 -4.8509E+04 -9.5917E+03
0000222   7.3610E+05  5.5193E+04  4.8593E+04
0000223   7.4067E+05 -3.1402E+03  2.4056E+04
0000224   7.6470E+05  9.1205E+03  1.4948E+04
0000225   7.5183E+05 -1.2453E+03 -4.3891E+04
0000226   7.3527E+05 -3.4841E+04 -3.4404E+03
0000227   7.3388E+05 -3.3912E+04 -1.1220E+04
0000228   7.3134E+05 -9.5455E+03 -9.7571E+03
0000229   7.3452E+05 -9.3189E+03 -9.0392E+03
0000230   7.4749E+05  2.0544E+04  5.6386E+03
0000231   7.2168E+05 -3.5466E+04 -2.3790E+03
0000232   7.2179E+05  3.2959E+04 -2.9216E+04
0000233   7.3270E+05  3.1224E+04  1.3832E+04
0000234   7.3037E+05 -3.6235E+04  8.3548E+03
0000235   7.4224E+05 -2.2374E+04  3.2293E+04
0000236   7.3900E+05 -8.2720E+03 -4.2634E+03
0000237   7.4784E+05  4.2160E+04  3.8934E+04
0000238   7.3385E+05 -6.7470E+04 -3.1646E+04
0000239   7.4327E+05  9.9185E+03 -9.9967E+03
0000240   7.5108E+05 -3.3686E+04 -2.3363E+03
0000241   7.3725E+05 -1.2179E+04  2.4593E+04
0000242   7.3762E+05  2.3257E+04 -1.5495E+04
0000243   7.1640E+05 -3.2710E+04  2.8472E+04
0000244   6.9772E+05 -6.1745E+04 -1.9605E+05
0000245   7.3289E+05  2.3097E+03 -3.9607E+04
0000246   7.4298E+05  2.4320E+04  2.6606E+04
0000247   7.2012E+05  1.3371E+04  3.3610E+04
0000248   7.6532E+05  2.8569E+03  8.6456E+03
0000249   7.3262E+05 -1.8495E+04  6.7686E+03
0000250   7.3648E+05 -2.1812E+04  2.6693E+04
0000251   7.2760E+05 -4.5570E+03  2.0881E+04
0000252   7.3741E+05  1.2207E+03 -3.1555E+04
0000253   7.2709E+05 -1.7079E+03 -1.3568E+04
0000254   7.3123E+05 -1.2600E+04  1.0714E+04
0000255   7.5709E+05 -2.6065E+04  3.5429E+04
0000256   7.4166E+05  6.8396E+03  1.0392E+04
0000257   7.3161E+05  3.7411E+04 -2.0813E+04
0000258   7.3627E+05  3.2706E+04 -3.1290E+04
0000259   7.4166E+05 -1.7599E+04 -5.3765E+04
0000260   7.3747E+05 -3.8755E+04  2.6215E+04
0000261   7.5268E+05  8.5916E+03 -1.3886E+04
0000262   7.4134E+05  2.8149E+04 -1.6075E+04
0000263   7.7334E+05  4.9020E+03 -2.7212E+04
0000264   7.4114E+05  2.8476E+04 -3.5257E+04
0000265   7.6644E+05  4.5584E+04 -1.8933E+04
0000266   7.4976E+05  3.4496E+03 -3.9062E+04
0000267   7.6075E+05  1.7619E+04  1.9553E+04
0000268   7.5582E+05  2.4175E+04  1.3987E+04
0000269   7.5153E+05  1.4813E+04 -3.7763E+04
0000270   7.5174E+05  3.4684E+04  2.0012E+04
0000271   7.1746E+05 -2.2093E+02  1.9062E+04
0000272   7.2174E+05  1.6805E+04 -1.8941E+04
0000273   7.4030E+05 -1.8364E+04  1.2486E+04
0000274   7.3454E+05  1.4598E+04 -7.0200E+03
0000275   7.2221E+05 -2.8865E+04  2.6414E+04
0000276   6.9401E+05  4.1826E+04  3.8884E+04
0000277   7.3811E+05  1.0417E+04 -1.2935E+04
0000278   7.6551E+05 -4.8803E+03  3.3367E+04
0000279   7.7121E+05  3.0261E+03 -9.4173E+03
0000280   7.1395E+05  7.8308E+04 -4.1007E+04
0000281   7.5488E+05 -1.5844E+04  6.6192E+03
0000282   7.4165E+05 -1.8353E+04  1.2560E+04
0000283   7.1970E+05 -4.7449E+04 -2.9328E+04
0000284   7.4350E+05  3.8827E+04 -2.0551E+04
0000285   7.3385E+05  8.2449E+04 -8.5771E+03
0000286   7.4233E+05  2.1923E+04  1.5768E+04
0000287   7.4493E+05 -3.6187E+03  4.0014E+03
0000288   7.2265E+05  3.2307E+03  2.8563E+04
0000289   7.3991E+05  3.3029E+04  4.6948E+03
0000290   7.5492E+05 -4.4267E+04 -1.0396E+04
0000291   7.5259E+05  1.1967E+03  1.9553E+04
0000292   7.3268E+05 -2.3471E+04 -2.6914E+04
0000293   7.4343E+05 -9.2465E+04  9.5160E+04
0000294   7.5216E+05 -7.0758E+03 -2.7180E+04
0000295   7.3142E+05 -1.2442E+04 -2.4163E+03
0000296   7.1227E+05 -1.5952E+04 -5.1323E+04
0000297   7.1665E+05  8.1586E+03  4.9579E+04
0000298   7.3579E+05 -1.4953E+04  2.7468E+04
0000299   7.4899E+05  1.8691E+04  7.2503E+03
0000300   7.6487E+05  4.1955E+03 -1.4278E+03
0000301   7.3720E+05 -9.5209E+03  2.6042E+03
0000302   7.2423E+05  4.8565E+04 -3.8524E+04
0000303   7.2372E+05  8.7039E+04  4.9419E+03
0000304   7.0921E+05  3.2388E+04 -2.8517E+04
0000305   7.5345E+05  1.2636E+04 -2.6000E+04
0000306   7.3228E+05 -9.5827E+03 -7.5480E+03
0000307   7.3824E+05 -1.0583E+03  2.7432E+04
0000308   7.5754E+05 -2.1264E+04  3.7131E+03
0000309   7.2283E+05  3.6154E+04  1.3875E+04
0000310   7.4209E+05  1.7029E+04  1.5664E+04
0000311   7.4218E+05 -2.1208E+04 -1.3160E+04
0000312   7.4028E+05 -1.5547E+04  6.2607E+04
0000313   7.4685E+05  1.3745E+04  4.1548E+04
0000314   7.4944E+05 -5.9374E+04 -4.6573E+03
0000315   7.2465E+05  4.0723E+03  2.6400E+03
0000316   6.0424E+05  2.7386E+05 -7.0014E+04
0000317   7.3399E+05  9.5084E+03 -3.9333E+04
0000318   7.3064E+05 -1.2068E+04  1.6112E+04
0000319   7.3807E+05 -1.4499E+04 -2.7444E+04
0000320   7.2834E+05  4.7824E+04 -1.3684E+04
0000321   7.3583E+05  9.9066E+03  5.7830E+03
0000322   7.2700E+05 -4.6249E+03  1.1424E+04
0000323   7.4491E+05  5.0217E+03  6.2632E+03
0000324   7.2219E+05  4.5977E+04 -1.7296E+03
0000325   7.5812E+05 -3.9611E+04  3.2433E+04
0000326   7.4052E+05  1.6134E+04 -3.0741E+04
0000327   7.2962E+05  2.1658E+04  2.1159E+03
0000328   7.4102E+05 -1.2906E+04  2.1786E+04
0000329   7.1881E+05  7.0587E+03  8.0476E+03
0000330   7.2227E+05  1.8181E+04 -1.4981E+04
0000331   7.3276E+05  5.1299E+04  5.6763E+03
0000332   7.6318E+05 -1.1508E+04  9.1474E+03
0000333   7.3932E+05  1.1408E+04  1.3487E+04
0000334   7.5734E+05 -2.9867E+04  2.2616E+04
0000335   7.4937E+05 -1.4904E+04  3.3952E+03
0000336   7.2467E+05  1.6213E+04  2.7459E+03
0000337   7.3124E+05 -5.7057E+03  5.4147E+03
0000338   7.3126E+05  6.8414E+04  2.7128E+04
0000339   7.7036E+05  1.1586E+04 -1.5669E+04
0000340   7.5051E+05 -3.1803E+04  5.1058E+04
0000341   7.6830E+05  1.0974E+04 -2.2597E+03
0000342   7.7115E+05 -3.9816E+04 -3.6398E+03
0000343   7.4101E+05 -8.2794E+03 -1.0941E+04
0000344   7.2114E+05 -4.5992E+02  4.3970E+04
0000345   7.4804E+05 -4.3988E+04  1.2875E+04
0000346   7.4866E+05 -3.8477E+04  5.8769E+02
0000347   7.4342E+05  1.4168E+04  1.6696E+04
0000348   7.2045E+05  7.6388E+03 -4.2050E+04
0000349   7.3634E+05 -5.6239E+03  1.0736E+04
0000350   7.4832E+05 -1.2211E+04 -2.0952E+04
0000351   7.6160E+05  6.8761E+03  5.3643E+03
0000352   7.4676E+05  2.3476E+04 -4.1353E+03
0000353   7.2358E+05  2.1587E+04  9.0683E+02
0000354   7.1320E+05 -3.8784E+04 -5.5184E+04
0000355   7.5216E+05  3.3574E+03 -3.1795E+04
0000356   7.5648E+05 -8.3811E+03  1.4199E+04
0000357   7.3916E+05  6.2502E+04  1.8774E+04
0000358   7.4887E+05  2.4188E+04 -1.3264E+04
0000359   7.5934E+05 -5.1804E+03  1.4745E+04
0000360   7.3350E+05 -3.7810E+04 -1.0538E+04
0000361   7.6016E+05 -1.3286E+04 -4.4878E+03
0000362   7.4177E+05 -2.4619E+04 -1.5634E+03
0000363   7.2837E+05  3.0222E+04 -1.3098E+04
0000364   7.2974E+05  1.6825E+04  5.2708E+03
0000365   7.2617E+05 -3.5363E+04  7.6019E+03
0000366   7.3124E+05 -1.6478E+04 -3.8906E+04
0000367   7.4497E+05  3.6014E+03 -1.4287E+04
0000368   7.5878E+05  1.4453E+04 -1.7302E+04
0000369   7.3096E+05  5.8663E+03 -4.3863E+03
0000370   7.3968E+05  1.1682E+04 -3.5539E+04
0000371   7.3473E+05 -1.8527E+04  2.6506E+04
0000372   7.5347E+05  2.9969E+04  4.8647E+04
0000373   7.2135E+05 -2.9295E+04 -6.3021E+03
0000374   7.1731E+05  8.1039E+04 -8.5843E+04
0000375   7.3194E+05  1.8659E+03 -1.0506E+04
0000376   7.4917E+05  9.2966E+03 -4.6145E+04
0000377   7.2716E+05 -1.4880E+04  2.1009E+04
0000378   7.7795E+05  5.1632E+03 -6.0573E+03
0000379   7.3941E+05  8.2063E+02 -2.4845E+04
0000380   7.4267E+05  1.0341E+04 -5.9121E+03
0000381   7.3595E+05 -2.4208E+04  4.8782E+04
0000382   7.6748E+05 -9.9796E+03  4.3969E+04
0000383   7.5853E+05  4.4631E+04  1.2072E+04
0000384   7.5420E+05 -1.5174E+04  4.8332E+04
0000385   7.2143E+05  1.4688E+04 -3.1922E+04
0000386   7.3653E+05  9.3921E+03 -7.3298E+03
0000387   7.6204E+05  1.4603E+03 -9.8855E+03
0000388   7.3295E+05 -3.8712E+04 -1.9481E+04
0000389   7.3517E+05  3.1984E+04  3.1000E+04
0000390   7.2445E+05 -1.5932E+03 -2.4777E+04
0000391   7.2108E+05  3.6880E+03 -1.6076E+04
0000392   7.3182E+05 -3.3865E+03 -1.4428E+04
0000393   7.4847E+05 -2.0559E+04  1.3775E+04
0000394   7.3323E+05 -7.7689E+03  1.1510E+04
0000395   7.1033E+05  9.8185E+03  2.2567E+05
0000396   7.3364E+05  1.6178E+04  2.7197E+04
0000397   7.3887E+05  3.3648E+04 -4.1158E+04
0000398   7.6004E+05 -8.4684E+03  2.5795E+04
0000399   7.3934E+05  5.4536E+03 -2.5880E+04
0000400   7.5768E+05  2.2578E+04  1.2635E+04
0000401   7.2511E+05 -2.9823E+04 -3.0813E+04
0000402   7.3415E+05 -4.3254E+04  5.7175E+04
0000403   7.6602E+05  1.9712E+03  1.3294E+04
0000404   7.6857E+05 -7.1424E+03  9.8062E+03
0000405   7.4474E+05  6.0746E+03 -3.1463E+04
0000406   7.4446E+05  1.5210E+04  5.8060E+03
0000407   7.2709E+05 -3.2637E+04 -2.7603E+04
0000408   7.3213E+05  8.9236E+02 -3.2483E+03
0000409   7.5140E+05  1.1471E+04 -1.1439E+04
0000410   7.3106E+05 -5.4674E+04  1.2793E+04
0000411   7.4852E+05 -1.6622E+04  2.2643E+04
0000412   7.3385E+05  2.8646E+04  8.6352E+03
0000413   7.2204E+05 -5.2248E+04 -6.6929E+03
0000414   7.3489E+05 -5.1677E+04 -9.5036E+03
0000415   7.4696E+05 -1.9995E+04  4.3136E+03
0000416   7.4208E+05  2.4904E+04 -2.2781E+03
0000417   7.2086E+05 -2.6576E+03 -1.1341E+04
0000418   7.3497E+05 -1.4480E+03 -5.6107E+03
0000419   7.4589E+05  5.0049E+03 -1.2174E+04
0000420   7.4840E+05 -3.3987E+04  1.4846E+04
0000421   7.4255E+05  9.8497E+03 -6.3492E+03
0000422   7.4756E+05  2.6990E+04  2.7933E+04
0000423   7.2814E+05 -2.9244E+04 -1.9619E+04
0000424   7.3692E+05  2.6292E+04 -6.5360E+03
0000425   7.3794E+05  3.0712E+04 -4.4249E+04
0000426   7.6593E+05  1.1165E+04 -2.2530E+04
0000427   7.2781E+05  2.1602E+04 -1.3058E+04
0000428   7.3274E+05 -1.2457E+03  1.3620E+04
0000429   7.1066E+05  4.6551E+04  3.9562E+03
0000430   7.5005E+05  1.9264E+04 -4.7460E+03
0000431   7.4541E+05  1.9100E+04 -2.6565E+04
0000432   7.4274E+05 -2.8785E+03  6.1978E+03
0000433   7.3847E+05 -1.2446E+05 -5.8249E+03
0000434   7.3850E+05 -1.1356E+04  1.0150E+03
0000435   7.3877E+05 -2.5100E+04 -1.6249E+04
0000436   7.4717E+05  1.7515E+04 -1.2473E+03
0000437   7.3811E+05  5.1359E+04 -3.1459E+04
0000438   7.4737E+05 -5.6765E+04 -5.8211E+04
0000439   7.7529E+05 -4.9805E+03  5.7298E+03
0000440   7.4711E+05 -1.5439E+03 -8.4631E+03
0000441   7.4365E+05 -1.3279E+04 -5.1641E+03
0000442   7.2936E+05  1.2682E+04 -2.3656E+03
0000443   7.3708E+05 -2.8742E+04  3.1233E+04
0000444   7.5120E+05  1.3052E+04 -9.6094E+03
0000445   7.4648E+05 -2.0472E+04 -9.2072E+03
0000446   7.3960E+05  1.3244E+04  8.8207E+03
0000447   7.1871E+05 -4.1758E+04  2.0363E+04
0000448   7.3554E+05 -7.0733E+03  2.5468E+04
0000449   7.3482E+05  4.6176E+04 -1.4011E+04
0000450   7.2773E+05 -2.1575E+04 -3.6284E+04
0000451   7.4480E+05  5.3083E+03  2.3393E+04
0000452   7.4154E+05  3.6705E+04  5.5741E+04
0000453   7.3944E+05  5.1836E+04  3.6596E+03
0000454   7.3867E+05  8.0611E+03 -1.5640E+04
0000455   7.4765E+05  1.3064E+04  5.9031E+04
0000456   7.2022E+05 -2.1353E+04 -3.4748E+04
0000457   7.3540E+05 -5.7229E+03  1.4750E+04
0000458   7.3848E+05 -9.1509E+03  2.9877E+04
0000459   7.4199E+05 -2.4133E+03  3.2175E+04
0000460   7.3134E+05 -2.9048E+04  2.4283E+04
0000461   7.3492E+05 -1.9750E+04  3.2263E+04
0000462   7.3432E+05  5.2454E+04  4.4143E+03
0000463   7.5737E+05  2.8535E+04 -5.4686E+03
0000464   7.3004E+05 -9.0178E+03 -2.1596E+04
0000465   7.4462E+05  1.8027E+04  9.6344E+03
0000466   7.4072E+05 -1.3143E+04 -2.0823E+04
0000467   7.4724E+05  3.2585E+03  3.8115E+03
0000468   7.2754E+05  8.2668E+03  2.4944E+04
0000469   7.2655E+05  2.3840E+04  7.7293E+03
0000470   7.1613E+05  3.7177E+04  4.5010E+04
0000471   7.3722E+05 -2.1373E+04 -2.4300E+04
0000472   7.5309E+05  5.6414E+04 -6.3581E+03
0000473   7.4979E+05 -2.8224E+04  3.7774E+04
0000474   7.4652E+05 -3.1284E+04  2.8396E+04
0000475   7.2429E+05 -3.0209E+04 -2.4863E+03
0000476   7.2997E+05 -8.2876E+03  2.7139E+03
0000477   7.3977E+05  3.0844E+03  1.1129E+03
0000478   7.3176E+05 -1.5445E+04 -4.0462E+04
0000479   7.2961E+05  1.5129E+04  1.5166E+04
0000480   7.3583E+05 -1.3039E+04  1.7589E+03
0000481   7.3244E+05  7.7207E+03  2.0980E+04
0000482   7.4449E+05  2.3796E+04 -2.9242E+04
0000483   7.5603E+05  8.6138E+03 -2.6612E+04
0000484   7.4839E+05  2.3000E+04 -3.7607E+04
0000485   7.3144E+05 -2.0388E+04 -5.9316E+03
0000486   7.1441E+05  2.3169E+04  5.0782E+04
0000487   7.3186E+05  3.3207E+04  1.6337E+03
0000488   7.3642E+05  3.1509E+04 -2.3770E+04
0000489   7.3343E+05  6.6885E+03  1.8880E+04
0000490   7.2536E+05  5.0368E+04 -9.8211E+03
0000491   7.5193E+05 -1.7386E+04 -8.1246E+03
0000492   7.1924E+05 -1.4007E+04  3.9728E+04
0000493   7.6939E+05  4.8199E+03 -3.1132E+04
0000494   7.3412E+05 -1.3563E+04  2.6867E+04
0000495   7.7437E+05  3.3781E+04 -2.6487E+04
0000496   7.3931E+05  1.0572E+04  3.6565E+02
0000497   6.0718E+05 -3.4004E+05 -1.1019E+05
0000498   7.3814E+05 -1.6930E+04 -3.5589E+04
0000499   7.2588E+05  1.7444E+03  3.0928E+04
0000500   7.3018E+05 -1.7940E+04 -1.9307E+04
0000501   7.3088E+05  7.8388E+03  4.9546E+04
0000502   7.2430E+05 -3.3476E+04 -5.0099E+03
0000503   7.5255E+05 -1.4395E+04 -3.1666E+03
0000504   7.6135E+05  1.6206E+04  8.0280E+03
0000505   7.1964E+05  4.1543E+03  4.6081E+04
0000506   7.4598E+05 -6.3038E+03 -1.9039E+04
0000507   7.4503E+05  6.2289E+04 -4.1147E+04
0000508   7.4767E+05  2.1604E+04 -2.6862E+04
0000509   7.4015E+05 -1.2776E+03 -2.6237E+04
0000510   7.5387E+05  3.3091E+03 -1.1583E+04
0000511   7.2130E+05 -2.0124E+04  3.8023E+04
0000512   7.3854E+05  3.3321E+04 -4.3378E+04
0000513   7.3692E+05  1.9267E+03  1.4040E+04
0000514   7.3777E+05  2.2900E+03  8.9822E+03
0000515   7.2668E+05 -4.1678E+04 -2.0518E+03
0000516   7.3780E+05  1.5874E+04 -1.4699E+04
0000517   7.4502E+05  1.6594E+04 -2.7817E+04
0000518   7.3859E+05  7.5971E+03  1.9674E+04
0000519   7.4786E+05  5.5611E+02 -1.1586E+04
0000520   7.3330E+05  3.2077E+04  3.7778E+03
0000521   7.6247E+05  1.8495E+04  3.1471E+04
0000522   7.4162E+05  3.3188E+04 -1.6087E+04
0000523   7.2985E+05  2.5753E+04 -5.5646E+04
0000524   7.3439E+05 -4.4592E+03  1.4513E+04
0000525   7.2986E+05  7.8829E+04  3.2829E+04
0000526   7.2699E+05  1.1436E+04 -8.1912E+03
0000527   7.4765E+05 -2.3702E+04 -2.1063E+03
0000528   7.2273E+05 -2.9888E+04  5.5414E+03
0000529   7.4111E+05  1.1040E+04  2.1401E+04
0000530   7.2470E+05  4.9784E+04  2.6201E+03
0000531   7.4609E+05  2.8619E+04  3.0185E+04
0000532   7.4994E+05 -1.3041E+03 -1.8203E+04
0000533   7.2437E+05  1.4240E+04  2.6648E+04
0000534   7.2930E+05 -1.7572E+03 -1.0600E+04
0000535   7.2582E+05  6.6669E+04 -1.0984E+04
0000536   7.3817E+05 -2.2790E+02  1.4334E+04
0000537   7.4436E+05 -3.2012E+04 -2.6555E+04
0000538   7.4474E+05 -2.0954E+04  2.9803E+04
0000539   7.4304E+05 -1.7712E+04  3.1991E+04
0000540   7.3660E+05 -2.0804E+04  6.3782E+04
0000541   7.2872E+05 -3.0171E+02  1.7096E+04
0000542   7.5722E+05  2.1067E+03 -9.5516E+03
0000543   7.4046E+05  7.9050E+04  7.8281E+03
0000544   7.3948E+05 -1.6993E+04 -3.3943E+04
0000545   7.6121E+05 -2.9875E+03  1.9522E+04
0000546   7.2166E+05 -1.8731E+04 -3.0051E+04
0000547   7.2598E+05  1.8214E+04 -1.1793E+04
0000548   7.2981E+05 -3.5870E+04  3.6920E+04
0000549   7.5594E+05 -3.1908E+04  5.0801E+03
0000550   7.5915E+05 -2.6739E+04 -5.5063E+04
0000551   7.2218E+05 -6.2275E+03 -1.3915E+04
0000552   7.4620E+05 -1.3066E+03 -2.5223E+04
0000553   7.4231E+05 -1.3776E+04  4.4014E+03
0000554   7.2259E+05  5.2983E+03  2.5283E+04
0000555   7.5871E+05  3.1744E+04 -4.5974E+04
0000556   7.5485E+05 -1.7462E+04 -1.4852E+04
0000557   7.2640E+05 -8.4999E+03  5.2752E+03
0000558   7.3542E+05 -6.5333E+03 -8.5534E+03
0000559   7.4235E+05  1.5023E+04 -2.7167E+04
0000560   7.4454E+05  8.1360E+03  2.8306E+04
0000561   7.4952E+05  7.6074E+03  8.6552E+02
0000562   7.2635E+05  4.9803E+04  1.7474E+04
0000563   7.3053E+05 -1.1465E+04 -3.0580E+04
0000564   7.3910E+05  3.0200E+04 -3.9677E+03
0000565   7.5047E+05 -4.3235E+04  3.9672E+03
0000566   7.3765E+05  3.5112E+03  9.4001E+03
0000567   7.0711E+05 -1.1400E+05  1.6598E+04
0000568   7.5948E+05 -2.4575E+04 -1.3611E+04
0000569   7.5246E+05  2.1299E+04  5.6296E+03
0000570   7.4655E+05  1.7897E+04  1.8418E+04
0000571   7.4448E+05 -2.6717E+04 -1.6440E+04
0000572   7.3185E+05 -1.0356E+04 -5.4376E+04
0000573   7.2303E+05  4.5767E+04 -2.9316E+04
0000574   7.3084E+05  2.6458E+03 -1.4510E+04
0000575   7.3366E+05  2.7440E+04 -4.4732E+04
0000576   7.1992E+05 -1.1452E+05 -7.0291E+04
0000577   7.2876E+05  3.0256E+04 -2.0919E+03
0000578   7.2739E+05  1.7571E+04  1.7612E+04
0000579   7.2992E+05  1.7980E+04 -3.3169E+04
0000580   3.1224E+05 -3.1363E+05  3.9150E+05
0000581   7.4239E+05 -1.4239E+04  1.4868E+04
0000582   7.3991E+05 -5.9065E+02  1.2702E+04
0000583   7.4648E+05  5.7582E+03 -3.0498E+04
0000584   7.5640E+05  3.1226E+03 -1.7999E+04
0000585   7.3393E+05  4.9053E+03  9.1045E+03
0000586   7.5714E+05 -1.2349E+04  9.3855E+02
0000587   7.3033E+05  3.1569E+04  4.9059E+03
0000588   7.3150E+05  2.4641E+04 -1.4376E+04
0000589   7.3501E+05  2.9787E+04  2.4239E+04
0000590   7.5413E+05 -2.1195E+04  3.9734E+04
0000591   7.3358E+05  1.6902E+04 -3.2490E+03
0000592   7.0918E+05 -4.1336E+04 -2.0923E+04
0000593   7.4381E+05 -3.8617E+04  3.8427E+04
0000594   7.4878E+05  6.1530E+03 -1.3071E+04
0000595   7.3434E+05 -1.9937E+04  7.1492E+03
0000596   7.2353E+05 -1.5995E+04 -2.8915E+04
0000597   7.6497E+05 -1.4667E+04  2.3666E+04
0000598   7.3603E+05 -7.4287E+03  1.0843E+04
0000599   7.6554E+05  1.4170E+04  2.3471E+03
0000600   7.4186E+05  1.1317E+04 -3.3418E+04
0000601   7.1082E+05 -2.0133E+04 -2.6357E+04
0000602   7.3907E+05  3.3527E+03 -3.3434E+04
0000603   7.4320E+05  1.2978E+04  7.2014E+03
0000604   7.5312E+05  2.2783E+04 -5.4350E+03
0000605   7.4227E+05 -7.2750E+03  2.3748E+04
0000606   7.4489E+05 -6.1171E+04 -7.5009E+02
0000607   7.0892E+05  5.8246E+04  7.1961E+04
0000608   7.4568E+05 -2.3789E+03  3.6349E+04
0000609   7.1767E+05 -6.1647E+03  8.8698E+03
0000610   7.3922E+05  1.8946E+04 -1.0296E+04
0000611   7.5729E+05 -3.8008E+03  1.8104E+04
0000612   7.4817E+05 -9.0323E+02  2.6319E+04
0000613   7.6306E+05  4.4062E+04  3.0422E+03
0000614   7.6097E+05 -8.0771E+03 -3.3844E+04
0000615   7.2538E+05 -2.5177E+04  1.0868E+04
0000616   7.2496E+05 -9.6740E+03  2.7010E+04
0000617   7.5286E+05  8.4608E+03 -1.4472E+02
0000618   7.3298E+05 -1.5081E+04 -7.6467E+03
0000619   7.3209E+05 -3.1410E+04 -3.6386E+03
0000620   7.3251E+05  4.8124E+04  1.4221E+04
0000621   7.3176E+05  6.7061E+03  1.8116E+04
0000622   7.3502E+05 -5.1381E+03  6.5181E+03
0000623   7.2421E+05  1.7142E+04 -2.3378E+04
0000624   7.4042E+05  6.8057E+03 -1.0099E+04
0000625   7.2403E+05  4.8925E+03  6.7679E+04
0000626   7.4428E+05  2.0638E+03 -4.6780E+04
0000627   7.2757E+05  1.1336E+04 -8.2653E+03
0000628   7.4287E+05 -3.4385E+04  1.8970E+04
0000629   7.1596E+05 -1.7358E+04 -6.4375E+03
0000630   7.2023E+05  7.5052E+04  1.0578E+05
0000631   7.5496E+05  4.6478E+04  3.3438E+04
0000632   7.3633E+05 -7.1411E+04  2.1218E+04
0000633   7.2916E+05 -4.3279E+04  4.0984E+04
0000634   7.3981E+05  4.0535E+03 -8.1949E+03
0000635   7.5425E+05 -2.1652E+04 -2.1676E+04
0000636   7.3340E+05  4.9090E+03 -1.5748E+04
0000637   7.4160E+05 -4.5477E+04 -3.1630E+04
0000638   7.4567E+05  1.3343E+04  2.3709E+04
0000639   7.4510E+05 -9.9356E+03  1.2292E+04
0000640   7.4583E+05  4.2621E+03 -1.3962E+04
0000641   7.3483E+05  2.6063E+04  3.1164E+04
0000642   7.3270E+05 -2.5498E+04  4.1602E+04
0000643   7.4937E+05 -5.4360E+03  1.2074E+03
0000644   7.4743E+05 -1.0141E+03 -2.7826E+04
0000645   7.3288E+05 -8.6000E+02  1.9083E+04
0000646   7.1842E+05  3.3388E+03  1.9446E+04
0000647   7.4376E+05 -3.1849E+03 -1.9129E+04
0000648   7.2710E+05  6.7346E+03  3.6834E+03
0000649   7.3068E+05  1.1013E+04  3.9900E+04
0000650   7.4195E+05 -4.2711E+04 -1.4050E+04
0000651   7.4079E+05  2.5678E+04  1.1251E+04
0000652   7.4005E+05  2.0678E+04 -3.7572E+03
0000653   7.5668E+05 -7.2235E+04  2.8159E+04
0000654   7.3032E+05  4.6360E+04  8.1922E+03
0000655   7.5779E+05 -7.8501E+03  3.0230E+04
0000656   7.2751E+05  1.1274E+03  2.9317E+04
0000657   7.3166E+05  9.4715E+03 -7.1982E+03
0000658   7.4660E+05 -3.6042E+04 -4.8463E+03
0000659   7.4070E+05 -4.2369E+04  4.1329E+03
0000660   7.1919E+05 -4.1472E+04 -1.8674E+04
0000661   7.2309E+05  3.9442E+03 -4.6372E+04
0000662   7.3461E+05  4.0006E+04  3.2198E+03
0000663   7.5176E+05 -9.4195E+03 -3.4135E+04
0000664   7.3925E+05  7.8664E+03 -3.9774E+04
0000665   7.4360E+05  4.4481E+04  2.7839E+04
0000666   7.2617E+05  3.3708E+04 -2.1152E+04
0000667   7.5582E+05 -1.6139E+04 -1.8633E+04
0000668   7.4267E+05  3.8158E+04 -1.8434E+04
0000669   7.5698E+05 -1.2712E+04 -1.2620E+04
0000670   7.4081E+05  2.0418E+04  5.1567E+04
0000671   7.6028E+05 -3.6830E+04 -4.6297E+03
0000672   7.5391E+05  1.2827E+04  4.0080E+04
0000673   7.7593E+05 -6.5916E+03 -2.1324E+04
0000674   7.4079E+05  1.8341E+04 -2.9524E+04
0000675   7.2088E+05 -1.3716E+04  9.4100E+02
0000676   7.3943E+05  1.9848E+04  4.0255E+03
0000677   7.5023E+05 -4.7358E+03  1.7964E+04
0000678   7.5967E+05 -2.2718E+04  1.9075E+04
0000679   7.5230E+05  1.9523E+03 -3.4148E+03
0000680   7.3159E+05 -4.7734E+04  1.4338E+04
0000681   7.2291E+05 -4.0674E+04  2.3317E+04
0000682   7.5919E+05  4.5321E+03  8.4827E+02
0000683   7.4582E+05 -9.9690E+03  6.5284E+03
0000684   7.7103E+05 -9.1182E+02  2.3894E+04
0000685   7.3083E+05  1.4739E+04  4.9595E+04
0000686   7.5354E+05  1.1375E+04  4.7681E+04
0000687   7.5020E+05  1.7130E+04 -9.8065E+03
0000688   7.4716E+05  1.5926E+04 -3.4458E+04
0000689   7.2562E+05 -1.1243E+04 -1.3167E+04
0000690   7.2883E+05  3.0145E+03 -2.1137E+04
0000691   7.3974E+05 -4.6963E+04 -2.0270E+03
0000692   7.2739E+05 -9.4272E+03 -7.2280E+03
0000693   7.3882E+05  4.0033E+04 -7.1761E+02
0000694   7.4135E+05  3.8532E+03 -3.7161E+04
0000695   7.5623E+05  1.6345E+04  3.0836E+04
0000696   7.3778E+05 -2.0207E+03  1.9017E+04
0000697   7.5823E+05 -3.5255E+03  1.8738E+03
0000698   7.3605E+05  8.2804E+03  1.7522E+04
0000699   7.3594E+05  5.1322E+04 -7.3799E+03
0000700   7.5284E+05  2.6165E+04 -1.0230E+04
0000701   7.4882E+05  1.0357E+04  2.8246E+04
0000702   7.3717E+05 -2.3820E+04 -6.7711E+03
0000703   7.5727E+05 -1.2439E+04  2.9699E+03
0000704   7.4003E+05 -3.6416E+03 -8.9762E+03
0000705   7.4277E+05  2.4323E+02 -1.0353E+04
0000706   7.4694E+05  2.1305E+04 -2.0502E+04
0000707   7.3980E+05  1.4436E+04 -4.2558E+03
0000708   7.4680E+05  5.0426E+04  8.9002E+03
0000709   7.3220E+05  5.2091E+04 -2.6931E+04
0000710   7.4793E+05  3.5514E+04  9.3056E+03
0000711   7.4406E+05 -1.5593E+03 -4.4207E+04
0000712   7.5811E+05 -2.8701E+04 -3.1312E+04
0000713   7.1320E+05  4.8395E+04 -4.3021E+04
0000714   7.3568E+05 -1.6912E+04 -3.7273E+04
0000715   7.5558E+05  1.4775E+04 -2.6296E+03
0000716   7.3673E+05 -2.3614E+04 -1.0121E+04
0000717   7.3426E+05 -2.1047E+03  1.3366E+04
0000718   7.5637E+05 -9.0042E+03 -7.0700E+03
0000719   7.2938E+05  3.0350E+04 -1.1841E+04
0000720   7.4688E+05 -6.5022E+04  7.6613E+04
0000721   7.4673E+05 -3.6400E+04  2.4039E+03
0000722   7.3542E+05 -8.8486E+04 -9.9657E+03
0000723   7.4062E+05 -5.3776E+04 -3.1206E+04
0000724   7.3883E+05 -2.1766E+04 -1.1020E+04
0000725   7.1903E+05  2.5576E+04  1.4765E+04
0000726   7.3142E+05  5.0279E+04 -6.8036E+04
0000727   7.3444E+05  2.3192E+04 -2.9091E+03
0000728   7.3094E+05 -2.4027E+04  4.5850E+03
0000729   7.3056E+05  7.9376E+03  4.1028E+02
0000730   7.5621E+05  1.5581E+03  3.5161E+03
0000731   7.4221E+05 -4.5758E+04  3.6592E+03
0000732   7.2665E+05 -7.0600E+03 -3.2956E+03
0000733   7.1824E+05 -1.9040E+04  2.4655E+04
0000734   7.2752E+05  1.3665E+04  5.9589E+04
0000735   7.5146E+05  4.2187E+04 -4.2867E+04
0000736   6.7238E+05  1.6639E+05  4.3677E+04
0000737   7.4296E+05 -1.8528E+04  2.0542E+04
0000738   7.4212E+05 -4.9949E+04  3.9906E+03
0000739   7.2317E+05 -2.0860E+02 -3.9424E+04
0000740   7.5820E+05  4.3949E+04 -3.7142E+04
0000741   7.4561E+05  7.1295E+02 -1.9942E+04
0000742   7.4758E+05 -1.5450E+04  3.6360E+04
0000743   7.2566E+05  8.3837E+03  3.2697E+03
0000744   7.3632E+05  1.0462E+04  7.4544E+03
0000745   7.6029E+05  3.0775E+04  2.4341E+04
0000746   7.2081E+05 -4.2237E+04  2.7659E+04
0000747   7.4349E+05 -1.3881E+04  2.8851E+03
0000748   7.4742E+05 -2.1115E+04  1.3795E+04
0000749   7.4208E+05 -7.0503E+03  3.8568E+03
0000750   7.4365E+05 -5.5639E+04  1.4917E+04
0000751   7.2998E+05 -1.2703E+04 -1.5703E+04
0000752   7.4394E+05 -8.1789E+03  1.3637E+04
0000753   7.5058E+05  3.4364E+03  5.9216E+03
0000754   7.3950E+05  8.3628E+03 -2.3172E+04
0000755   7.4190E+05 -2.5644E+03  1.4468E+04
0000756   7.3810E+05  3.0252E+04  4.2378E+03
0000757   7.4220E+05  8.3907E+03  1.1194E+04
0000758   7.5572E+05 -2.1614E+04  1.6069E+04
0000759   7.3954E+05  1.1552E+04  2.2456E+04
0000760   7.2665E+05  9.3670E+03  5.7856E+04
0000761   7.5320E+05  2.4337E+04  9.9806E+02
0000762   7.3860E+05  1.0908E+04 -1.4042E+04
0000763   7.4415E+05 -1.8488E+04  1.6353E+04
0000764   7.3490E+05 -2.8726E+04  2.2083E+04
0000765   7.2765E+05 -1.0042E+04  1.7083E+04
0000766   7.2645E+05  2.9225E+03 -3.9721E+02
0000767   7.5404E+05  1.4528E+04  8.8899E+03
0000768   7.6306E+05 -2.8536E+03  3.4662E+04
0000769   7.5526E+05  5.8049E+02  1.0111E+04
0000770   7.4357E+05  7.4361E+03  3.4992E+04
0000771   7.6482E+05  8.5307E+03  6.1700E+04
0000772   7.4755E+05 -1.4157E+04  3.9639E+04
0000773   7.5538E+05  1.3745E+03  1.0627E+04
0000774   7.1531E+05 -2.0812E+04 -2.6851E+04
0000775   7.3163E+05 -1.5208E+04 -5.9359E+04
0000776   7.4342E+05  1.5148E+04 -4.5883E+04
0000777   7.4143E+05  1.1134E+04 -2.3081E+03
0000778   7.5982E+05 -1.8573E+04 -1.0100E+04
0000779   7.3031E+05  3.4876E+03  1.5022E+04
0000780   7.4402E+05  2.6827E+03  2.1823E+04
0000781   7.3649E+05  1.2235E+04  2.3505E+02
0000782   7.3005E+05 -1.3642E+04  2.6040E+02
0000783   7.4021E+05 -1.7540E+04  5.5818E+04
0000784   7.4507E+05  3.4354E+04 -2.6895E+04
0000785   7.3154E+05  1.3926E+05  2.4272E+04
0000786   7.4514E+05 -4.5566E+04 -2.6859E+04
0000787   7.1314E+05  3.4191E+04  5.0436E+04
0000788   7.4968E+05 -2.2392E+04 -1.5273E+04
0000789   7.2231E+05  9.1326E+03 -2.0289E+04
0000790   7.4860E+05  4.9328E+03 -4.8652E+04
0000791   7.1660E+05  2.7323E+04 -1.0781E+03
0000792   7.4992E+05  9.3088E+03  7.2216E+03
0000793   7.7319E+05 -1.0499E+04 -3.0569E+04
0000794   7.4096E+05  4.7789E+04  2.3013E+04
0000795   7.4276E+05  4.3599E+04 -8.7417E+03
0000796   7.2440E+05 -1.4744E+04 -4.7524E+04
0000797   7.4837E+05 -1.4188E+04  3.4579E+03
0000798   7.5947E+05 -4.4820E+03  2.3778E+04
0000799   7.4902E+05 -2.8431E+04  2.0588E+04
0000800   7.5746E+05  1.5165E+04 -5.1797E+04
0000801   7.4490E+05  1.3235E+03  3.3571E+03
0000802   7.1675E+05  4.6496E+03 -5.0943E+04
0000803   7.4482E+05 -1.4575E+04 -2.0653E+04
0000804   7.2986E+05 -4.6765E+04  4.7285E+04
0000805   7.4844E+05  5.0309E+03 -1.8709E+04
0000806   7.4039E+05  7.2892E+03  3.5854E+03
0000807   7.3052E+05  4.2426E+02 -3.1933E+04
0000808   7.4769E+05  8.3625E+03  3.4288E+04
0000809   7.4309E+05 -2.3858E+04  1.8346E+04
0000810   7.2958E+05  2.7963E+04  2.4994E+04
0000811   7.5288E+05  1.1778E+04 -4.4210E+04
0000812   7.3193E+05  1.0287E+05  1.7329E+04
0000813   7.3345E+05  2.7148E+04 -2.4954E+04
0000814   7.5689E+05 -6.3853E+03  3.6708E+04
0000815   7.3923E+05  1.2580E+04  4.9653E+04
0000816   7.3616E+05  3.2328E+04 -6.3618E+03
0000817   7.1736E+05  6.1851E+02  1.3245E+03
0000818   7.2360E+05  6.5446E+03 -2.4100E+03
0000819   7.2627E+05 -2.9040E+04 -4.9128E+04
0000820   7.3563E+05 -5.9058E+03  5.4644E+02
0000821   7.4530E+05  1.3658E+04  6.0567E+03
0000822   7.5943E+05  1.8633E+04  1.2568E+04
0000823   7.4820E+05  7.5330E+04  2.1361E+03
0000824   7.4746E+05  1.0719E+04  8.0636E+03
0000825   7.2922E+05  2.9696E+04  1.7450E+04
0000826   7.5473E+05  1.8765E+04 -1.4976E+04
0000827   7.5672E+05  1.4866E+04 -5.3192E+04
0000828   7.3163E+05  1.7902E+03 -3.0784E+04
0000829   7.4594E+05  4.1606E+04 -6.9509E+03
0000830   7.3616E+05  1.1547E+04  6.1019E+04
0000831   7.4656E+05  1.8160E+03 -1.6479E+04
0000832   7.1580E+05 -4.2912E+04  3.5687E+04
0000833   7.2657E+05 -5.3097E+03 -1.5866E+04
0000834   7.4529E+05  3.1765E+04 -6.2873E+03
0000835   7.6349E+05 -9.8699E+03  4.4014E+04
0000836   7.4843E+05  1.5052E+04 -1.6574E+04
0000837   7.4513E+05  2.6769E+03 -1.4311E+04
0000838   7.5071E+05 -2.0838E+04  1.1538E+04
0000839   7.7084E+05  3.9521E+03 -2.2966E+04
0000840   7.2490E+05  2.0424E+04  2.5906E+04
0000841   7.3670E+05 -2.1000E+04 -5.2204E+03
0000842   7.5460E+05  2.5861E+03 -6.0504E+02
0000843   7.3941E+05  5.0538E+03  9.9718E+03
0000844   7.5507E+05  1.2900E+04 -4.7943E+03
0000845   7.3675E+05 -4.3928E+04  1.1583E+05
0000846   7.3191E+05 -1.5586E+04 -4.5982E+03
0000847   7.3128E+05 -1.0045E+04 -3.2918E+04
0000848   7.4145E+05  1.0558E+03  2.3153E+04
0000849   7.3880E+05 -2.3604E+04  2.0949E+04
0000850   7.2364E+05  5.2211E+04  5.5854E+04
0000851   7.6563E+05  7.0705E+03  7.7942E+02
0000852   7.3811E+05 -3.0696E+04  3.2422E+04
0000853   7.1646E+05 -8.1202E+03 -1.0362E+04
0000854   7.4790E+05 -3.3736E+02  3.0188E+04
0000855   7.3127E+05  1.7217E+04  1.4338E+04
0000856   7.2520E+05 -2.4509E+04  2.0838E+04
0000857   7.6643E+05 -9.5016E+03  9.0083E+03
0000858   7.2887E+05 -1.6800E+04 -8.1484E+03
0000859   7.5017E+05 -2.6767E+04 -1.5421E+04
0000860   7.4280E+05  1.0223E+04  7.7989E+03
0000861   7.4005E+05 -1.1969E+04 -2.8571E+04
0000862   7.2196E+05 -3.8625E+04 -4.2247E+04
0000863   7.3951E+05 -1.2642E+04  5.6606E+03
0000864   7.6134E+05  1.7816E+04  5.6415E+03
0000865   7.4169E+05 -1.4221E+04  7.0412E+03
0000866   7.6199E+05 -4.9686E+04 -9.2248E+03
0000867   7.3372E+05  3.6583E+04 -2.7612E+04
0000868   7.4320E+05  1.4417E+04 -4.9775E+03
0000869   7.3544E+05  1.6522E+04 -1.4066E+04
0000870   7.2836E+05  4.1874E+04 -2.8320E+04
0000871   7.4738E+05 -1.1518E+04  8.8664E+03
0000872   7.5091E+05  1.0818E+04 -3.2967E+04
0000873   7.4731E+05  1.4520E+04  3.6793E+03
0000874   7.4132E+05  6.1522E+03 -1.3173E+04
0000875   7.5339E+05  3.2374E+04  1.4078E+04
0000876   7.5485E+05  1.3999E+04  8.8365E+03
0000877   7.5955E+05 -4.6715E+02 -4.0523E+04
0000878   7.3636E+05  7.8874E+04  3.1453E+04
0000879   7.3410E+05  8.0947E+03 -4.9822E+04
0000880   7.3246E+05 -1.6694E+04 -1.9924E+03
0000881   7.1151E+05 -1.9285E+04  2.2381E+04
0000882   7.4684E+05 -3.3469E+04 -7.4975E+03
0000883   7.0276E+05 -1.6174E+05  8.2262E+04
0000884   7.3862E+05  3.7698E+04  2.0396E+04
0000885   7.4027E+05 -8.0091E+03 -6.3317E+03
0000886   7.1929E+05  6.7030E+04 -2.0281E+04
0000887   7.3715E+05  8.1249E+02  1.7854E+04
0000888   7.1639E+05 -8.3341E+04 -3.2428E+04
0000889   7.3135E+05  1.5805E+04  2.9630E+04
0000890   7.4125E+05 -2.6219E+04 -2.2256E+04
0000891   7.4638E+05 -2.9283E+04 -7.2149E+04
0000892   7.3550E+05  1.7312E+04 -1.0138E+04
0000893   7.5073E+05 -2.1981E+04 -2.1050E+04
0000894   7.3010E+05  1.7030E+03  3.9503E+03
0000895   7.4206E+05 -2.2659E+04  8.5489E+03
0000896   7.3786E+05  4.3878E+03 -1.9283E+04
0000897   7.4510E+05 -8.5192E+03 -4.0993E+04
0000898   7.4500E+05 -3.0654E+04 -2.9409E+04
0000899   7.1941E+05 -5.2778E+03 -2.3612E+04
0000900   7.2837E+05  2.7955E+03 -1.4296E+04
0000901   7.2034E+05 -3.6733E+04  2.5560E+04
0000902   7.5105E+05 -3.2551E+04 -1.4121E+03
0000903   7.5245E+05  1.5476E+03 -3.0215E+04
0000904   7.3980E+05  8.1639E+04  4.0937E+04
0000905   7.4965E+05 -7.3851E+03 -9.7736E+03
0000906   7.3515E+05  1.0018E+04 -5.1738E+04
0000907   7.2625E+05  5.5966E+03  3.7529E+03
0000908   7.3304E+05 -1.8386E+04 -2.0546E+04
0000909   7.2441E+05  1.7826E+04  2.8770E+04
0000910   7.5249E+05  7.6511E+03  3.4247E+03
0000911   7.3429E+05 -1.3609E+04 -2.5711E+04
0000912   7.5822E+05 -1.9422E+03  4.5016E+04
0000913   7.3732E+05  4.8919E+04 -7.1679E+04
0000914   7.1069E+05 -1.6718E+04 -1.4494E+03
0000915   7.2823E+05  1.0808E+04 -2.6308E+04
0000916   7.4377E+05 -1.0879E+04  5.9218E+03
0000917   7.5447E+05 -2.7394E+04 -2.0533E+04
0000918   7.3413E+05 -1.7221E+04  4.4686E+03
0000919   7.2735E+05  1.0287E+04 -9.9848E+03
0000920   7.3539E+05  1.5736E+04 -1.9594E+04
0000921   7.4634E+05 -1.8868E+04 -1.0405E+04
0000922   7.4805E+05 -2.7565E+03 -3.8331E+04
0000923   7.3976E+05  2.7679E+04  2.1105E+04
0000924   7.5572E+05 -9.2885E+03 -5.5442E+04
0000925   7.5773E+05  2.5614E+04  2.6851E+04
0000926   7.4881E+05 -2.0917E+04 -1.8626E+04
0000927   7.2207E+05 -1.7637E+03 -2.1918E+04
0000928   7.4454E+05 -1.2296E+04 -2.2489E+04
0000929   7.4210E+05  4.8112E+04 -5.3727E+04
0000930   7.2383E+05  5.5580E+03 -9.0073E+01
0000931   7.4787E+05  5.1716E+03 -4.4933E+02
0000932   7.1592E+05 -3.2567E+04  5.1146E+04
0000933   7.3525E+05 -6.7652E+04 -7.2158E+04
0000934   7.2950E+05 -2.1525E+04 -4.2005E+04
0000935   7.2544E+05 -3.2511E+04 -8.9623E+03
0000936   7.4376E+05  2.3503E+04  3.0075E+04
0000937   7.5639E+05  5.5159E+04  5.9489E+03
0000938   7.4667E+05  4.7405E+03 -1.1102E+03
0000939   7.4691E+05  6.0457E+03 -2.3992E+02
0000940   7.5153E+05 -4.7168E+04  3.0180E+04
0000941   7.5329E+05 -2.1848E+04 -3.6366E+04
0000942   7.3490E+05 -1.9722E+03 -4.2757E+02
0000943   7.3848E+05  1.4813E+03 -7.0465E+03
0000944   7.5344E+05 -1.9820E+04 -4.9764E+04
0000945   7.4248E+05 -1.5946E+04 -6.8676E+03
0000946   7.3297E+05 -4.4633E+02  1.6837E+04
0000947   7.3331E+05 -5.1422E+03 -7.3470E+04
0000948   7.5575E+05 -1.4634E+04  2.7035E+04
0000949   7.0892E+05 -7.7708E+03 -2.9150E+04
0000950   7.3976E+05 -3.8508E+04 -2.3123E+04
0000951   7.4776E+05 -1.2451E+04 -3.7883E+04
0000952   7.2533E+05 -3.7548E+04 -2.0125E+04
0000953   7.3573E+05 -6.8675E+03  1.2626E+04
0000954   7.6026E+05 -2.2448E+04  2.7605E+03
0000955   7.3973E+05 -2.1604E+03  2.3106E+04
0000956   7.5184E+05 -1.2876E+04 -9.6380E+03
0000957   7.5670E+05  3.0292E+04  5.8798E+04
0000958   7.2675E+05 -2.3117E+04 -2.4601E+04
0000959   7.2705E+05 -2.1656E+04 -2.8225E+04
0000960   7.4542E+05 -8.1168E+04 -2.7489E+04
0000961   7.4240E+05  5.0837E+03 -4.4541E+03
0000962   7.1882E+05 -4.5236E+04  1.7244E+04
0000963   7.3183E+05 -2.3886E+04 -3.1641E+04
0000964   7.1881E+05 -1.2524E+04 -1.3475E+03
0000965   7.3322E+05  4.1680E+04 -8.1880E+04
0000966   7.3308E+05  9.4613E+03 -9.1249E+03
0000967   7.1487E+05 -2.1298E+04 -4.6515E+04
0000968   7.4664E+05 -1.3050E+04 -2.2648E+04
0000969   7.2365E+05  7.3969E+04  5.6296E+04
0000970   7.5640E+05 -1.8448E+04 -4.0736E+04
0000971   7.4777E+05 -1.0017E+04 -1.4148E+04
0000972   7.5616E+05  1.8437E+04  1.8610E+04
0000973   7.6606E+05 -2.3243E+04 -3.1068E+04
0000974   7.2950E+05  2.9530E+01 -3.4520E+04
0000975   7.1386E+05  1.1258E+05 -1.1190E+04
0000976   7.3014E+05 -1.2540E+04 -2.0682E+03
0000977   7.4080E+05  1.9993E+04 -7.1565E+04
0000978   7.0267E+05 -7.6169E+03  1.6964E+03
0000979   7.5787E+05  1.0535E+04 -6.7419E+04
0000980   7.3348E+05 -5.6513E+04 -2.8358E+03
0000981   7.2306E+05  1.9586E+04 -5.3464E+04
0000982   7.3140E+05  5.9954E+03 -5.4686E+03
0000983   7.4556E+05  3.2948E+04 -2.0786E+04
0000984   7.3189E+05  4.9288E+03 -1.7053E+04
0000985   7.2738E+05  9.2190E+04  5.7498E+03
0000986   7.3292E+05 -4.3864E+04 -3.7398E+04
0000987   7.3961E+05  8.7088E+03 -2.1139E+04
0000988   7.3854E+05 -6.4143E+03  2.4160E+03
0000989   7.3205E+05 -2.3961E+04  1.9261E+04
0000990   7.3960E+05 -6.6791E+04 -2.2863E+04
0000991   1.9207E+05  2.2727E+05 -5.5786E+05
0000992   7.3946E+05 -3.8473E+04  2.8191E+04
0000993   7.3719E+05  7.0034E+03 -2.2751E+04
0000994   7.6507E+05 -2.5042E+04 -1.1055E+04
0000995   7.7358E+05  2.2516E+04  2.6065E+04
0000996   7.4710E+05 -3.1199E+04 -8.7676E+01
0000997   7.2975E+05  1.9179E+04  2.6274E+03
0000998   7.2809E+05  3.2983E+04  4.2262E+04
0000999   7.4507E+05  1.0135E+04 -2.0241E+04
0001000   7.4547E+05 -2.2545E+04  1.9653E+04
