============================== SRIM-2013.00 ==============================
==============================================================================
====== SRIM Outputs\RANGE_3D.txt : File of Final Ion Positions =====

Ion =  H (01)   Ion Mass= 001.0080
Energy  = 1600000.E-03 keV
Ion Angle to Surface = 00.0 degrees
==================== TARGET =======================
  Layer # 1 - Si_Top    
  Layer # 1 - Bottom Depth=300000.E+01 A
  Layer # 1 - Density =0002.3210 g/cm3
  Layer # 1 -  100 % of Si
икикикикикикикикикикикикикикикикикикикикикикикикикикикикикикикикикикикикикикикикикикикикикикикикикикикик
  Layer # 2 - Si_Bottom 
  Layer # 2 - Bottom Depth=600000.E+01 A
  Layer # 2 - Density =0002.3210 g/cm3
  Layer # 2 -  100 % of Si
икикикикикикикикикикикикикикикикикикикикикикикикикикикикикикикикикикикикикикикикикикикикикикикикикикикик
                                            
Ion       Depth  X   Lateral Y   Lateral Z  
Number    (Angstrom) (Angstrom)  (Angstrom) 
-------  ----------- ----------- -----------
0000001   3.4067E+05 -1.1863E+04 -1.1664E+04
0000002   3.4898E+05 -1.2639E+04  2.5505E+03
0000003   3.4243E+05 -1.8202E+04 -6.5099E+03
0000004   3.4239E+05  1.6485E+03  1.1606E+04
0000005   3.4400E+05  2.4752E+04 -1.3206E+04
0000006   3.3937E+05 -4.1225E+03  2.2673E+03
0000007   3.4518E+05  1.9206E+04 -1.1084E+04
0000008   3.3114E+05  3.2657E+03 -1.5705E+04
0000009   3.3226E+05  6.7820E+02 -2.0178E+04
0000010   3.4396E+05 -6.7523E+03  7.6886E+03
0000011   3.3873E+05  2.1905E+04  1.3576E+04
0000012   3.4871E+05 -7.1212E+03  4.4531E+03
0000013   3.3880E+05  5.0474E+03 -9.3425E+02
0000014   3.4985E+05  2.4429E+03 -5.5488E+03
0000015   3.3767E+05 -2.2197E+04  1.2980E+04
0000016   3.3834E+05  4.6582E+03 -2.3328E+04
0000017   3.5017E+05  7.6438E+03 -1.7370E+04
0000018   3.4007E+05  1.0281E+04 -5.3304E+03
0000019   3.3579E+05 -2.4971E+04  2.4319E+03
0000020   3.5151E+05 -1.4128E+04 -1.7923E+04
0000021   3.3540E+05 -7.4966E+03  4.9717E+03
0000022   3.3881E+05 -3.7300E+02  7.5288E+03
0000023   3.3462E+05 -1.7578E+03  2.3568E+04
0000024   3.5659E+05  6.3662E+03 -1.5483E+04
0000025   3.3284E+05  2.3541E+04  6.0349E+03
0000026   3.4209E+05 -9.9744E+03 -5.0771E+03
0000027   3.4055E+05 -2.1670E+04 -8.5250E+03
0000028   3.4660E+05  6.4908E+03  1.7060E+04
0000029   3.3735E+05  7.2928E+03 -2.1736E+04
0000030   3.4659E+05  1.1354E+04 -3.3396E+03
0000031   3.4288E+05  8.4478E+03 -7.9709E+03
0000032   3.4430E+05  2.0146E+03 -6.7055E+03
0000033   3.4233E+05 -2.0309E+04  1.1144E+04
0000034   3.4776E+05  1.1289E+04 -1.6235E+04
0000035   3.3495E+05  3.2501E+04  5.1306E+03
0000036   3.4265E+05 -5.0563E+04  6.0249E+03
0000037   3.4937E+05 -2.6028E+03 -6.1353E+03
0000038   3.3481E+05  8.4484E+03  5.3013E+03
0000039   3.3444E+05  1.3411E+04  1.1455E+04
0000040   3.2273E+05 -4.2792E+04  5.0777E+04
0000041   3.4123E+05 -1.3450E+04 -1.8103E+04
0000042   3.5198E+05  2.4318E+03 -2.5891E+04
0000043   3.3225E+05 -1.1809E+04  9.6148E+01
0000044   3.3773E+05 -1.7257E+04 -2.0361E+04
0000045   3.3670E+05 -9.5807E+03  1.9708E+04
0000046   3.3216E+05  1.6919E+04  3.7531E+04
0000047   3.4785E+05  1.6579E+04 -4.4285E+03
0000048   3.4723E+05 -1.6301E+04  1.3055E+04
0000049   3.4792E+05 -1.6690E+04 -1.5929E+04
0000050   3.3979E+05  1.7629E+04 -7.2919E+03
0000051   3.4513E+05  6.4622E+03 -7.0961E+03
0000052   3.3302E+05  1.0808E+03  1.8479E+04
0000053   3.4440E+05 -6.5312E+03 -1.2185E+04
0000054   3.4478E+05  1.0099E+04 -8.8236E+03
0000055   3.3505E+05  1.0965E+04  5.5629E+03
0000056   3.4407E+05 -1.0144E+04 -5.4692E+03
0000057   3.4116E+05 -4.0765E+03  1.4291E+04
0000058   3.5144E+05  2.2677E+03  1.0207E+04
0000059   3.4145E+05  1.4522E+04  2.5173E+04
0000060   3.4759E+05  2.3220E+04 -1.5534E+04
0000061   3.5356E+05  5.7999E+03 -8.0254E+03
0000062   3.4657E+05 -3.8521E+03 -1.6797E+04
0000063   3.4879E+05 -2.9131E+03 -5.1035E+03
0000064   3.4374E+05 -6.1650E+03 -7.3882E+03
0000065   3.3961E+05 -3.2756E+03 -4.1220E+04
0000066   3.3810E+05  2.1325E+03  1.7722E+03
0000067   3.4230E+05  1.8595E+04 -1.4856E+04
0000068   3.4376E+05  1.0989E+04 -3.5680E+03
0000069   3.5145E+05 -8.1052E+03  2.2996E+03
0000070   3.4817E+05  8.3785E+01  1.4212E+04
0000071   3.3500E+05  3.0864E+03 -5.7531E+03
0000072   3.4505E+05 -1.8542E+04  3.2649E+03
0000073   3.3731E+05  1.3052E+04  3.4714E+02
0000074   3.4177E+05  1.6373E+04  1.0958E+04
0000075   3.3759E+05 -1.5920E+04 -1.1293E+04
0000076   3.4344E+05 -9.4946E+03  2.7684E+04
0000077   3.3738E+05  4.0195E+04  2.8416E+04
0000078   3.4290E+05  7.9798E+03 -2.7727E+03
0000079   3.3959E+05 -1.1085E+04  3.6022E+04
0000080   3.4145E+05  4.1607E+03  1.1368E+04
0000081   3.4062E+05 -7.7735E+03 -1.6661E+04
0000082   3.3951E+05  9.3229E+03  1.3061E+04
0000083   3.3851E+05 -2.7424E+04 -4.8205E+03
0000084   3.4797E+05 -9.4403E+03 -4.4260E+03
0000085   3.4809E+05 -8.0200E+03 -4.2768E+03
0000086   3.4266E+05  1.2040E+04 -4.0930E+03
0000087   3.4497E+05 -1.3714E+03  1.1585E+04
0000088   3.4423E+05 -9.2840E+03 -7.4232E+03
0000089   3.3754E+05 -3.0359E+04 -3.8415E+03
0000090   2.6213E+05  5.7874E+04 -1.5590E+05
0000091   3.3805E+05  1.9994E+04  1.7479E+04
0000092   3.3902E+05  1.1283E+03 -2.5425E+04
0000093   3.3773E+05 -2.8858E+03 -6.4436E+03
0000094   3.3573E+05  2.2120E+03 -3.3310E+03
0000095   3.4065E+05  1.8398E+04  2.0463E+04
0000096   3.4097E+05  2.3119E+04 -1.4058E+04
0000097   3.3913E+05 -1.8277E+04  7.0752E+03
0000098   3.4732E+05  4.4057E+03 -5.4549E+03
0000099   3.5818E+05  4.3729E+03 -2.6169E+03
0000100   3.4617E+05  2.3119E+04 -1.2254E+04
0000101   3.4333E+05 -1.9524E+04  1.4348E+04
0000102   3.3825E+05  1.8947E+04  5.2650E+03
0000103   3.3684E+05  4.6465E+03 -3.3540E+04
0000104   3.4500E+05 -3.4455E+04  7.1982E+03
0000105   3.4277E+05 -4.4144E+03  6.5000E+03
0000106   3.3265E+05 -8.4416E+01 -7.8328E+03
0000107   3.3423E+05  2.2178E+04 -6.0866E+03
0000108   3.4735E+05  2.5636E+03  2.7482E+04
0000109   3.5070E+05 -3.1585E+04  4.0782E+03
0000110   3.3940E+05 -1.7417E+03  1.4884E+04
0000111   3.3450E+05  2.5228E+04  1.4588E+04
0000112   3.4282E+05 -8.8882E+03 -7.7643E+03
0000113   3.3825E+05 -5.1618E+03  4.4359E+03
0000114   3.4572E+05  5.0642E+03 -1.6546E+03
0000115   3.3618E+05  1.2370E+04  2.5742E+03
0000116   3.5385E+05  7.0291E+01 -3.4718E+03
0000117   3.3710E+05 -3.6691E+04 -4.7840E+03
0000118   3.3728E+05 -1.1916E+04 -1.1189E+04
0000119   3.3719E+05 -1.6516E+04  8.4529E+03
0000120   3.4256E+05 -3.6027E+03 -2.3327E+03
0000121   3.3439E+05  2.6226E+04  1.7940E+03
0000122   3.3286E+05 -1.0215E+04 -1.7918E+03
0000123   3.3383E+05  3.3818E+04  1.3722E+04
0000124   3.4290E+05  1.8221E+04 -6.0626E+03
0000125   3.4485E+05  1.0967E+04  1.8014E+03
0000126   3.4106E+05 -1.3813E+04  5.9212E+03
0000127   3.4807E+05  1.0208E+04  3.2523E+03
0000128   3.4312E+05 -2.2577E+04 -1.3237E+04
0000129   3.3758E+05 -4.3500E+03  6.9182E+03
0000130   3.3933E+05  1.1887E+04 -1.2940E+04
0000131   3.5220E+05  4.6414E+03  7.5418E+03
0000132   3.5149E+05 -4.8614E+03  5.1572E+03
0000133   3.4027E+05  7.3031E+03 -1.3100E+04
0000134   3.3809E+05 -1.0393E+04  1.4998E+04
0000135   3.3761E+05 -1.0057E+04 -1.0296E+04
0000136   3.4147E+05  6.7124E+03 -2.3503E+04
0000137   3.5283E+05 -9.0872E+02  1.7046E+03
0000138   3.3337E+05  1.6707E+04  5.7780E+03
0000139   3.4439E+05  2.7297E+03  8.1057E+03
0000140   3.4840E+05 -2.1143E+03  2.3444E+04
0000141   3.3187E+05 -1.8714E+04 -8.1227E+03
0000142   3.3664E+05  2.0764E+03  7.1806E+03
0000143   3.3765E+05  1.4672E+04 -5.6950E+03
0000144   3.5075E+05 -1.3996E+04  1.5823E+04
0000145   3.5579E+05 -2.0550E+03  8.5433E+03
0000146   3.3738E+05  2.6833E+02 -1.1199E+03
0000147   3.4248E+05 -1.8151E+04  1.5316E+04
0000148   3.2410E+05 -6.0413E+04 -2.6096E+04
0000149   3.4512E+05 -8.1199E+03  6.7593E+04
0000150   3.4293E+05 -1.0037E+04 -1.5297E+04
0000151   3.4531E+05  3.1985E+04 -3.0818E+03
0000152   3.4756E+05  5.5958E+03  1.6960E+04
0000153   3.4338E+05 -1.4176E+03  6.4662E+03
0000154   3.4823E+05  8.8988E+03  7.7285E+03
0000155   3.4448E+05 -8.6691E+03  4.5782E+03
0000156   3.3345E+05  1.3549E+04  1.6507E+04
0000157   3.3983E+05 -2.0447E+04  4.7718E+03
0000158   3.4653E+05 -9.7710E+02  1.5235E+04
0000159   3.5007E+05 -1.5643E+04 -1.0382E+04
0000160   3.3297E+05 -1.8756E+03 -1.7169E+04
0000161   3.3811E+05  1.1052E+04  6.0226E+03
0000162   3.5935E+05 -1.3133E+02  6.0510E+03
0000163   3.4140E+05  5.3312E+03  1.1794E+04
0000164   3.4792E+05  1.1306E+04 -1.5406E+04
0000165   3.4580E+05  4.6919E+03  1.6787E+04
0000166   3.5162E+05  7.9901E+03  5.9017E+03
0000167   3.4154E+05  2.4744E+04  6.7623E+03
0000168   3.4034E+05 -2.0693E+04 -2.2719E+04
0000169   3.4401E+05  2.9674E+02  1.5031E+04
0000170   3.4451E+05 -6.2047E+03 -3.3779E+03
0000171   3.3814E+05  1.6620E+03  1.9091E+03
0000172   3.4103E+05 -4.2540E+03 -1.2769E+04
0000173   3.3453E+05 -9.8661E+03 -4.4973E+03
0000174   3.3287E+05  2.0565E+04 -8.7275E+02
0000175   3.3418E+05 -9.8254E+03 -5.9759E+02
0000176   3.4032E+05 -1.1983E+04  3.8299E+03
0000177   3.3832E+05 -2.2849E+03 -3.0038E+03
0000178   3.3981E+05  4.1268E+04 -2.4789E+04
0000179   3.4504E+05  1.2525E+04 -1.0217E+04
0000180   3.4364E+05 -2.7596E+04  7.4666E+02
0000181   3.4400E+05  3.6231E+02 -1.8637E+03
0000182   3.4136E+05 -7.4349E+03 -2.9039E+03
0000183   3.4117E+05  4.3719E+03 -2.2966E+03
0000184   3.4575E+05 -9.4472E+03 -1.7395E+04
0000185   3.3276E+05 -3.0369E+03  7.5177E+03
0000186   3.4644E+05  6.3962E+03 -2.1927E+03
0000187   3.4554E+05 -1.1155E+04  7.2480E+03
0000188   3.4767E+05  1.1585E+04  9.7255E+02
0000189   3.3448E+05  2.4740E+04  9.3552E+03
0000190   3.4800E+05  3.2422E+04  5.3024E+04
0000191   3.5242E+05 -7.3656E+03  7.3953E+03
0000192   3.4907E+05 -3.1316E+03 -6.0345E+03
0000193   3.4168E+05 -9.4994E+03  5.2989E+03
0000194   3.4362E+05  6.7166E+03 -1.2409E+02
0000195   3.3425E+05  7.7067E+03  3.7177E+02
0000196   3.3741E+05  2.2341E+04 -4.1295E+04
0000197   3.4100E+05  7.0026E+03  1.4871E+04
0000198   3.3531E+05  2.5150E+03 -1.4305E+04
0000199   3.2138E+05 -3.5076E+04 -6.2471E+03
0000200   3.5462E+05 -2.8323E+03  2.1349E+03
0000201   3.4439E+05 -3.0339E+04 -1.9552E+04
0000202   3.4592E+05 -3.3014E+04  7.1106E+03
0000203   3.4606E+05  1.7721E+02  2.1233E+03
0000204   3.4072E+05 -2.5564E+03 -1.1168E+04
0000205   3.4129E+05 -8.6877E+03 -4.5586E+02
0000206   3.4778E+05  1.6416E+03  1.3688E+03
0000207   3.5670E+05  7.5985E+03 -8.9527E+03
0000208   3.4440E+05  3.7714E+04  8.4758E+03
0000209   3.4170E+05  8.2885E+03 -2.1950E+03
0000210   3.4604E+05  1.1343E+02  1.2599E+02
0000211   3.4662E+05  1.1108E+03 -7.7301E+03
0000212   3.4613E+05 -5.0560E+03  1.4290E+04
0000213   3.4451E+05 -2.5369E+04  1.2325E+04
0000214   3.4407E+05  1.3512E+04  1.4749E+03
0000215   3.4414E+05 -4.9368E+03 -2.3777E+03
0000216   3.4373E+05  2.3282E+04 -1.1699E+04
0000217   3.3952E+05 -8.6838E+03  1.5447E+04
0000218   3.4453E+05  6.0260E+02  9.4764E+03
0000219   3.4625E+05  9.1387E+03 -1.3163E+04
0000220   3.4110E+05 -9.7459E+02  1.5052E+04
0000221   3.4173E+05 -1.2027E+04 -2.1658E+04
0000222   3.3498E+05 -1.2136E+04 -1.9721E+03
0000223   3.5537E+05 -1.0680E+03 -1.6525E+04
0000224   3.5511E+05  3.0987E+03  1.5927E+03
0000225   3.3713E+05  8.6182E+03  8.5977E+03
0000226   3.4115E+05 -5.5499E+03 -5.8707E+03
0000227   3.3863E+05 -3.5941E+04 -6.8550E+03
0000228   3.5399E+05 -1.1479E+04  8.5967E+03
0000229   3.4443E+05  3.8018E+03  1.4246E+02
0000230   3.4496E+05 -2.1237E+03  2.0986E+03
0000231   3.3928E+05 -1.4562E+04 -5.7395E+01
0000232   3.3172E+05 -1.0916E+04  3.6885E+03
0000233   3.4946E+05  1.8168E+04  1.7844E+04
0000234   3.3025E+05  4.7711E+03  5.5744E+04
0000235   3.4783E+05 -1.0014E+04 -2.0321E+04
0000236   3.4853E+05 -2.2560E+04  1.1763E+04
0000237   3.4372E+05 -1.6007E+04 -4.0435E+03
0000238   3.3601E+05  3.6151E+04  1.8720E+04
0000239   3.1774E+05  2.3562E+04  1.9059E+04
0000240   3.4018E+05  1.1598E+04 -5.2305E+03
0000241   3.4435E+05  5.1402E+03 -2.3797E+03
0000242   3.3916E+05 -1.7122E+04  6.4540E+03
0000243   3.4615E+05  3.7528E+03 -3.8481E+03
0000244   3.3369E+05  1.0321E+04  9.5905E+03
0000245   3.4149E+05  1.3469E+04 -4.5583E+02
0000246   3.4820E+05 -4.9876E+03 -1.0532E+03
0000247   3.4131E+05  1.4918E+03 -2.1210E+03
0000248   3.4742E+05  1.1522E+04  1.3723E+03
0000249   3.4222E+05  1.3572E+04  6.5886E+03
0000250   3.3148E+05 -1.2234E+04  2.0098E+04
0000251   3.3069E+05  1.4186E+04 -3.7151E+03
0000252   3.5172E+05  2.2498E+04  1.1730E+04
0000253   3.3984E+05 -9.6428E+03  4.3094E+03
0000254   3.4889E+05 -1.4547E+04  4.5408E+03
0000255   3.4171E+05 -6.3801E+03 -1.9866E+04
0000256   3.4073E+05 -9.1403E+03  1.9326E+04
0000257   3.5046E+05  1.6541E+04  8.8786E+03
0000258   3.4349E+05 -1.2623E+04  4.7549E+03
0000259   3.4606E+05  3.8870E+03  2.2498E+04
0000260   3.3502E+05  1.3137E+03 -8.3020E+03
0000261   3.4221E+05 -1.9267E+04  5.2461E+03
0000262   3.4430E+05 -1.6687E+02  8.5386E+02
0000263   3.5035E+05  1.1956E+04  1.2425E+03
0000264   3.4253E+05 -1.2843E+03  5.9206E+03
0000265   3.5189E+05  3.1954E+03  2.9105E+02
0000266   3.4383E+05  7.8739E+02  4.0505E+03
0000267   3.3737E+05 -6.9439E+03 -2.0506E+03
0000268   3.5220E+05 -1.8591E+04  2.5046E+04
0000269   3.4705E+05 -1.8082E+04  1.1775E+04
0000270   3.4449E+05  5.5013E+03  1.5983E+04
0000271   3.4488E+05  2.0426E+04 -2.4542E+04
0000272   3.5212E+05  7.9059E+03  2.5152E+03
0000273   3.3590E+05 -1.5860E+04  1.0602E+04
0000274   3.4988E+05  7.6655E+03 -1.7070E+04
0000275   3.4207E+05 -9.2078E+02 -8.3555E+03
0000276   3.4114E+05 -2.6574E+04  1.7504E+04
0000277   3.5382E+05  1.3154E+03  2.0341E+03
0000278   3.1169E+05 -7.1949E+03  9.1256E+04
0000279   3.3496E+05 -6.8357E+03 -1.6132E+04
0000280   3.4257E+05 -1.9162E+04 -1.8910E+04
0000281   3.3014E+05  5.0112E+04 -1.0608E+04
0000282   3.4293E+05  2.7686E+04 -7.4399E+03
0000283   3.3341E+05  1.3832E+04  4.8811E+04
0000284   3.3792E+05 -9.4537E+03  8.1322E+03
0000285   3.3945E+05 -1.6105E+04  3.1055E+03
0000286   3.3296E+05  1.8995E+04 -1.2124E+04
0000287   3.4943E+05 -7.2801E+02  7.2066E+03
0000288   3.3699E+05  1.9915E+04  1.2586E+03
0000289   3.3617E+05  9.8870E+03 -4.6913E+04
0000290   3.3712E+05  5.7499E+03  1.8238E+03
0000291   3.5065E+05  8.3889E+03 -3.2884E+03
0000292   3.4691E+05  3.4346E+03  6.6161E+03
0000293   3.4264E+05  1.8851E+04  7.3455E+03
0000294   3.4968E+05 -7.2417E+03  5.9556E+03
0000295   3.5044E+05 -1.0768E+04  2.3535E+04
0000296   3.3819E+05 -1.1045E+04  4.4251E+03
0000297   3.3578E+05 -5.0092E+03  1.2009E+03
0000298   3.5432E+05 -4.3183E+03 -1.7865E+04
0000299   3.3707E+05 -6.5389E+03  2.8537E+04
0000300   3.5006E+05  1.0905E+03 -8.2048E+03
0000301   3.3292E+05  3.0391E+03  1.8068E+04
0000302   3.4283E+05 -4.8553E+02  9.6685E+02
0000303   3.4119E+05  1.8682E+03 -1.0568E+04
0000304   3.5023E+05  5.5841E+02  1.9169E+03
0000305   3.3925E+05  5.9473E+03  6.1196E+03
0000306   3.3995E+05  1.7384E+04  1.3038E+04
0000307   3.3147E+05 -3.9150E+04 -1.3837E+04
0000308   3.0605E+05 -4.8233E+04 -2.7811E+03
0000309   3.3815E+05 -3.1019E+04  9.3630E+03
0000310   3.3560E+05 -7.7940E+02  5.9381E+03
0000311   3.2588E+05  1.1141E+04  7.4761E+03
0000312   3.3442E+05  2.2020E+04 -5.7686E+03
0000313   3.4716E+05  1.5028E+03 -1.7304E+04
0000314   3.4832E+05 -6.1431E+03 -1.3998E+03
0000315   3.4955E+05  2.5763E+03  1.3253E+04
0000316   3.4305E+05  1.2733E+04  2.2647E+04
0000317   3.3949E+05 -8.1644E+02 -1.0878E+04
0000318   3.4469E+05 -4.7713E+04  2.4770E+04
0000319   3.5244E+05 -6.4554E+03 -1.0442E+04
0000320   3.3663E+05 -9.7849E+03  5.0802E+03
0000321   3.3882E+05 -8.0063E+03  6.4955E+03
0000322   3.4519E+05 -2.0945E+03  9.7831E+03
0000323   3.3675E+05  1.1804E+04  3.5127E+03
0000324   3.3043E+05 -1.3264E+04  2.9577E+04
0000325   3.3519E+05 -3.3873E+03 -1.5143E+04
0000326   3.4663E+05 -3.4488E+03  1.5260E+04
0000327   3.4254E+05  2.0331E+04 -3.1209E+03
0000328   3.5261E+05 -5.9147E+03 -1.4323E+04
0000329   3.3792E+05  8.6575E+03 -4.5242E+03
0000330   3.4226E+05  1.5062E+04 -9.3696E+03
0000331   3.3138E+05 -9.8045E+03 -1.3541E+04
0000332   3.5827E+05 -4.9882E+03  1.3989E+04
0000333   3.4203E+05  6.2514E+03 -2.7911E+03
0000334   3.3380E+05  1.5430E+04  4.0990E+02
0000335   3.4137E+05 -3.0749E+04 -1.3160E+04
0000336   3.4137E+05 -1.0922E+04  1.6003E+04
0000337   3.5295E+05  1.4219E+03  6.4255E+03
0000338   3.4208E+05  3.8653E+04 -5.9890E+03
0000339   3.4184E+05 -9.8793E+03 -1.5388E+04
0000340   3.4043E+05 -2.9139E+04  1.8687E+04
0000341   3.4782E+05  1.7489E+03 -5.2347E+03
0000342   3.3683E+05 -5.0087E+02 -2.4421E+03
0000343   3.4136E+05 -4.0508E+04 -1.5802E+04
0000344   3.5019E+05 -1.1649E+04  2.0669E+04
0000345   3.3941E+05 -2.3832E+02 -1.9532E+04
0000346   3.3974E+05  1.0346E+04  8.8449E+03
0000347   3.3562E+05 -1.3338E+03 -4.6495E+03
0000348   3.4545E+05  1.8330E+04  3.2081E+03
0000349   3.3478E+05 -2.0056E+04 -2.6323E+04
0000350   3.4161E+05  7.2282E+03  3.2866E+03
0000351   3.5620E+05  5.4642E+03 -1.1448E+04
0000352   3.5373E+05  3.1660E+03  4.5464E+03
0000353   3.4307E+05 -5.9288E+03 -3.6844E+03
0000354   3.4896E+05  1.2370E+04 -6.8901E+03
0000355   3.4449E+05  8.3581E+03  3.8660E+03
0000356   3.4015E+05 -4.6373E+02  9.6621E+03
0000357   3.4378E+05  2.6463E+04  5.6958E+03
0000358   3.4142E+05 -1.5492E+04  9.6557E+03
0000359   3.5893E+05  1.5004E+04 -1.6941E+04
0000360   3.3267E+05 -8.2285E+03  4.3827E+04
0000361   3.4436E+05 -1.2247E+04  9.6740E+02
0000362   3.4883E+05 -1.3414E+04 -1.0472E+04
0000363   3.2997E+05  1.4018E+04 -2.1832E+01
0000364   3.5138E+05  9.7906E+03  1.1413E+04
0000365   3.4687E+05  1.1796E+04  8.5673E+03
0000366   3.5256E+05 -1.5250E+04 -1.8374E+04
0000367   3.4368E+05 -5.2776E+03  2.2906E+03
0000368   3.4292E+05  1.1638E+04  8.4120E+03
0000369   3.4854E+05  5.7486E+03 -4.5827E+02
0000370   3.3535E+05 -1.7715E+04  2.5134E+04
0000371   3.4611E+05  1.7781E+04 -1.0526E+03
0000372   3.3796E+05 -2.1299E+04 -1.1188E+04
0000373   3.4593E+05  1.8694E+04  5.0599E+03
0000374   3.3702E+05  2.2491E+03 -3.7626E+03
0000375   3.2764E+05  1.1953E+04  2.3058E+04
0000376   3.3294E+05 -1.1407E+04 -9.2162E+03
0000377   3.3887E+05  2.6466E+03  7.1047E+03
0000378   3.5493E+05  4.3457E+03  8.2749E+03
0000379   3.3830E+05  1.6117E+04  1.2202E+04
0000380   3.4397E+05  2.2110E+04  1.8118E+04
0000381   3.3236E+05 -1.0043E+04 -3.1855E+04
0000382   3.3285E+05  1.1617E+04  3.2977E+04
0000383   3.3190E+05  8.6363E+03  1.6496E+04
0000384   3.3887E+05  3.2169E+04  8.4121E+03
0000385   3.4076E+05 -3.1290E+02 -8.3643E+03
0000386   3.3798E+05 -6.9170E+03  1.9207E+03
0000387   3.3441E+05  9.0165E+03  3.5796E+03
0000388   3.4407E+05  9.8870E+03 -4.9185E+03
0000389   3.3634E+05  6.0185E+03 -3.2902E+03
0000390   3.2816E+05 -1.4632E+04 -3.5005E+04
0000391   3.3881E+05  4.0531E+03 -5.6593E+03
0000392   3.3488E+05  9.1861E+01 -8.6364E+03
0000393   3.4229E+05 -1.6662E+04 -1.6796E+04
0000394   3.3537E+05 -1.8839E+04  4.3094E+04
0000395   3.3822E+05  7.4636E+03 -8.6030E+03
0000396   3.4810E+05  3.4996E+04 -2.5451E+03
0000397   3.3479E+05  2.7367E+03 -5.4461E+03
0000398   3.3037E+05 -7.2626E+03  2.3527E+04
0000399   3.3945E+05  9.9033E+03 -1.3190E+04
0000400   3.3584E+05  3.1463E+04  3.2692E+03
0000401   3.3910E+05 -1.2294E+04 -1.4353E+04
0000402   3.3734E+05  1.1139E+04 -5.9210E+03
0000403   3.4690E+05  7.2122E+03  5.8993E+03
0000404   3.4884E+05  6.0118E+03  6.6641E+03
0000405   3.4286E+05 -4.7843E+01 -9.3670E+03
0000406   3.3191E+05 -8.4312E+03 -2.7025E+03
0000407   3.3724E+05  9.7942E+03  6.8982E+03
0000408   3.2866E+05  1.9218E+04  1.6789E+04
0000409   3.3486E+05 -1.5500E+04 -1.6810E+03
0000410   3.4465E+05 -1.2691E+04  2.5573E+04
0000411   3.4376E+05  5.6724E+03 -1.7364E+04
0000412   3.4014E+05  1.0615E+04  2.3957E+03
0000413   3.4619E+05  5.1317E+02 -2.0946E+04
0000414   3.4041E+05  1.2377E+04  8.0866E+03
0000415   3.2951E+05 -1.0514E+04 -2.4500E+03
0000416   3.4388E+05  1.1932E+04  9.3019E+03
0000417   3.3524E+05  1.0531E+04  1.6005E+03
0000418   3.3529E+05  2.8017E+04 -4.8390E+03
0000419   3.4357E+05  1.0420E+04 -9.3249E+03
0000420   3.3851E+05 -5.2955E+03  2.5319E+03
0000421   3.4464E+05 -1.3095E+04  5.6107E+03
0000422   3.5063E+05 -9.9673E+03 -1.3869E+04
0000423   3.4907E+05 -2.1559E+04 -1.7765E+04
0000424   3.3512E+05 -9.1748E+03  2.0708E+03
0000425   3.3786E+05 -1.9770E+04  8.9592E+03
0000426   3.5148E+05  3.1732E+03  1.8046E+04
0000427   3.3626E+05 -5.5813E+03 -3.4140E+04
0000428   3.4445E+05  8.5914E+03 -2.4064E+04
0000429   3.4584E+05  2.1352E+04 -2.2770E+04
0000430   3.6051E+05 -5.7482E+03 -1.3350E+04
0000431   3.4548E+05 -1.0429E+04 -8.0777E+03
0000432   3.4364E+05  1.5183E+04 -4.9866E+03
0000433   3.4198E+05  5.5258E+03 -3.2827E+03
0000434   3.3210E+05  9.6094E+03 -1.1016E+04
0000435   3.3854E+05  1.2883E+04  1.3443E+04
0000436   3.4890E+05  2.2107E+04  1.1921E+04
0000437   3.3508E+05  1.8115E+03 -2.0620E+03
0000438   3.3932E+05 -2.4726E+02  1.9071E+03
0000439   3.3511E+05 -1.4935E+04  5.6226E+03
0000440   3.4475E+05  3.4532E+03 -7.9274E+03
0000441   3.4609E+05 -8.7675E+03 -1.0620E+04
0000442   3.3503E+05  1.5314E+04  2.9435E+04
0000443   3.3614E+05  2.3005E+03  5.0472E+03
0000444   3.4495E+05  1.8408E+03  3.1324E+03
0000445   3.4025E+05 -2.7689E+03  2.6685E+03
0000446   3.5130E+05  5.8394E+03 -1.3707E+04
0000447   3.4966E+05  1.3495E+04 -1.2796E+04
0000448   3.4345E+05 -2.5109E+03  1.9761E+04
0000449   3.4866E+05  7.8246E+03 -3.4069E+03
0000450   3.3832E+05 -1.9297E+04  4.3137E+03
0000451   3.4433E+05 -2.2226E+03 -4.8547E+03
0000452   3.5008E+05  1.1906E+03  1.0070E+04
0000453   3.4917E+05  2.3160E+04  1.4468E+03
0000454   3.4137E+05 -5.5270E+03  1.4848E+04
0000455   3.5065E+05 -2.9686E+03 -1.0968E+03
0000456   3.3128E+05  3.7714E+03 -4.7823E+03
0000457   3.4567E+05 -3.9841E+03 -1.3443E+03
0000458   3.3657E+05  8.0004E+03  3.2936E+03
0000459   3.4094E+05  9.1015E+03  8.3719E+03
0000460   3.4660E+05 -1.0266E+04 -3.5439E+03
0000461   3.4434E+05  2.2094E+04 -1.9338E+03
0000462   3.4703E+05 -5.7756E+03 -1.7930E+04
0000463   3.4102E+05 -7.7204E+03  6.9090E+03
0000464   3.5079E+05  4.6185E+03 -1.6928E+04
0000465   3.4144E+05  5.7204E+03 -3.5636E+03
0000466   3.2343E+05  3.2753E+04 -3.7134E+04
0000467   3.3788E+05 -1.0007E+04 -3.6594E+03
0000468   3.4557E+05  1.2142E+04  1.0695E+03
0000469   3.4876E+05 -3.2017E+04 -1.3759E+04
0000470   3.3425E+05 -1.8038E+04 -3.0005E+03
0000471   3.3900E+05  4.8130E+03 -3.8245E+03
0000472   3.5074E+05  1.6328E+03  4.5202E+03
0000473   3.3903E+05 -1.0434E+04 -3.0791E+03
0000474   3.4796E+05  1.4261E+04  4.0644E+03
0000475   2.0011E+05  1.3587E+05  5.9558E+04
0000476   3.3808E+05  1.2322E+04 -3.3597E+04
0000477   3.4085E+05  1.0014E+04 -6.4518E+03
0000478   3.4230E+05 -5.7017E+03  1.0486E+03
0000479   3.3581E+05 -4.7049E+02 -1.0747E+04
0000480   3.4386E+05  3.8136E+03 -2.2412E+04
0000481   3.3902E+05  8.8092E+03 -2.8322E+04
0000482   3.3901E+05  1.0803E+04  5.3245E+03
0000483   3.4183E+05  2.1508E+02 -1.4996E+04
0000484   3.3742E+05 -2.9758E+04  3.7563E+02
0000485   3.3530E+05  2.3511E+04  1.2443E+03
0000486   3.3385E+05  8.6653E+02  1.3397E+04
0000487   3.4674E+05  5.3123E+03 -4.9269E+03
0000488   3.4180E+05 -1.9922E+04  1.2009E+04
0000489   3.3430E+05  3.2322E+04  7.8534E+03
0000490   3.4948E+05  1.2814E+04  2.8951E+04
0000491   3.3436E+05  3.1059E+03 -1.5339E+04
0000492   3.3705E+05 -3.3092E+02  4.1306E+03
0000493   3.3709E+05 -4.0027E+03  2.0293E+04
0000494   3.3338E+05  3.4670E+03  1.1048E+04
0000495   3.4870E+05  4.4044E+03 -7.3967E+03
0000496   3.3711E+05  3.3195E+03 -8.2981E+03
0000497   3.1490E+05 -6.7200E+04 -6.4272E+04
0000498   3.4095E+05 -3.1986E+03  4.5625E+03
0000499   3.3082E+05  9.0100E+03  1.0073E+04
0000500   3.4050E+05 -2.3010E+04  3.4065E+04
0000501   3.5185E+05 -2.5586E+04  2.9144E+03
0000502   3.3050E+05 -1.0017E+04  9.8421E+03
0000503   3.4406E+05 -1.2229E+04  2.2586E+04
0000504   3.4810E+05  9.1366E+03 -3.7994E+03
0000505   3.3222E+05  1.0977E+04  8.2371E+03
0000506   3.3855E+05 -2.2305E+04  2.7891E+04
0000507   3.4591E+05  3.1971E+03 -3.0037E+02
0000508   3.3212E+05 -6.8740E+03  6.9587E+03
0000509   3.3869E+05  6.9795E+03 -2.4729E+04
0000510   3.4498E+05 -2.1164E+04 -7.8407E+03
0000511   3.4403E+05  9.2538E+03  2.9625E+03
0000512   3.3590E+05  1.0055E+04 -1.3067E+04
0000513   3.3409E+05  1.0701E+04  1.4681E+04
0000514   3.5424E+05 -3.8229E+03  2.7266E+03
0000515   3.5235E+05  4.7490E+03  2.2896E+03
0000516   3.4254E+05  1.5127E+04  3.0484E+04
0000517   3.2837E+05 -1.8945E+03 -1.1472E+04
0000518   3.3895E+05 -8.9827E+03  3.5886E+03
0000519   3.4312E+05  9.9694E+03  4.1036E+03
0000520   3.3131E+05 -2.5255E+04 -1.9486E+04
0000521   3.3570E+05 -7.5732E+03  1.6329E+04
0000522   3.4673E+05 -6.4716E+03  7.9221E+03
0000523   3.4794E+05  5.3877E+03 -1.4524E+04
0000524   3.4475E+05  6.8717E+03 -1.9220E+02
0000525   3.3165E+05  2.1332E+03  7.5335E+03
0000526   3.4732E+05  1.1912E+04  3.4492E+03
0000527   3.3617E+05  2.0459E+04  2.5476E+03
0000528   3.5274E+05  1.0362E+03 -6.9032E+03
0000529   3.4466E+05  1.4157E+03  1.0411E+04
0000530   3.4708E+05  2.0115E+03  1.8320E+03
0000531   3.4182E+05 -5.1085E+03 -1.9744E+04
0000532   3.4237E+05  1.9646E+04  1.5966E+04
0000533   3.4728E+05  3.9763E+03  1.0405E+03
0000534   3.4462E+05  1.3872E+04  9.2004E+03
0000535   3.4390E+05  4.2990E+03  6.7091E+03
0000536   3.5329E+05  1.3303E+04 -1.0640E+04
0000537   3.3911E+05 -1.1414E+04  1.5407E+03
0000538   3.2716E+05  8.3071E+03  2.0515E+04
0000539   3.4432E+05 -1.7607E+04  1.1111E+04
0000540   3.3689E+05  4.7120E+03  3.6291E+04
0000541   3.4501E+05  8.3075E+02  9.2647E+03
0000542   3.4218E+05 -5.7487E+03 -9.6006E+03
0000543   3.4945E+05 -1.0134E+04  4.7922E+03
0000544   3.4438E+05  1.9747E+04  8.4140E+02
0000545   3.4028E+05 -7.2198E+03  3.7313E+04
0000546   3.3885E+05 -7.6621E+03  9.3746E+03
0000547   3.4403E+05 -1.4199E+04 -9.9392E+03
0000548   3.5218E+05  8.9740E+03  1.5395E+04
0000549   3.3556E+05 -1.0300E+04  2.4774E+03
0000550   3.3822E+05 -2.2292E+04  2.1740E+04
0000551   3.3764E+05  3.8680E+04  1.0000E+04
0000552   3.4400E+05  6.0409E+03  3.9923E+03
0000553   3.4711E+05  2.4728E+03  1.8122E+04
0000554   3.4281E+05 -9.9150E+03  2.3178E+04
0000555   3.4740E+05  4.5134E+03 -1.9037E+03
0000556   3.3766E+05 -4.8963E+02  7.0623E+03
0000557   3.3468E+05  1.1221E+04  4.0607E+03
0000558   3.3893E+05  2.1677E+04 -7.7788E+03
0000559   3.3865E+05 -7.6959E+03 -2.5545E+04
0000560   3.4336E+05 -8.8301E+03 -3.2995E+04
0000561   3.3585E+05  9.1041E+02  8.2680E+02
0000562   3.3313E+05 -1.6609E+04  2.1581E+04
0000563   3.3756E+05  5.8458E+03  1.3588E+04
0000564   3.4301E+05 -3.4879E+03 -1.2592E+04
0000565   3.2476E+05 -1.3790E+04  6.2326E+02
0000566   3.4697E+05  2.9488E+04  2.7726E+04
0000567   3.4460E+05 -1.6509E+04 -9.8848E+03
0000568   3.5281E+05  6.7650E+03  1.1722E+04
0000569   3.4040E+05 -4.5070E+03  9.6437E+03
0000570   3.4596E+05  3.4351E+04 -1.8312E+04
0000571   3.4267E+05 -3.5422E+03  7.4742E+03
0000572   3.4340E+05 -2.5471E+04 -1.2159E+03
0000573   3.2599E+05 -1.0569E+04  5.0208E+03
0000574   3.5042E+05  2.9503E+04 -2.4411E+04
0000575   3.4681E+05 -8.3512E+03  4.4817E+02
0000576   3.3972E+05 -5.6090E+03  2.3179E+04
0000577   3.3322E+05  6.8231E+03 -1.4174E+04
0000578   3.4262E+05 -3.3132E+04 -3.7869E+03
0000579   3.3529E+05 -1.1786E+03  7.3847E+03
0000580   3.4066E+05 -1.4549E+04 -1.8624E+04
0000581   3.3828E+05 -7.6451E+02  1.9464E+04
0000582   3.5203E+05 -1.1452E+04 -4.3548E+03
0000583   3.5371E+05  3.4479E+02  9.0758E+03
0000584   3.3123E+05  2.4344E+04 -5.8161E+03
0000585   3.4567E+05  1.1787E+04  1.8843E+03
0000586   3.4507E+05  4.7815E+03 -8.5963E+03
0000587   3.3623E+05  7.7616E+03 -2.1688E+02
0000588   3.3531E+05 -3.0787E+03 -2.9437E+04
0000589   3.4576E+05  1.5854E+04 -9.2625E+03
0000590   3.4288E+05  1.2888E+04  5.0923E+03
0000591   3.3659E+05  1.1647E+04 -1.5305E+04
0000592   3.4614E+05  2.0168E+04 -1.1374E+04
0000593   3.3189E+05 -2.2140E+04  3.2379E+04
0000594   3.4842E+05  1.5525E+04  2.0400E+03
0000595   3.3970E+05  1.1348E+04  4.2449E+03
0000596   3.4796E+05 -1.6862E+04  2.8970E+03
0000597   3.3291E+05 -9.0286E+03 -1.2832E+04
0000598   3.3989E+05 -1.4541E+04  4.8205E+03
0000599   3.3744E+05 -2.9597E+03  3.0012E+03
0000600   3.3763E+05  2.6535E+03 -1.8059E+03
0000601   3.4615E+05  1.5371E+04  2.6979E+03
0000602   3.2903E+05 -3.1499E+03  4.9790E+03
0000603   3.3816E+05 -7.4833E+03 -1.9805E+04
0000604   3.4017E+05 -7.1610E+03 -6.5676E+03
0000605   3.5895E+05 -3.3585E+03 -1.8531E+04
0000606   3.4448E+05 -5.7111E+03  1.2538E+03
0000607   3.4110E+05  8.9539E+03  2.0535E+04
0000608   3.4849E+05  4.7851E+02 -4.1474E+03
0000609   3.3458E+05  2.4143E+03 -1.0284E+04
0000610   3.3889E+05 -6.8830E+03 -1.9420E+04
0000611   3.3881E+05  6.4414E+03  2.9021E+03
0000612   3.4098E+05  1.0571E+04  1.7165E+04
0000613   3.3893E+05  1.9772E+04  7.2081E+02
0000614   3.4823E+05  2.0288E+04  2.1233E+04
0000615   3.4571E+05  1.0551E+04  9.7520E+03
0000616   3.3951E+05 -4.3925E+04 -2.6838E+04
0000617   3.3455E+05 -2.4127E+04  5.2546E+03
0000618   3.5125E+05  2.4034E+04 -1.0598E+04
0000619   3.4140E+05 -1.1090E+04 -2.2674E+03
0000620   3.3720E+05 -3.9769E+03  3.6549E+03
0000621   3.4771E+05 -7.3027E+03 -5.4154E+03
0000622   3.4002E+05 -6.4581E+03  1.2095E+04
0000623   3.3928E+05 -2.4568E+04 -2.5786E+04
0000624   3.4417E+05  1.0118E+04  6.7313E+03
0000625   3.4984E+05  1.3094E+04 -1.1526E+04
0000626   3.3603E+05 -3.7455E+03  1.0771E+04
0000627   3.4003E+05  1.6438E+04 -2.3218E+04
0000628   3.4073E+05  5.7569E+02 -1.5005E+04
0000629   3.5194E+05 -1.6610E+04  1.1742E+04
0000630   3.4194E+05  1.7143E+04 -6.0621E+03
0000631   3.3488E+05  9.0790E+02  3.3300E+03
0000632   3.2982E+05  5.1980E+03 -2.4712E+03
0000633   3.5170E+05 -3.2130E+03 -1.1941E+02
0000634   3.5154E+05  7.4408E+03  8.6971E+03
0000635   3.4246E+05 -1.3491E+03  9.2698E+03
0000636   3.3336E+05 -1.7564E+04  2.6922E+04
0000637   3.4868E+05  8.2494E+03  1.1230E+04
0000638   3.3312E+05  1.9011E+04 -9.1959E+03
0000639   3.4509E+05 -6.0480E+03  2.2892E+03
0000640   3.4048E+05  1.1934E+04 -1.8792E+04
0000641   3.4390E+05 -1.2527E+04 -8.7150E+03
0000642   3.5380E+05 -8.4409E+03  6.5798E+03
0000643   3.3718E+05 -2.6829E+03 -6.4695E+03
0000644   3.4845E+05 -2.8234E+03 -2.4710E+03
0000645   3.3536E+05  2.1677E+04 -3.8765E+04
0000646   3.3918E+05  7.2079E+02 -3.9893E+03
0000647   3.4270E+05  5.2801E+03  1.0916E+04
0000648   3.3813E+05  1.4425E+04 -9.5447E+03
0000649   3.4086E+05  2.8559E+03  1.7259E+04
0000650   3.4203E+05  7.4702E+03 -1.0846E+04
0000651   3.3546E+05 -1.0455E+04  8.9411E+02
0000652   3.3737E+05 -6.2654E+03  1.2222E+04
0000653   3.3775E+05 -2.1327E+04  7.8303E+03
0000654   3.3631E+05  2.8760E+03 -7.5261E+03
0000655   3.3351E+05  6.0637E+03  6.4365E+03
0000656   3.4988E+05  1.2283E+04  1.1331E+04
0000657   3.4462E+05 -5.3627E+03 -1.9724E+04
0000658   3.3927E+05 -2.4710E+04 -4.1832E+03
0000659   3.5590E+05 -6.4188E+02 -1.5790E+03
0000660   3.3895E+05 -5.2544E+03 -1.7974E+03
0000661   3.3593E+05  1.3006E+04  3.3708E+04
0000662   3.4825E+05 -1.0950E+04  1.9168E+04
0000663   3.3213E+05  1.1021E+04  9.4465E+03
0000664   3.4150E+05 -1.6511E+04 -2.2876E+04
0000665   3.3151E+05  3.9719E+03 -5.5263E+03
0000666   3.3816E+05 -1.3362E+03  2.2610E+03
0000667   3.3231E+05 -4.4506E+03  6.5259E+03
0000668   3.4002E+05  1.1794E+03  1.5231E+03
0000669   3.3832E+05 -1.9864E+03  1.6891E+03
0000670   3.3924E+05  1.8573E+04  4.5181E+03
0000671   3.3311E+05 -7.2077E+03  1.3902E+04
0000672   3.4043E+05 -1.3167E+04 -1.2821E+04
0000673   3.4086E+05  7.3517E+03  2.5797E+04
0000674   3.3599E+05 -1.5587E+03 -1.0640E+04
0000675   3.4003E+05 -1.5548E+04  3.3250E+03
0000676   3.5937E+05  2.0005E+03  1.6283E+04
0000677   3.3540E+05  1.2846E+04 -9.1522E+04
0000678   3.4841E+05 -8.9314E+03 -1.4037E+04
0000679   3.4051E+05  1.3065E+04  2.1197E+04
0000680   3.4135E+05  2.1022E+04  2.8764E+04
0000681   3.3907E+05 -7.3287E+03  1.2336E+04
0000682   3.4871E+05 -1.2279E+04  3.0010E+03
0000683   3.4136E+05  1.0771E+04 -7.9368E+03
0000684   3.4290E+05  1.3660E+04  4.3114E+04
0000685   3.4408E+05 -3.9182E+03  1.4612E+04
0000686   3.4917E+05  2.5064E+04 -5.4392E+03
0000687   3.5821E+05 -7.0314E+03  8.0118E+03
0000688   3.3687E+05 -4.5240E+03 -1.8516E+04
0000689   3.3487E+05 -9.8911E+02  1.9872E+04
0000690   3.4299E+05  4.8913E+03 -2.3923E+04
0000691   3.4901E+05  2.3804E+04  1.9872E+04
0000692   3.4212E+05 -1.0385E+04 -3.4555E+02
0000693   3.4680E+05  1.5907E+04 -3.8618E+01
0000694   3.3503E+05 -5.4522E+03 -5.7670E+03
0000695   3.4668E+05 -1.0603E+04 -9.6987E+03
0000696   3.4325E+05 -5.9645E+03  1.6500E+03
0000697   3.3486E+05  4.6716E+03  5.4652E+03
0000698   3.5385E+05 -1.2347E+04  8.2926E+02
0000699   3.5059E+05 -8.6638E+02  2.3964E+04
0000700   3.5609E+05 -8.1556E+03 -4.2091E+03
0000701   3.3881E+05  6.2635E+03  4.4832E+03
0000702   3.4003E+05  6.9534E+03 -9.3181E+02
0000703   3.3484E+05  1.4920E+02  2.8381E+03
0000704   3.4678E+05  1.0985E+04 -1.6372E+03
0000705   3.4983E+05  8.2167E+03  6.7355E+03
0000706   3.3782E+05  4.8499E+03 -1.5238E+04
0000707   3.3967E+05 -7.1814E+03  3.7058E+03
0000708   3.3710E+05 -6.9168E+03 -1.4987E+04
0000709   3.3153E+05 -4.2118E+03  9.3419E+03
0000710   3.4017E+05 -1.5795E+04  1.7327E+04
0000711   3.4713E+05  1.2028E+04 -1.7354E+04
0000712   3.4916E+05 -6.0989E+03 -9.1072E+03
0000713   3.4041E+05  4.9534E+03 -1.3992E+03
0000714   3.2856E+05  3.2232E+04 -2.4256E+04
0000715   3.3760E+05 -1.5338E+04  5.3909E+03
0000716   3.4791E+05  4.3526E+03 -1.6582E+04
0000717   3.4242E+05  6.7117E+03  1.7529E+03
0000718   3.4044E+05  5.4830E+03  2.2426E+04
0000719   3.3922E+05 -1.4849E+04  1.2043E+04
0000720   3.3637E+05  1.4963E+04 -1.7674E+02
0000721   3.3804E+05  1.6401E+03  1.4678E+04
0000722   3.4284E+05 -1.4389E+03 -1.4477E+04
0000723   3.3995E+05  1.1142E+04 -2.0304E+03
0000724   3.4417E+05 -1.1601E+04  3.0396E+03
0000725   3.2582E+05 -2.0915E+04 -4.2781E+04
0000726   3.4140E+05  3.5968E+03 -1.3990E+04
0000727   3.4681E+05  2.2663E+04  5.4646E+03
0000728   3.3923E+05  4.3462E+03 -4.4186E+03
0000729   3.4219E+05 -1.4534E+04  9.2627E+03
0000730   3.1675E+05 -1.3620E+04 -2.0387E+04
0000731   3.4183E+05  2.9019E+03 -2.3275E+03
0000732   3.4583E+05  4.0763E+03  8.1310E+03
0000733   3.4036E+05 -3.3136E+03  5.2953E+03
0000734   3.4240E+05  2.0011E+04  1.3595E+03
0000735   3.5066E+05 -7.8684E+03  2.4690E+03
0000736   3.3766E+05  6.6598E+02  2.2780E+04
0000737   3.3352E+05  1.2312E+04 -1.8848E+04
0000738   3.4603E+05 -3.5626E+03  8.8872E+03
0000739   3.3682E+05 -6.5593E+03  8.3932E+03
0000740   3.3243E+05 -3.6289E+03 -1.0425E+04
0000741   3.4249E+05  8.3957E+03  8.5458E+03
0000742   3.3940E+05 -2.6593E+04 -5.4092E+03
0000743   3.4837E+05  1.0957E+04 -1.8716E+04
0000744   3.4287E+05  1.0742E+04 -3.7189E+03
0000745   3.3744E+05  2.4756E+03 -9.1695E+03
0000746   3.4887E+05 -4.0943E+03  7.5903E+03
0000747   3.3963E+05 -1.7943E+04  1.1920E+03
0000748   3.3494E+05  3.0466E+04 -2.2197E+03
0000749   3.3449E+05 -1.0929E+04  5.1451E+03
0000750   3.4847E+05  1.5996E+04 -1.9514E+04
0000751   3.3979E+05  3.8256E+03  2.2193E+04
0000752   3.3484E+05 -2.3277E+04 -2.5059E+04
0000753   3.3266E+05  6.1678E+03  1.5627E+04
0000754   3.4936E+05  1.4165E+04  2.1073E+04
0000755   3.3796E+05 -3.4256E+04  2.0891E+04
0000756   3.3996E+05  5.7229E+03  1.1432E+04
0000757   3.3462E+05  7.5569E+03  3.4943E+04
0000758   3.4574E+05  2.0457E+04 -4.3876E+03
0000759   3.3727E+05  4.0221E+03  2.8233E+03
0000760   3.4218E+05  1.5531E+03  2.8766E+04
0000761   3.4774E+05 -1.3251E+04  9.4918E+03
0000762   3.4220E+05 -9.5635E+03 -1.5918E+04
0000763   3.4966E+05 -1.2361E+04  2.8855E+04
0000764   3.2595E+05  2.3613E+04  3.6019E+04
0000765   3.5119E+05  2.9045E+03 -1.0144E+04
0000766   3.3665E+05 -2.2796E+04 -4.3044E+04
0000767   3.3710E+05 -3.4981E+03  1.0111E+03
0000768   3.4672E+05  1.0793E+04  2.1472E+04
0000769   3.4463E+05 -3.5362E+03  3.7888E+03
0000770   3.3772E+05  7.3099E+03  9.2070E+03
0000771   3.4246E+05  1.2293E+04  1.4379E+03
0000772   3.3725E+05  4.4514E+03  4.2046E+02
0000773   3.4109E+05 -7.8691E+02 -7.6737E+03
0000774   3.4136E+05 -1.2433E+03  6.7033E+03
0000775   3.3444E+05  5.9597E+03 -2.2076E+04
0000776   3.4326E+05  1.9526E+02 -8.0812E+03
0000777   3.5029E+05  5.8587E+03  3.0482E+03
0000778   3.4632E+05 -3.0026E+04 -1.1404E+04
0000779   3.3536E+05 -6.5860E+03  1.3161E+04
0000780   3.4009E+05 -1.8036E+04  1.2111E+04
0000781   3.4339E+05 -7.8991E+02 -4.8808E+03
0000782   3.4539E+05 -5.1565E+03 -5.3314E+03
0000783   3.4558E+05  8.8658E+02 -9.9508E+03
0000784   3.3537E+05 -1.1779E+04  9.0900E+03
0000785   3.3940E+05 -8.0186E+02 -6.5928E+03
0000786   3.3351E+05 -3.9989E+03  1.9774E+04
0000787   3.4670E+05 -2.1177E+04  9.7158E+03
0000788   3.4508E+05  1.9288E+04 -8.1507E+03
0000789   3.3616E+05  1.9746E+03 -4.2066E+03
0000790   3.3915E+05  7.1381E+01 -1.6166E+04
0000791   3.4552E+05  1.2886E+04  1.3792E+04
0000792   3.3587E+05 -4.6055E+03  2.0265E+04
0000793   3.4475E+05  2.7558E+04  1.4621E+04
0000794   3.3897E+05  1.8075E+04 -1.3788E+04
0000795   3.3696E+05 -2.3145E+03 -2.3920E+04
0000796   3.4389E+05 -1.2718E+04  6.6471E+03
0000797   3.3027E+05 -3.9316E+03 -7.6773E+03
0000798   3.4722E+05  2.5199E+03  6.2753E+03
0000799   3.4514E+05 -2.0038E+04 -1.7661E+03
0000800   3.4539E+05  8.3627E+03  1.9995E+03
0000801   3.3735E+05  6.5267E+03 -1.0751E+04
0000802   3.5028E+05 -1.5693E+04  1.1332E+04
0000803   3.4818E+05 -4.7452E+03 -1.2567E+04
0000804   3.4743E+05 -1.5657E+04  1.2230E+04
0000805   3.3905E+05  3.9454E+03  6.5954E+03
0000806   3.4410E+05 -4.7908E+02  7.0681E+03
0000807   3.4826E+05 -8.5125E+03  2.2816E+04
0000808   3.4247E+05 -1.8309E+04  1.8027E+04
0000809   3.4779E+05  3.3907E+03  2.6557E+03
0000810   3.3726E+05  2.1786E+03 -1.6130E+04
0000811   3.5161E+05 -7.8412E+03 -5.3514E+02
0000812   3.3731E+05  2.8480E+03 -1.1330E+04
0000813   3.3423E+05  9.2166E+03  8.8395E+03
0000814   3.4329E+05  2.7431E+04  2.5567E+04
0000815   3.5090E+05  5.3898E+03 -1.2751E+04
0000816   3.3228E+05  5.7434E+03  3.3153E+03
0000817   3.3829E+05  1.3226E+04 -9.3611E+03
0000818   3.4174E+05  2.5100E+04  1.2413E+04
0000819   3.4421E+05 -2.4554E+03 -1.3085E+04
0000820   3.4429E+05 -1.8383E+04 -2.3254E+03
0000821   3.4219E+05  1.1491E+04 -3.1454E+03
0000822   3.4841E+05  5.8085E+03  4.0385E+03
0000823   3.4157E+05  1.7744E+04  5.2532E+03
0000824   3.3781E+05  2.3368E+04  3.7261E+03
0000825   3.4748E+05 -1.9894E+03 -8.3705E+02
0000826   3.4466E+05  1.3922E+03 -9.5522E+02
0000827   3.4302E+05  1.6082E+04  7.6915E+03
0000828   3.4324E+05 -2.2378E+04  7.7870E+02
0000829   3.4190E+05  3.8356E+03 -2.3942E+04
0000830   3.4919E+05  1.9849E+03  4.0415E+03
0000831   3.3735E+05 -2.7281E+03 -1.9609E+04
0000832   3.3650E+05  2.4076E+04  3.6092E+03
0000833   3.3865E+05 -2.4407E+03 -5.2039E+03
0000834   3.4772E+05 -4.5041E+03 -1.2259E+04
0000835   3.3312E+05 -3.8013E+03  1.0175E+04
0000836   3.5316E+05 -1.4151E+04  8.4692E+03
0000837   3.4880E+05 -1.4767E+03 -3.2409E+04
0000838   3.4288E+05  1.3173E+03  1.1570E+04
0000839   3.4861E+05  8.2714E+03 -2.4095E+03
0000840   3.3751E+05  7.5903E+03 -8.3377E+03
0000841   3.4115E+05  4.0480E+03  1.1474E+04
0000842   3.5055E+05 -2.9484E+03 -5.5539E+03
0000843   3.3971E+05 -2.0627E+04 -1.5421E+03
0000844   3.4942E+05 -6.1578E+03  6.0341E+03
0000845   3.3616E+05 -5.5797E+03 -3.5964E+03
0000846   3.4417E+05 -1.2535E+04 -1.1753E+04
0000847   3.6377E+05  3.7841E+03 -9.1217E+03
0000848   3.4936E+05 -1.1964E+04 -2.3060E+03
0000849   3.3665E+05  2.8855E+04 -2.8206E+03
0000850   3.3289E+05 -7.4675E+03  2.1090E+03
0000851   3.3927E+05  1.1869E+04  1.6075E+03
0000852   3.4059E+05 -1.6292E+04 -9.0845E+03
0000853   3.5262E+05 -1.1201E+04  6.3113E+03
0000854   3.4190E+05  3.6349E+03  7.1784E+03
0000855   3.4882E+05  4.4993E+03  1.0525E+04
0000856   3.4405E+05 -2.5166E+04 -2.3123E+03
0000857   3.3388E+05  1.9414E+04 -1.6050E+04
0000858   3.3636E+05 -6.9255E+03 -5.7887E+03
0000859   3.5428E+05 -1.5882E+04  7.6952E+03
0000860   3.5251E+05 -8.6048E+03 -1.2519E+03
0000861   3.4929E+05  3.1551E+03 -7.5414E+03
0000862   3.4793E+05  1.3037E+04  1.3138E+03
0000863   3.4229E+05 -1.5641E+04  9.3064E+03
0000864   3.4732E+05  1.1650E+04  1.3721E+03
0000865   3.4220E+05  5.0029E+03  2.4099E+04
0000866   3.4465E+05 -1.0068E+04  2.1968E+03
0000867   3.4347E+05  7.7568E+02 -3.9324E+03
0000868   3.2913E+05  9.6010E+03  4.1670E+04
0000869   3.2762E+05  2.4436E+04 -6.2897E+03
0000870   3.3866E+05 -2.3578E+04  3.0497E+04
0000871   3.4140E+05  9.1328E+03 -3.7910E+03
0000872   3.4026E+05 -1.9774E+04  1.3194E+02
0000873   3.4935E+05  1.5482E+04  8.9931E+03
0000874   3.4638E+05  4.4714E+02  1.9413E+03
0000875   3.4899E+05  1.6035E+04 -1.3068E+03
0000876   3.4357E+05  2.9040E+03  3.1491E+03
0000877   3.5365E+05 -2.7937E+04 -5.2221E+03
0000878   3.4458E+05  1.7686E+04  2.0186E+04
0000879   3.4658E+05 -1.7211E+04 -9.1667E+03
0000880   3.3282E+05  4.1878E+04 -1.8158E+04
0000881   3.4679E+05 -5.3101E+03 -1.9468E+04
0000882   3.4237E+05 -2.5223E+03 -1.7463E+04
0000883   3.4036E+05 -1.4248E+04 -1.2667E+04
0000884   3.4336E+05  4.3126E+03  3.1819E+04
0000885   3.4700E+05  8.6606E+03  1.0798E+04
0000886   3.4344E+05  5.0607E+03 -3.1794E+03
0000887   3.3857E+05  1.1351E+03  4.6000E+03
0000888   3.3750E+05 -7.4716E+03 -3.9810E+03
0000889   3.4158E+05 -1.0519E+03  3.0559E+03
0000890   3.3606E+05 -7.1431E+03  4.7395E+03
0000891   3.4220E+05 -1.2327E+04  2.8184E+03
0000892   3.4195E+05  1.8724E+04 -1.6297E+04
0000893   3.4004E+05  1.1619E+04 -4.0594E+03
0000894   3.4709E+05  5.2206E+03 -3.6011E+04
0000895   3.4295E+05 -5.2137E+03 -3.2881E+03
0000896   3.5279E+05 -1.9903E+04 -1.5829E+04
0000897   3.2979E+05  3.0510E+04 -2.0395E+04
0000898   3.4521E+05 -1.2401E+04  7.7955E+03
0000899   3.3637E+05 -9.4167E+03  6.0534E+03
0000900   3.4049E+05  4.6011E+03  1.0652E+04
0000901   3.4670E+05 -4.2196E+03  1.3495E+04
0000902   3.3818E+05  1.1153E+03  7.4346E+03
0000903   3.4275E+05  8.1133E+03  5.2840E+03
0000904   3.5036E+05  1.3110E+04  9.5747E+03
0000905   3.4546E+05  2.6652E+04 -6.2382E+03
0000906   3.4544E+05  3.8569E+03 -2.4001E+04
0000907   3.4480E+05 -4.2247E+03  2.1465E+04
0000908   3.3910E+05 -5.9991E+03 -2.6974E+04
0000909   3.4756E+05 -4.6080E+03  1.1528E+04
0000910   3.4774E+05  8.3424E+03 -2.4155E+03
0000911   3.4829E+05 -1.1274E+04 -1.1569E+04
0000912   3.2976E+05  1.3426E+03  1.6827E+04
0000913   3.3496E+05 -1.0772E+04  1.0879E+04
0000914   3.3429E+05 -2.1965E+04 -9.3895E+03
0000915   3.3965E+05 -2.0855E+03  7.2075E+03
0000916   3.3960E+05  4.6316E+03  1.5977E+04
0000917   3.4149E+05 -5.5422E+03  7.4723E+03
0000918   3.3758E+05 -8.0416E+03  2.7782E+02
0000919   3.3755E+05  6.9340E+03  1.0483E+04
0000920   3.4078E+05 -1.0380E+04  3.7150E+03
0000921   3.3675E+05  1.1331E+04 -4.4156E+03
0000922   3.3447E+05  9.4085E+03 -1.4670E+04
0000923   3.3513E+05 -1.4230E+04  3.0248E+02
0000924   3.5078E+05  9.9917E+03  2.0603E+04
0000925   3.3622E+05  7.6774E+03 -2.1679E+04
0000926   3.4245E+05 -1.3319E+04 -1.4407E+03
0000927   3.4265E+05  1.6647E+04  4.3980E+03
0000928   3.5516E+05  1.7462E+04 -7.6637E+03
0000929   3.3374E+05  4.6345E+04 -2.7419E+04
0000930   3.2975E+05 -1.6105E+03  3.8588E+03
0000931   3.4994E+05  1.8718E+04  1.7705E+03
0000932   3.4843E+05  1.8067E+04 -2.3677E+04
0000933   3.5593E+05 -1.6646E+04  1.1366E+04
0000934   3.4143E+05 -6.9366E+03  1.5258E+04
0000935   3.4153E+05 -7.4000E+02 -1.1027E+04
0000936   3.4262E+05  4.1882E+03  6.6625E+03
0000937   3.3945E+05 -1.7849E+04  3.4398E+03
0000938   3.2745E+05  1.7359E+04 -3.5809E+04
0000939   3.3370E+05  3.3753E+03  2.7387E+04
0000940   3.4033E+05 -6.4649E+03 -1.8924E+03
0000941   3.4135E+05 -1.2779E+04  9.6044E+03
0000942   3.3776E+05 -3.2582E+03 -8.2739E+03
0000943   3.4072E+05 -3.4663E+03  6.8592E+03
0000944   3.4764E+05  1.5926E+04  6.6580E+03
0000945   3.3584E+05 -1.4194E+03  5.0224E+03
0000946   3.4314E+05 -8.4553E+03  4.6001E+03
0000947   3.4211E+05 -6.6806E+03  1.8674E+04
0000948   3.5423E+05  1.4260E+04 -2.6668E+03
0000949   3.3613E+05 -1.3705E+04  1.1537E+04
0000950   3.5297E+05  2.1974E+03 -9.9206E+03
0000951   3.4456E+05 -1.2562E+04  8.1119E+02
0000952   3.4327E+05  1.0681E+04  7.1472E+03
0000953   3.4429E+05  6.8721E+02 -5.0628E+03
0000954   3.4652E+05  5.6107E+03 -1.7505E+04
0000955   3.4350E+05 -4.5217E+03  1.0382E+04
0000956   3.3635E+05  2.8105E+04 -1.2482E+03
0000957   3.4043E+05 -2.1760E+03  1.0658E+04
0000958   3.2941E+05  2.3440E+04  4.8030E+03
0000959   3.3232E+05  5.8105E+03 -1.1096E+04
0000960   3.3971E+05 -1.5642E+02 -7.6941E+03
0000961   3.3940E+05 -1.4427E+04 -4.0823E+03
0000962   3.3419E+05 -7.8539E+03 -1.0501E+04
0000963   3.4063E+05 -1.0575E+04 -1.0328E+04
0000964   3.3401E+05  8.0239E+02 -1.1502E+04
0000965   3.4391E+05  9.7844E+02 -1.2658E+04
0000966   3.4991E+05 -2.3824E+04 -4.6113E+03
0000967   3.4847E+05  6.0648E+03 -2.0919E+04
0000968   3.3403E+05  9.9244E+03 -1.0662E+03
0000969   3.4554E+05  2.6267E+03 -1.7046E+04
0000970   3.4351E+05 -8.8530E+03  1.0166E+04
0000971   3.3951E+05 -1.3294E+04  1.1502E+04
0000972   3.4825E+05 -6.6294E+03 -1.8888E+03
0000973   3.3670E+05 -1.0055E+04 -5.7235E+03
0000974   3.3370E+05  1.2585E+04 -7.0388E+02
0000975   3.4872E+05 -5.2536E+03 -1.7377E+04
0000976   3.4306E+05  3.1644E+03 -7.2053E+03
0000977   3.4488E+05  7.1472E+03  7.8416E+03
0000978   3.4468E+05 -6.0133E+02  5.4358E+03
0000979   3.5202E+05 -8.2774E+03  1.8912E+04
0000980   3.4953E+05 -9.1601E+03  7.0826E+03
0000981   3.4424E+05  9.7044E+02  1.1643E+04
0000982   3.4848E+05  1.7015E+03 -6.4208E+03
0000983   3.4754E+05 -3.3486E+04 -2.5505E+03
0000984   3.4007E+05 -2.5175E+03  1.1619E+04
0000985   3.4891E+05 -2.1763E+04 -9.1561E+03
0000986   3.4882E+05 -3.3624E+03  8.7592E+03
0000987   3.3369E+05  2.3573E+03  2.5936E+04
0000988   3.3783E+05 -8.0555E+02  2.8694E+04
0000989   3.3903E+05 -3.9799E+03 -4.0308E+03
0000990   3.3211E+05  4.1405E+04 -3.7211E+04
0000991   3.4817E+05 -1.0368E+04 -6.4136E+03
0000992   3.3072E+05 -6.8548E+03 -2.6860E+03
0000993   3.3741E+05  9.0042E+03  5.7766E+03
0000994   3.3951E+05 -2.0337E+04  2.7244E+04
0000995   3.2603E+05  5.2140E+03 -1.1278E+04
0000996   3.5137E+05  8.4994E+03 -1.9271E+02
0000997   3.3770E+05  6.9732E+03  1.1757E+04
0000998   3.2755E+05  2.2332E+04 -1.5577E+04
0000999   3.4127E+05 -1.1287E+04  7.0192E+03
0001000   3.4471E+05  1.3895E+04 -8.3231E+03
