============================== SRIM-2013.00 ==============================
==============================================================================
====== SRIM Outputs\RANGE_3D.txt : File of Final Ion Positions =====

Ion =  H (01)   Ion Mass= 001.0080
Energy  = 3200000.E-03 keV
Ion Angle to Surface = 00.0 degrees
==================== TARGET =======================
  Layer # 1 - Si_Top    
  Layer # 1 - Bottom Depth=300000.E+01 A
  Layer # 1 - Density =0002.3210 g/cm3
  Layer # 1 -  100 % of Si
икикикикикикикикикикикикикикикикикикикикикикикикикикикикикикикикикикикикикикикикикикикикикикикикикикикик
  Layer # 2 - Si_Bottom 
  Layer # 2 - Bottom Depth=600000.E+01 A
  Layer # 2 - Density =0002.3210 g/cm3
  Layer # 2 -  100 % of Si
икикикикикикикикикикикикикикикикикикикикикикикикикикикикикикикикикикикикикикикикикикикикикикикикикикикик
                                            
Ion       Depth  X   Lateral Y   Lateral Z  
Number    (Angstrom) (Angstrom)  (Angstrom) 
-------  ----------- ----------- -----------
0000001   1.0313E+06 -3.6710E+04 -1.2306E+04
0000002   1.0333E+06  1.7847E+05  3.8749E+04
0000003   1.0460E+06 -2.7676E+03 -1.8964E+04
0000004   1.0512E+06 -4.7338E+04 -1.7459E+04
0000005   1.0295E+06  2.7923E+04  5.5553E+04
0000006   1.0225E+06 -1.4527E+04  7.9126E+03
0000007   1.0563E+06 -5.0876E+04  5.7604E+04
0000008   1.0239E+06  5.0420E+04  3.9078E+04
0000009   1.0095E+06  3.0956E+04  8.3979E+03
0000010   1.0524E+06 -3.1274E+03 -2.5491E+04
0000011   1.0366E+06  3.4530E+04 -2.5933E+04
0000012   1.0719E+06  2.3963E+04  1.3813E+04
0000013   1.0309E+06  2.5180E+04  4.0398E+04
0000014   1.0445E+06  1.6625E+04  6.9571E+04
0000015   1.0203E+06 -1.8066E+04  1.1354E+04
0000016   1.0331E+06  2.7543E+04 -3.4216E+04
0000017   1.0583E+06 -1.8136E+04  1.8833E+04
0000018   1.0216E+06 -1.1878E+04  1.6476E+04
0000019   1.0270E+06 -2.9716E+04 -3.9165E+04
0000020   1.0399E+06 -5.3686E+04  6.1201E+03
0000021   9.9916E+05  7.6890E+04  1.8058E+05
0000022   1.0236E+06  1.6798E+04  4.0555E+03
0000023   1.0585E+06  1.3117E+04  1.3370E+04
0000024   1.0102E+06  4.2846E+04 -4.3518E+04
0000025   1.0113E+06  8.4715E+04  2.1438E+04
0000026   1.0314E+06 -2.5337E+04 -3.9715E+03
0000027   1.0344E+06 -4.4584E+03 -3.3359E+04
0000028   1.0336E+06  5.8427E+03  4.5820E+04
0000029   1.0506E+06 -2.0119E+04  1.9126E+03
0000030   1.0873E+06  5.1691E+04 -3.0026E+01
0000031   1.0295E+06 -1.0054E+05  3.3076E+04
0000032   1.0011E+06  1.8331E+04  6.2404E+04
0000033   1.0378E+06  4.3679E+04  5.1977E+04
0000034   1.0372E+06 -8.1358E+02  6.1594E+04
0000035   1.0538E+06  3.4028E+04  6.5218E+04
0000036   1.0467E+06 -6.6534E+03 -1.7785E+04
0000037   1.0238E+06  4.0973E+04  7.8255E+03
0000038   1.0453E+06  5.5759E+04  4.2065E+03
0000039   1.0395E+06  7.8330E+04  3.5794E+04
0000040   1.0055E+06  6.7432E+04  4.5359E+02
0000041   1.0590E+06 -1.4023E+04  2.1677E+04
0000042   1.0432E+06 -1.2769E+04  4.2924E+04
0000043   1.0373E+06  8.5935E+02 -3.0629E+04
0000044   1.0562E+06 -2.1447E+04  2.1236E+04
0000045   1.0351E+06 -1.3931E+03 -3.6395E+03
0000046   1.0256E+06  8.6807E+04 -6.8758E+04
0000047   1.0128E+06  7.7603E+04  2.3825E+04
0000048   1.0429E+06  4.3447E+03  1.9380E+03
0000049   1.0267E+06  1.1734E+04  3.5106E+04
0000050   1.0251E+06  7.8615E+03 -2.3129E+04
0000051   1.0650E+06  2.9472E+04 -2.3907E+04
0000052   1.0463E+06 -8.3599E+03 -5.3840E+04
0000053   1.0183E+06  8.7292E+04  5.6045E+04
0000054   1.0506E+06  1.2878E+04  5.5881E+04
0000055   1.0636E+06  1.6287E+04  4.6982E+04
0000056   1.0421E+06 -5.0685E+04  4.7895E+04
0000057   1.0306E+06 -3.0347E+04 -5.5675E+04
0000058   1.0431E+06 -7.5614E+04  3.7732E+04
0000059   1.0736E+06  1.6478E+02 -1.5380E+04
0000060   1.0597E+06  4.8514E+04 -1.9687E+02
0000061   1.0404E+06 -1.0568E+04  7.3325E+03
0000062   1.0498E+06 -1.3915E+04 -2.1364E+04
0000063   1.0060E+06 -6.8410E+04 -1.6188E+03
0000064   1.0424E+06  3.2055E+04  3.0552E+03
0000065   1.0349E+06  6.5359E+03 -6.8821E+04
0000066   1.0692E+06  1.5144E+04 -1.0559E+04
0000067   1.0277E+06 -2.3623E+03  4.1839E+04
0000068   1.0470E+06 -2.2266E+04  2.6117E+04
0000069   1.0598E+06 -2.0201E+04  3.5251E+04
0000070   1.0492E+06 -3.8046E+03 -7.6345E+03
0000071   1.0500E+06  1.4537E+04  1.8542E+04
0000072   1.0267E+06  5.6002E+04 -6.9122E+02
0000073   1.0178E+06 -7.7306E+04  1.4232E+05
0000074   1.0363E+06  4.2659E+03 -9.0083E+02
0000075   1.0095E+06 -4.9993E+02 -1.5940E+04
0000076   1.0211E+06  8.8363E+04 -8.0073E+04
0000077   1.0538E+06 -7.4092E+04  8.8958E+03
0000078   1.0100E+06 -2.6602E+04  8.7298E+03
0000079   1.0216E+06  4.2026E+02  3.0778E+04
0000080   1.0414E+06 -2.6730E+04 -1.4541E+04
0000081   1.0262E+06  7.9494E+03  5.3456E+04
0000082   1.0657E+06  1.6592E+04 -5.8070E+03
0000083   1.0536E+06 -2.1895E+04 -4.3276E+03
0000084   1.0238E+06 -3.1294E+04 -3.3986E+04
0000085   1.0582E+06  2.5792E+04  3.6226E+04
0000086   1.0304E+06  2.4192E+04 -4.5337E+03
0000087   1.0155E+06 -1.2413E+05  5.5307E+03
0000088   1.0087E+06 -5.7356E+04  3.7498E+04
0000089   1.0368E+06  3.3478E+04 -4.1037E+03
0000090   1.0349E+06 -1.7558E+04 -5.3236E+04
0000091   1.0339E+06  1.0463E+04  3.0122E+04
0000092   1.0383E+06  3.2810E+04 -3.6810E+04
0000093   1.0438E+06  2.0710E+04  2.2463E+04
0000094   1.0758E+06 -4.2829E+04 -3.8902E+03
0000095   1.0314E+06  1.5977E+04  3.0069E+04
0000096   1.0668E+06 -2.4498E+04  4.3997E+04
0000097   1.0516E+06  2.1346E+04 -1.0820E+04
0000098   1.0216E+06 -6.5104E+03  4.1942E+04
0000099   1.0510E+06 -1.2661E+04  4.6489E+04
0000100   1.0125E+06 -6.0706E+04 -8.2231E+03
0000101   1.0281E+06 -2.4321E+04 -4.3847E+04
0000102   1.0438E+06 -2.2171E+04  3.0191E+04
0000103   1.0549E+06  3.2449E+04  3.7130E+04
0000104   1.0407E+06 -2.2154E+04 -2.3752E+04
0000105   1.0199E+06  1.6215E+05 -3.1196E+04
0000106   1.0401E+06  1.7500E+04  3.8993E+04
0000107   1.0670E+06 -1.4564E+04  9.5354E+02
0000108   1.0229E+06  2.7035E+04  2.8135E+04
0000109   1.0502E+06  2.5369E+04 -5.0190E+03
0000110   1.0305E+06 -4.9097E+04 -4.4722E+04
0000111   1.0344E+06 -2.4906E+02  5.7282E+04
0000112   1.0434E+06 -4.9676E+04 -5.6677E+02
0000113   1.0127E+06  8.0464E+03  3.3960E+04
0000114   1.0177E+06 -1.1334E+04 -1.7516E+03
0000115   1.0339E+06 -4.5389E+03 -5.8772E+04
0000116   1.0488E+06 -2.8452E+04 -2.7448E+04
0000117   1.0704E+06 -2.0119E+04 -2.8898E+04
0000118   1.0459E+06  5.9160E+03 -5.6498E+04
0000119   1.0590E+06  2.2239E+04 -1.7719E+04
0000120   1.0453E+06 -5.9278E+04  3.1495E+04
0000121   1.0409E+06 -1.5085E+04 -2.4783E+04
0000122   1.0459E+06 -9.0304E+03  6.2451E+03
0000123   1.0188E+06  9.0145E+04  2.9809E+04
0000124   1.0238E+06 -1.2997E+04  1.1117E+04
0000125   1.0439E+06  6.6599E+03 -5.7629E+04
0000126   1.0418E+06 -8.7402E+04  4.0861E+04
0000127   1.0239E+06 -7.9159E+04  1.5895E+04
0000128   1.0362E+06 -1.8771E+03 -6.9774E+03
0000129   1.0359E+06  6.1969E+04 -1.4429E+04
0000130   1.0189E+06  7.6934E+03  3.4426E+04
0000131   1.0320E+06  2.5240E+04  7.8751E+03
0000132   1.0406E+06 -1.1979E+04 -1.4844E+03
0000133   1.0602E+06 -2.6741E+04 -1.3535E+04
0000134   1.0556E+06 -6.2561E+04 -5.5953E+04
0000135   1.0660E+06 -2.6568E+04 -9.0301E+03
0000136   1.0317E+06 -1.7077E+04 -3.2344E+04
0000137   1.0123E+06 -1.3311E+04  4.0191E+03
0000138   1.0143E+06 -7.6378E+03  3.4213E+04
0000139   1.0599E+06  1.7858E+04  1.9804E+03
0000140   1.0489E+06 -1.4124E+04  2.0616E+04
0000141   1.0217E+06  5.7629E+04 -1.3190E+05
0000142   1.0466E+06 -5.7991E+04  1.8373E+04
0000143   1.0604E+06 -7.1584E+04  1.2211E+04
0000144   1.0821E+06  3.0314E+04  2.7495E+04
0000145   1.0325E+06  1.1643E+04 -8.1090E+04
0000146   1.0477E+06  7.8133E+03  1.0004E+04
0000147   1.0216E+06 -4.5285E+04 -1.2134E+04
0000148   1.0428E+06 -1.9392E+04 -4.9795E+03
0000149   1.0157E+06  1.0725E+04  5.5779E+04
0000150   1.0545E+06 -4.3367E+04  2.0164E+04
0000151   1.0468E+06 -2.5282E+04 -3.0473E+04
0000152   1.0326E+06 -6.3518E+03 -1.6078E+03
0000153   1.0594E+06  3.3006E+03  2.9112E+02
0000154   1.0371E+06  1.1654E+04 -6.5636E+03
0000155   1.0277E+06  2.3304E+04 -1.7268E+04
0000156   1.0545E+06 -3.1564E+04  2.7543E+04
0000157   1.0175E+06 -3.8397E+04 -1.0136E+03
0000158   1.0557E+06 -3.3655E+04  1.9721E+04
0000159   1.0229E+06 -4.2514E+04  1.6822E+04
0000160   1.0246E+06  1.2649E+03 -3.8876E+04
0000161   1.0778E+06  5.9940E+04 -3.7926E+04
0000162   1.0228E+06 -6.5668E+04 -3.6538E+03
0000163   1.0033E+06  1.0305E+04 -3.7777E+04
0000164   1.0172E+06  3.7925E+04 -3.2881E+02
0000165   1.0699E+06 -2.6834E+04 -2.6219E+04
0000166   1.0251E+06 -7.8818E+04 -1.3294E+05
0000167   1.0572E+06  1.3844E+04  5.4263E+04
0000168   1.0251E+06  3.2376E+04 -6.4292E+04
0000169   9.8567E+05 -1.6496E+05  3.4596E+04
0000170   1.0335E+06 -6.4213E+03 -4.6978E+03
0000171   1.0217E+06 -2.3393E+04  6.0618E+04
0000172   1.0627E+06  2.4096E+04  8.7749E+02
0000173   1.0320E+06 -5.2757E+04  1.0206E+05
0000174   1.0548E+06  1.1260E+04  1.1419E+04
0000175   1.0603E+06 -8.7327E+02 -2.7915E+04
0000176   1.0437E+06 -2.0077E+04 -2.6563E+04
0000177   1.0449E+06 -1.0752E+05 -2.4314E+04
0000178   1.0663E+06  2.8724E+04  1.5468E+04
0000179   1.0429E+06 -2.3629E+04 -3.4975E+04
0000180   1.0422E+06  7.7883E+04 -1.9101E+04
0000181   1.0097E+06  5.3092E+04 -1.6910E+04
0000182   1.0388E+06  1.0323E+04 -4.8697E+03
0000183   1.0309E+06  4.1870E+04  9.8369E+03
0000184   1.0331E+06  9.3018E+02 -5.8293E+04
0000185   1.0497E+06 -1.8252E+04 -6.4327E+03
0000186   1.0568E+06 -2.8011E+04  1.6985E+04
0000187   1.0580E+06  4.2895E+04  3.1955E+04
0000188   1.0287E+06 -1.8706E+04  9.0529E+03
0000189   1.0565E+06  9.5364E+03 -8.6304E+03
0000190   1.0592E+06 -2.4927E+04  5.2632E+04
0000191   1.0534E+06  4.0061E+04  2.4171E+04
0000192   1.0439E+06 -1.5725E+04  2.1013E+03
0000193   1.0308E+06  3.2192E+04  5.1012E+04
0000194   1.0183E+06 -1.6912E+04  2.8893E+04
0000195   1.0234E+06  1.3857E+04  2.6484E+04
0000196   1.0216E+06  2.8370E+03 -1.8800E+04
0000197   1.0335E+06  1.9806E+04  2.3991E+04
0000198   1.0538E+06  3.1827E+04  5.3808E+04
0000199   1.0376E+06  1.9543E+04  4.8810E+04
0000200   1.0370E+06  9.7835E+04 -1.0531E+04
0000201   1.0355E+06 -4.4092E+04 -7.9005E+04
0000202   1.0586E+06  2.3492E+04 -1.1272E+04
0000203   1.0548E+06  4.3228E+04 -1.5913E+04
0000204   1.0274E+06  2.6807E+04  1.0571E+04
0000205   1.0213E+06 -6.0505E+03  9.9897E+03
0000206   1.0644E+06 -7.2044E+03 -3.9876E+03
0000207   9.5805E+05 -2.3981E+05 -1.2196E+05
0000208   1.0254E+06 -1.6869E+04  1.2630E+04
0000209   1.0355E+06 -9.4144E+03 -2.1987E+04
0000210   1.0196E+06 -1.9707E+04  6.9409E+03
0000211   1.0264E+06 -8.2326E+03  8.3460E+03
0000212   1.0519E+06 -6.7694E+04 -5.0763E+03
0000213   1.0300E+06  6.5678E+04 -1.2569E+04
0000214   1.0513E+06 -1.9278E+04 -1.7927E+04
0000215   1.0598E+06  2.8103E+03  1.7544E+04
0000216   1.0379E+06  1.0641E+04  4.5644E+03
0000217   1.0053E+06 -3.8509E+04 -6.7444E+04
0000218   9.9080E+05 -8.1272E+04 -2.4853E+05
0000219   1.0417E+06  2.7998E+04  2.2792E+03
0000220   9.8977E+05  3.8886E+04  3.2511E+04
0000221   1.0433E+06 -4.7324E+04 -3.2071E+04
0000222   1.0482E+06 -5.0373E+03  1.1528E+04
0000223   1.0610E+06 -1.7522E+04  2.0696E+04
0000224   1.0448E+06  1.0252E+04  1.4940E+04
0000225   1.0524E+06 -9.5656E+04  7.8693E+04
0000226   1.0362E+06  5.0572E+03 -6.6988E+03
0000227   1.0393E+06  1.6399E+04 -1.4724E+04
0000228   1.0574E+06  5.7977E+04 -2.1191E+04
0000229   1.0463E+06  4.5065E+03  1.2202E+04
0000230   1.0302E+06 -1.4797E+02 -2.7969E+04
0000231   1.0172E+06 -2.7593E+04 -1.2078E+05
0000232   1.0872E+06 -5.3240E+03  2.1859E+04
0000233   1.0320E+06  1.3505E+04  2.2514E+04
0000234   1.0304E+06  2.5767E+04  3.9978E+04
0000235   1.0720E+06 -2.1114E+04 -2.6225E+04
0000236   1.0385E+06 -6.4145E+04  4.3010E+04
0000237   1.0689E+06 -7.4862E+04  1.3283E+03
0000238   1.0404E+06  3.6889E+04  2.3794E+03
0000239   1.0255E+06  1.0007E+05 -6.1922E+04
0000240   1.0460E+06 -1.0611E+04  4.2946E+04
0000241   1.0311E+06  4.4961E+04  2.0350E+04
0000242   1.0095E+06  5.6833E+03  2.3127E+04
0000243   1.0175E+06 -2.7623E+04  4.1829E+03
0000244   1.0468E+06 -3.6322E+03 -4.6822E+04
0000245   1.0152E+06  4.9743E+03 -3.6660E+04
0000246   1.0369E+06 -2.8081E+04 -8.5544E+03
0000247   1.0392E+06  1.1962E+05  2.0471E+04
0000248   1.0537E+06  4.6637E+04 -1.5485E+04
0000249   1.0565E+06  3.8830E+03  3.6716E+03
0000250   1.0142E+06 -4.2687E+04  6.1118E+04
0000251   1.0575E+06 -1.5332E+04  4.6014E+03
0000252   1.0544E+06  3.4917E+04  4.1004E+04
0000253   1.0202E+06 -8.3645E+04 -3.2396E+04
0000254   1.0815E+06  2.6152E+04 -2.8203E+04
0000255   1.0433E+06  1.8594E+04 -1.4236E+04
0000256   1.0264E+06  1.4778E+04 -5.4655E+04
0000257   1.0092E+06 -6.9268E+03  4.3745E+04
0000258   1.0355E+06 -3.9378E+04 -5.8734E+03
0000259   1.0533E+06 -1.3955E+04 -5.8651E+04
0000260   1.0413E+06 -2.7576E+04 -7.4974E+04
0000261   1.0563E+06  1.2205E+04  1.9754E+02
0000262   1.0355E+06 -1.0944E+05  8.2499E+04
0000263   1.0256E+06 -3.6267E+04  3.2326E+04
0000264   1.0136E+06 -5.6378E+04  3.8385E+03
0000265   1.0145E+06  6.8950E+04  4.1104E+03
0000266   1.0250E+06 -2.9895E+04 -2.1303E+04
0000267   1.0483E+06  1.9234E+04  1.0249E+04
0000268   1.0341E+06  1.1030E+04 -2.7908E+04
0000269   1.0592E+06 -3.4572E+02 -7.4770E+04
0000270   1.0726E+06  4.2848E+04 -2.9691E+02
0000271   1.0011E+06  1.2909E+04  5.6228E+04
0000272   1.0555E+06 -2.0679E+04 -3.8394E+04
0000273   1.0242E+06  1.3832E+04  1.2517E+04
0000274   1.0370E+06  1.8179E+04  3.1621E+04
0000275   1.0583E+06 -1.1676E+04  2.4288E+04
0000276   9.9801E+05 -5.2932E+04 -2.2006E+04
0000277   1.0419E+06  2.4394E+04  4.7740E+04
0000278   1.0601E+06  3.7368E+03 -1.7368E+04
0000279   1.0354E+06  9.9134E+04  5.1140E+04
0000280   1.0419E+06 -1.0967E+04 -6.9872E+04
0000281   1.0247E+06  2.2989E+04 -6.7064E+02
0000282   8.8051E+05 -2.8848E+05 -7.0330E+04
0000283   1.0249E+06 -2.7644E+04  4.8854E+04
0000284   1.0202E+06 -9.6327E+03 -3.3620E+04
0000285   1.0500E+06 -6.3800E+04 -1.8180E+04
0000286   1.0292E+06  6.1223E+03  2.4161E+04
0000287   1.0722E+06 -5.9742E+03 -4.5156E+04
0000288   1.0563E+06 -2.2482E+04 -1.1252E+04
0000289   1.0219E+06 -5.1300E+04 -1.2934E+04
0000290   1.0390E+06 -4.6683E+04 -8.6550E+03
0000291   1.0591E+06 -5.0334E+04 -1.3318E+04
0000292   1.0369E+06  2.0261E+03 -2.3904E+04
0000293   1.0293E+06  1.9035E+04  1.8870E+04
0000294   1.0073E+06  1.3010E+04 -2.0446E+03
0000295   1.0182E+06  1.4725E+04  1.9488E+04
0000296   1.0273E+06 -4.7907E+04  5.4274E+04
0000297   1.0460E+06 -3.8057E+03 -2.9289E+03
0000298   1.0558E+06  1.5004E+03  4.2383E+04
0000299   1.0467E+06  4.7209E+03 -5.4543E+04
0000300   1.0403E+06  3.0846E+04 -9.6001E+03
0000301   1.0203E+06  5.8977E+04 -1.1288E+04
0000302   1.0252E+06 -8.3126E+04 -2.2019E+04
0000303   1.0486E+06 -8.2094E+02  5.0137E+04
0000304   1.0687E+06 -8.2845E+03  2.6974E+04
0000305   1.0351E+06  5.3076E+03 -1.4109E+04
0000306   1.0421E+06 -2.1492E+04  1.0426E+04
0000307   1.0246E+06 -1.2064E+04 -8.2608E+03
0000308   1.0305E+06  6.0438E+04 -1.9301E+04
0000309   1.0571E+06  1.8807E+04 -3.0529E+04
0000310   1.0414E+06  1.7122E+04 -2.2429E+04
0000311   1.0360E+06 -3.7146E+04  6.0684E+04
0000312   1.0461E+06  2.5459E+04  2.8656E+04
0000313   1.0136E+06 -6.6064E+04 -1.3549E+04
0000314   1.0165E+06  1.2775E+04  1.4197E+05
0000315   1.0245E+06  1.6310E+04  5.8514E+04
0000316   1.0594E+06  3.8992E+04 -8.7605E+03
0000317   1.0749E+06  4.2896E+04  2.3004E+04
0000318   1.0390E+06 -1.6870E+04  1.2635E+04
0000319   1.0367E+06 -4.6817E+04  8.9199E+04
0000320   1.0860E+06  1.8004E+04  3.9650E+04
0000321   1.0547E+06  6.0737E+04 -2.2211E+04
0000322   1.0252E+06 -1.7013E+04  8.2602E+03
0000323   1.0319E+06  9.4670E+03 -8.1366E+03
0000324   1.0335E+06  6.3030E+03 -3.6119E+04
0000325   1.0267E+06  1.7938E+04  1.8349E+04
0000326   1.0488E+06 -3.3179E+04  5.9010E+04
0000327   1.0570E+06  4.5449E+04  6.2762E+04
0000328   1.0308E+06 -1.2682E+04  3.6057E+04
0000329   1.0272E+06 -3.7525E+03  2.3840E+04
0000330   9.9317E+05 -6.5273E+04  8.2932E+04
0000331   1.0178E+06 -4.4995E+04  1.6968E+04
0000332   1.0604E+06  4.8188E+04  6.9094E+04
0000333   1.0196E+06 -1.8529E+04 -4.0048E+04
0000334   9.9906E+05 -2.9386E+05 -2.4055E+04
0000335   1.0164E+06 -1.8073E+04 -1.7879E+04
0000336   1.0365E+06  1.8587E+04 -3.2388E+04
0000337   1.0457E+06 -5.9750E+03 -2.0731E+03
0000338   1.0378E+06  1.7309E+04 -1.1695E+04
0000339   1.0580E+06  4.1010E+03 -4.2238E+04
0000340   1.0411E+06  5.0925E+04  2.0157E+04
0000341   1.0524E+06  2.0157E+04 -3.0659E+04
0000342   1.0700E+06  2.1887E+03 -4.8931E+04
0000343   1.0621E+06 -2.1382E+04  6.8210E+04
0000344   1.0248E+06 -1.0065E+05  3.6218E+04
0000345   1.0476E+06 -1.0324E+04 -8.4413E+03
0000346   1.0347E+06 -4.1992E+04 -3.4779E+04
0000347   1.0201E+06  2.8576E+04  3.7431E+04
0000348   1.0399E+06 -2.0069E+04  1.1709E+04
0000349   1.0274E+06 -2.0987E+02  1.9305E+04
0000350   1.0277E+06  1.3568E+04 -1.5995E+04
0000351   1.0558E+06 -9.7045E+03 -2.7824E+04
0000352   1.0091E+06  3.4821E+04  4.7564E+04
0000353   1.0602E+06  4.8403E+03  1.6468E+04
0000354   1.0265E+06  1.1902E+04  3.8124E+04
0000355   1.0288E+06  9.0503E+03  1.0725E+04
0000356   1.0245E+06 -2.9953E+04  7.1325E+03
0000357   1.0369E+06 -1.4332E+04 -5.1289E+04
0000358   1.0248E+06 -5.7874E+04  1.2707E+04
0000359   1.0347E+06 -5.7405E+04  3.9567E+04
0000360   1.0442E+06 -3.7890E+04  5.7015E+03
0000361   1.0502E+06 -3.1456E+04  7.6507E+04
0000362   1.0636E+06  2.0909E+04 -1.2806E+04
0000363   1.0191E+06 -9.2202E+04 -6.0868E+04
0000364   1.0226E+06 -9.7995E+03 -8.0833E+03
0000365   1.0543E+06  1.3925E+04 -1.6780E+04
0000366   1.0256E+06 -7.6336E+04  7.9920E+03
0000367   1.0263E+06  9.7038E+03 -2.1212E+04
0000368   1.0380E+06  2.0228E+04  6.7633E+03
0000369   1.0222E+06 -5.5977E+04 -4.6625E+04
0000370   1.0426E+06 -7.2935E+04 -1.0948E+05
0000371   1.0726E+06 -1.2843E+04  1.6585E+04
0000372   1.0376E+06  2.6232E+04 -3.4050E+04
0000373   1.0484E+06 -8.0194E+03  8.6198E+03
0000374   1.0459E+06 -1.8846E+04 -1.2699E+03
0000375   1.0356E+06  4.5510E+04  2.0741E+04
0000376   1.0415E+06 -1.2430E+02 -8.7321E+03
0000377   1.0435E+06 -2.4995E+04 -3.4651E+04
0000378   1.0405E+06 -2.1767E+04 -6.5071E+03
0000379   1.0302E+06 -7.3834E+03  2.0840E+04
0000380   1.0607E+06  4.9587E+04 -1.8073E+03
0000381   1.0363E+06 -1.6445E+04 -2.1424E+04
0000382   1.0290E+06  3.9191E+03 -1.7222E+04
0000383   1.0111E+06 -7.9956E+04 -1.9364E+04
0000384   1.0354E+06  7.6674E+04  7.6767E+04
0000385   1.0403E+06  2.9001E+04 -2.2910E+04
0000386   1.0335E+06  1.6842E+04  2.5775E+04
0000387   1.0150E+06  1.5687E+04 -5.2601E+03
0000388   1.0363E+06  7.1069E+03 -2.7489E+04
0000389   1.0437E+06 -1.3353E+04  3.9548E+03
0000390   1.0260E+06 -7.0930E+04  1.6364E+03
0000391   1.0525E+06  1.7215E+04  3.8702E+04
0000392   1.0709E+06  6.1849E+02  1.4617E+04
0000393   1.0415E+06  1.5957E+02 -6.6354E+04
0000394   1.0456E+06 -2.9457E+04 -7.4149E+04
0000395   1.0276E+06 -3.2270E+04 -2.1545E+03
0000396   1.0424E+06 -1.2174E+04  1.1071E+04
0000397   1.0443E+06 -1.1726E+04  3.9519E+04
0000398   1.0128E+06  1.0277E+04  4.4678E+03
0000399   1.0234E+06  5.1731E+04 -1.5261E+04
0000400   1.0242E+06 -1.8109E+03  2.5091E+04
0000401   1.0192E+06  1.7882E+04  6.6904E+04
0000402   1.0367E+06  8.2669E+03  8.3891E+03
0000403   1.0540E+06  3.6325E+04  3.1050E+04
0000404   1.0499E+06  7.9589E+03 -3.7030E+04
0000405   1.0555E+06 -2.3610E+04  2.1067E+04
0000406   1.0491E+06 -7.5074E+04  1.3998E+04
0000407   1.0143E+06  2.0127E+04  3.7981E+04
0000408   1.0339E+06  3.2016E+03  2.7873E+04
0000409   1.0503E+06  1.7304E+04 -6.0738E+03
0000410   1.0337E+06  8.6127E+04  8.6012E+04
0000411   1.0313E+06  1.1713E+04 -7.9567E+03
0000412   1.0360E+06  5.4040E+04  5.2996E+04
0000413   1.0760E+06 -1.3863E+04 -1.7511E+04
0000414   1.0404E+06  2.0649E+04  8.5051E+02
0000415   1.0302E+06 -1.4416E+04  4.4242E+04
0000416   1.0562E+06  1.1740E+04  2.6992E+04
0000417   1.0449E+06  1.6767E+04 -3.9733E+02
0000418   1.0380E+06 -3.6150E+04 -6.2476E+03
0000419   1.0494E+06  2.0955E+04  1.6159E+04
0000420   1.0346E+06 -1.4034E+03 -6.3254E+04
0000421   1.0327E+06 -8.3947E+04 -5.1263E+03
0000422   1.0209E+06 -3.1063E+04 -1.2348E+05
0000423   1.0480E+06 -3.0633E+04  5.8215E+04
0000424   1.0283E+06  2.4553E+04  3.6040E+04
0000425   1.0442E+06 -4.3400E+03  7.6679E+03
0000426   1.0347E+06 -3.6441E+03  2.1260E+03
0000427   1.0249E+06 -1.7239E+04  5.2123E+04
0000428   1.0203E+06 -2.5403E+04 -3.2053E+04
0000429   1.0522E+06 -2.5283E+04 -4.1282E+03
0000430   1.0525E+06 -1.1012E+04  8.6721E+03
0000431   1.0649E+06 -1.7494E+04 -5.0600E+04
0000432   1.0591E+06  1.2912E+04 -2.5531E+04
0000433   1.0485E+06  6.7450E+04  1.3273E+04
0000434   1.0253E+06 -4.5025E+04  2.5954E+04
0000435   1.0246E+06 -2.9784E+04  1.6433E+03
0000436   1.0506E+06 -4.4182E+04  4.0422E+04
0000437   1.0368E+06  7.7942E+03  3.3174E+04
0000438   1.0204E+06 -5.8197E+04 -2.4530E+04
0000439   1.0211E+06  1.8098E+04  9.1207E+03
0000440   1.0326E+06  3.0054E+04 -3.8339E+03
0000441   1.0308E+06 -1.6520E+04 -2.7098E+04
0000442   1.0370E+06  1.6685E+03 -3.8362E+04
0000443   1.0272E+06  2.8713E+04 -1.2068E+04
0000444   9.3049E+05  7.8021E+04  2.1081E+05
0000445   1.0275E+06 -3.7254E+04 -4.8151E+04
0000446   1.0187E+06 -3.5106E+04  1.9448E+04
0000447   1.0238E+06  3.6457E+04 -1.7301E+04
0000448   1.0239E+06  3.3568E+04  9.5649E+03
0000449   1.0356E+06 -4.9993E+04  1.0150E+04
0000450   1.0515E+06  1.2550E+04 -1.9592E+04
0000451   1.0392E+06  1.7952E+04  2.4904E+04
0000452   1.0317E+06  5.2525E+04  5.1666E+03
0000453   1.0158E+06 -5.1864E+03 -9.7159E+04
0000454   1.0450E+06 -3.3898E+04  2.2466E+04
0000455   1.0360E+06 -2.6695E+04  3.2721E+04
0000456   1.0242E+06  2.9093E+04 -1.5903E+04
0000457   1.0303E+06 -7.0542E+03 -1.0880E+04
0000458   1.0197E+06 -2.7732E+04  9.1265E+03
0000459   1.0160E+06 -4.2734E+04 -1.7830E+04
0000460   1.0260E+06  1.2214E+05 -1.3936E+04
0000461   1.0679E+06  3.7260E+03  4.9468E+03
0000462   9.7776E+05 -1.9067E+05 -1.6219E+05
0000463   1.0449E+06  2.8115E+04  6.9827E+02
0000464   1.0202E+06  1.5408E+04 -2.9805E+02
0000465   1.0421E+06  3.2294E+04 -1.4174E+04
0000466   1.0500E+06  1.0771E+04 -3.0696E+04
0000467   1.0033E+06  4.8861E+04 -8.9534E+04
0000468   1.0351E+06 -6.9338E+03  3.4684E+03
0000469   1.0210E+06  9.5562E+04  3.7719E+04
0000470   1.0191E+06  1.3351E+03 -1.7513E+04
0000471   1.0547E+06  2.0534E+04  5.1469E+04
0000472   1.0000E+06  1.0243E+04 -4.2922E+03
0000473   1.0208E+06 -2.4656E+04  8.2631E+04
0000474   1.0236E+06 -4.6931E+03  9.3801E+03
0000475   1.0307E+06 -7.0314E+03  5.6294E+03
0000476   1.0224E+06 -3.2563E+04  3.3884E+04
0000477   1.0288E+06 -8.6833E+03  2.9424E+03
0000478   1.0320E+06  6.4027E+04 -2.8473E+04
0000479   1.0521E+06 -2.8306E+04  3.8354E+04
0000480   1.0172E+06 -1.8031E+04  1.3115E+04
0000481   1.0660E+06 -1.0924E+04 -2.1344E+04
0000482   1.0306E+06  2.5821E+04 -5.7601E+04
0000483   1.0279E+06 -4.1851E+03  1.2022E+04
0000484   1.0615E+06 -1.1448E+04  1.5387E+04
0000485   1.0424E+06  9.5556E+04  7.9158E+04
0000486   1.0372E+06  4.7583E+04  2.5900E+04
0000487   1.0629E+06  2.0528E+04  5.5292E+03
0000488   1.0037E+06  4.6541E+04  3.7496E+04
0000489   1.0081E+06  5.1443E+04 -5.5832E+03
0000490   1.0619E+06 -1.3897E+04 -2.0388E+04
0000491   1.0364E+06  4.4161E+03  4.4190E+04
0000492   1.0397E+06  1.9480E+04  4.7788E+04
0000493   1.0489E+06  1.5231E+03  3.9204E+04
0000494   1.0256E+06 -2.3597E+04  1.4427E+04
0000495   1.0135E+06  1.2267E+04  6.1102E+03
0000496   1.0362E+06  1.7571E+04  6.8732E+04
0000497   1.0391E+06 -4.4082E+04 -1.2467E+04
0000498   1.0353E+06  1.9013E+04  2.0860E+03
0000499   1.0111E+06  3.8827E+04  9.0303E+03
0000500   1.0148E+06 -2.5810E+04 -3.1517E+04
0000501   1.0367E+06 -1.9709E+04 -4.9773E+04
0000502   1.0383E+06 -2.8189E+03 -2.0358E+04
0000503   1.0228E+06 -5.6363E+04 -3.5777E+04
0000504   1.0297E+06  3.2449E+03 -2.6153E+04
0000505   1.0541E+06  4.4220E+04 -3.7173E+03
0000506   1.0371E+06  8.6980E+03  3.6601E+03
0000507   1.0005E+06 -1.8437E+05  1.0880E+05
0000508   1.0529E+06 -3.6000E+04  1.7356E+04
0000509   1.0169E+06 -1.3913E+04  4.1114E+03
0000510   1.0297E+06  5.2413E+04  5.7431E+04
0000511   1.0329E+06 -2.3232E+04 -3.3702E+04
0000512   1.0274E+06  4.6307E+04 -2.5863E+04
0000513   1.0194E+06  1.2237E+04 -2.5777E+04
0000514   1.0419E+06 -1.0324E+04 -3.2576E+03
0000515   1.0158E+06  7.9205E+04 -9.3500E+04
0000516   1.0562E+06  9.3160E+03 -4.7028E+04
0000517   1.0519E+06 -9.6224E+03 -1.4692E+04
0000518   1.0278E+06  1.2729E+04 -1.3993E+04
0000519   1.0329E+06  7.5077E+03 -1.4452E+03
0000520   1.0502E+06  1.2868E+04 -2.6125E+04
0000521   1.0509E+06 -2.4418E+04  4.9316E+03
0000522   1.0591E+06  4.0351E+03  2.3275E+04
0000523   1.0315E+06  4.5197E+03 -7.0111E+03
0000524   1.0598E+06 -2.0070E+04  1.6237E+03
0000525   1.0287E+06 -1.7506E+04  4.3497E+04
0000526   1.0298E+06 -1.9619E+04 -2.8122E+04
0000527   1.0337E+06 -2.6893E+04  4.1098E+04
0000528   1.0733E+06 -5.6354E+04 -1.5088E+04
0000529   8.8284E+05  2.2838E+05  3.8557E+05
0000530   1.0630E+06  4.2256E+04 -6.1256E+04
0000531   1.0496E+06  7.3049E+03 -2.3721E+04
0000532   1.0407E+06 -1.8244E+04  2.1080E+04
0000533   1.0086E+06  3.5206E+03 -3.9017E+04
0000534   1.0320E+06 -5.9770E+04 -1.1320E+05
0000535   1.0038E+06 -1.4078E+05  6.4324E+04
0000536   1.0239E+06  7.8168E+04  4.8425E+04
0000537   1.0197E+06  5.3558E+04 -5.6025E+02
0000538   1.0221E+06  4.1445E+04  8.9267E+02
0000539   1.0437E+06  7.4087E+03  2.0003E+04
0000540   1.0713E+06  5.7241E+04 -1.7782E+04
0000541   1.0424E+06  4.7651E+04 -1.2938E+04
0000542   1.0326E+06 -2.9537E+04 -8.0378E+03
0000543   1.0565E+06 -5.8485E+03 -4.6566E+04
0000544   1.0283E+06 -1.4629E+04  1.0642E+05
0000545   1.0541E+06  1.3781E+04 -2.0798E+04
0000546   1.0471E+06  8.7407E+03  1.6872E+04
0000547   1.0428E+06 -1.0839E+04 -3.1383E+04
0000548   1.0852E+06 -4.0906E+04 -3.3502E+04
0000549   1.0438E+06 -3.5211E+04 -1.3367E+04
0000550   1.0266E+06 -1.5651E+04 -4.0127E+03
0000551   1.0877E+06  4.1462E+04 -1.8607E+04
0000552   1.0595E+06 -1.0874E+04  7.8532E+03
0000553   1.0404E+06 -1.1171E+04 -1.5742E+02
0000554   1.0563E+06  2.7221E+04  9.0502E+04
0000555   1.0435E+06 -1.1259E+04  1.4637E+04
0000556   1.0541E+06  1.4002E+04 -1.5866E+03
0000557   1.0247E+06 -3.5040E+04 -2.7936E+04
0000558   1.0100E+06  1.4795E+04 -1.6632E+04
0000559   1.0524E+06 -4.2210E+04 -1.1518E+04
0000560   1.0430E+06 -1.1455E+04  1.1045E+04
0000561   1.0078E+06 -8.8187E+03 -1.5400E+03
0000562   1.0485E+06  4.6408E+04  8.0152E+03
0000563   1.0325E+06  3.7307E+04  7.2761E+04
0000564   1.0400E+06 -5.5040E+04  3.8783E+04
0000565   1.0317E+06 -3.7161E+04  8.5107E+04
0000566   1.0000E+06  4.5654E+04 -1.2872E+04
0000567   1.0643E+06 -9.8591E+03 -1.7888E+04
0000568   1.0603E+06  1.8868E+04 -5.1510E+04
0000569   1.0360E+06 -1.4092E+04  1.5829E+04
0000570   1.0376E+06  1.1802E+04 -2.1634E+04
0000571   1.0567E+06  7.5242E+03 -3.7320E+04
0000572   1.0601E+06 -1.2077E+04 -8.2894E+03
0000573   1.0371E+06  1.0421E+04 -5.3442E+04
0000574   1.0370E+06 -4.2461E+04  6.6297E+04
0000575   1.0391E+06 -9.3707E+03 -2.9158E+03
0000576   1.0566E+06 -1.3207E+04 -1.7120E+04
0000577   1.0277E+06  1.8088E+04  3.5434E+04
0000578   1.0085E+06  9.4761E+03  1.5322E+04
0000579   1.0603E+06 -1.8688E+04 -4.3900E+04
0000580   1.0389E+06 -2.5994E+03  3.4682E+04
0000581   1.0244E+06  9.1398E+04  1.5911E+04
0000582   1.0174E+06  2.3275E+04 -2.2222E+04
0000583   1.0428E+06 -1.7511E+04  1.7906E+04
0000584   1.0560E+06  7.9900E+03  2.2350E+04
0000585   1.0241E+06 -4.7139E+04  9.8420E+04
0000586   1.0581E+06  2.6209E+03 -3.0695E+03
0000587   1.0396E+06 -5.0005E+03 -1.8205E+04
0000588   1.0340E+06  1.7232E+04 -2.7764E+04
0000589   1.0176E+06 -1.2436E+05  2.1658E+04
0000590   1.0243E+06 -3.1787E+04  3.2391E+04
0000591   1.0205E+06 -6.2779E+04  1.2466E+03
0000592   1.0257E+06 -5.5174E+04  2.5483E+04
0000593   1.0439E+06 -1.1967E+04  1.3686E+03
0000594   1.0491E+06  2.1003E+04  6.4537E+03
0000595   1.0220E+06 -3.2335E+04  1.9886E+04
0000596   1.0570E+06 -1.9114E+04  9.8990E+03
0000597   1.0682E+06 -4.7211E+03 -2.7940E+03
0000598   1.0498E+06 -1.6271E+03  1.0978E+04
0000599   1.0279E+06 -5.1911E+04 -4.9569E+04
0000600   1.0604E+06  5.7492E+03 -4.4863E+04
0000601   1.0431E+06 -1.2625E+04  5.2297E+04
0000602   1.0629E+06 -3.5016E+04  2.1603E+04
0000603   1.0183E+06  2.3904E+04 -9.3823E+04
0000604   1.0402E+06  2.0650E+03 -3.2712E+04
0000605   9.8336E+05  1.2503E+04  1.0276E+05
0000606   1.0636E+06 -2.5755E+04  3.1514E+04
0000607   1.0305E+06 -1.0828E+04 -8.4119E+03
0000608   1.0491E+06  1.0648E+04 -4.6749E+04
0000609   1.0049E+06 -3.7546E+04 -5.4469E+04
0000610   1.0648E+06 -1.6029E+03 -7.0449E+03
0000611   1.0687E+06 -3.9491E+03 -2.4288E+04
0000612   1.0530E+06 -5.8019E+03 -4.5942E+03
0000613   1.0432E+06  3.9911E+03  6.7582E+04
0000614   1.0423E+06  2.7639E+03  3.5768E+04
0000615   1.0344E+06  4.0325E+03  1.7476E+04
0000616   1.0220E+06 -4.8727E+04  2.3944E+04
0000617   1.0294E+06  5.7432E+04  1.5466E+05
0000618   1.0378E+06 -6.6770E+04 -5.2626E+03
0000619   1.0336E+06 -1.0092E+04  2.3821E+04
0000620   1.0254E+06  6.6357E+04 -4.5134E+04
0000621   1.0444E+06  1.3481E+04 -8.2750E+03
0000622   1.0754E+06 -2.9954E+04 -1.0254E+04
0000623   1.0223E+06 -5.0387E+04 -1.5839E+04
0000624   1.0469E+06  4.7250E+04  5.5240E+04
0000625   1.0470E+06  8.1583E+03  4.0396E+04
0000626   1.0517E+06 -1.8718E+04 -4.5565E+04
0000627   1.0426E+06  3.3989E+04  5.5531E+02
0000628   1.0394E+06  2.7110E+03 -4.7175E+04
0000629   1.0618E+06 -3.5328E+04  3.7434E+04
0000630   1.0105E+06 -4.2947E+04 -1.7095E+04
0000631   1.0321E+06 -1.0956E+04 -1.3305E+04
0000632   1.0442E+06  2.6428E+04 -2.0907E+04
0000633   1.0293E+06  5.2043E+04 -1.1868E+05
0000634   1.0281E+06  7.8573E+04 -7.5098E+03
0000635   1.0506E+06 -3.6413E+03  5.2944E+04
0000636   1.0325E+06  1.9709E+02  6.9758E+02
0000637   1.0624E+06 -4.6551E+04  6.2487E+04
0000638   1.0440E+06  3.9833E+04 -1.6766E+03
0000639   1.0306E+06 -1.5842E+04  1.8719E+04
0000640   1.0540E+06  2.1212E+04  2.6046E+04
0000641   1.0184E+06  3.8427E+03  1.7790E+03
0000642   1.0612E+06 -1.2969E+04 -3.9485E+03
0000643   1.0418E+06  5.0860E+04  4.8299E+03
0000644   1.0486E+06  1.5307E+04 -7.3770E+04
0000645   1.0284E+06 -2.4621E+04 -4.6914E+02
0000646   1.0402E+06 -2.5139E+01 -3.1227E+04
0000647   1.0491E+06  4.1176E+02 -3.6164E+03
0000648   1.0712E+06 -3.2592E+04  1.5832E+04
0000649   1.0387E+06  9.6643E+03 -4.4629E+04
0000650   1.0150E+06 -4.7366E+04  6.6531E+03
0000651   1.0411E+06 -4.5739E+04  1.7898E+04
0000652   1.0327E+06 -7.8238E+02  9.4176E+03
0000653   1.0569E+06  2.4276E+03 -1.4361E+04
0000654   1.0688E+06  3.7209E+04  3.2773E+03
0000655   1.0340E+06  4.0943E+04  2.7327E+03
0000656   1.0476E+06  4.1970E+04  2.0166E+04
0000657   1.0632E+06  5.3038E+04  9.0921E+03
0000658   9.9976E+05  1.7651E+04  2.4926E+04
0000659   1.0699E+06  3.4245E+04  2.1445E+04
0000660   1.0727E+06  5.2425E+04 -2.6473E+04
0000661   1.0455E+06 -2.8152E+04  5.4482E+04
0000662   1.0268E+06 -1.1115E+05 -4.6293E+04
0000663   1.0405E+06 -2.7270E+04 -3.2616E+04
0000664   1.0570E+06  4.4634E+04 -1.4180E+04
0000665   1.0382E+06 -2.4443E+04  2.0342E+04
0000666   1.0338E+06 -9.6317E+02 -4.8678E+01
0000667   1.0080E+06  5.4856E+04 -4.8921E+04
0000668   1.0102E+06  6.5706E+03 -2.9604E+04
0000669   1.0268E+06  6.6741E+03  3.9564E+04
0000670   1.0433E+06  9.0248E+03  5.3739E+02
0000671   1.0509E+06 -1.9310E+04 -5.8278E+04
0000672   1.0366E+06  5.5878E+03  1.3481E+04
0000673   1.0287E+06  3.6016E+04  3.3811E+04
0000674   1.0684E+06  5.3446E+04  1.5886E+04
0000675   1.0201E+06  1.2701E+05  2.4375E+04
0000676   1.0462E+06  1.5145E+03 -2.3024E+04
0000677   1.0410E+06  2.2695E+04 -2.1110E+04
0000678   1.0563E+06 -2.6933E+04  5.4829E+04
0000679   1.0308E+06  1.4400E+04  3.4728E+04
0000680   1.0284E+06  8.4681E+04  6.5978E+03
0000681   1.0619E+06  2.1527E+03 -1.5231E+04
0000682   1.0315E+06 -2.7648E+04 -1.4073E+04
0000683   1.0513E+06  5.3559E+04 -4.9665E+04
0000684   1.0379E+06 -4.4827E+04  5.8220E+03
0000685   1.0227E+06 -7.5042E+03  4.2574E+04
0000686   1.0463E+06  1.3761E+04 -1.0431E+04
0000687   1.0422E+06 -5.1567E+04 -3.5941E+04
0000688   1.0550E+06  1.4888E+03  1.2881E+04
0000689   1.0401E+06  1.3592E+04 -4.8012E+04
0000690   1.0683E+06  3.6047E+04 -9.4700E+04
0000691   1.0457E+06  4.8018E+04  2.4820E+04
0000692   1.0192E+06 -3.4025E+03 -2.6444E+04
0000693   1.0222E+06 -3.1398E+04 -8.0622E+03
0000694   1.0272E+06 -2.0322E+04 -1.6491E+03
0000695   1.0347E+06  2.4197E+04 -4.9172E+03
0000696   1.0484E+06  4.3802E+03  1.7713E+04
0000697   1.0248E+06 -1.4369E+04  9.0577E+03
0000698   1.0404E+06  2.9680E+04 -1.6442E+04
0000699   1.0407E+06  2.6201E+04 -1.9570E+04
0000700   1.0319E+06 -3.4183E+04  1.7302E+03
0000701   1.0380E+06 -1.9002E+03 -7.3847E+03
0000702   1.0565E+06  4.9040E+04 -1.9897E+04
0000703   1.0578E+06 -6.2862E+04 -5.0740E+04
0000704   1.0262E+06 -1.3602E+04  4.9384E+04
0000705   1.0457E+06  9.3091E+03 -2.8982E+04
0000706   1.0071E+06  7.7495E+03 -3.4138E+04
0000707   1.0515E+06 -5.5488E+04 -4.7329E+04
0000708   9.9971E+05 -7.6225E+04 -2.4939E+04
0000709   1.0383E+06  2.5229E+04 -2.5266E+04
0000710   1.0180E+06 -3.9572E+03  1.1921E+05
0000711   1.0434E+06 -4.5867E+04  2.4263E+04
0000712   1.0243E+06  4.4052E+04  4.4236E+04
0000713   1.0563E+06  1.9581E+04 -9.2580E+03
0000714   1.0769E+06 -1.0226E+05  1.3596E+04
0000715   1.0269E+06 -1.8500E+04 -3.1261E+04
0000716   1.0510E+06  3.9072E+04 -1.9140E+04
0000717   1.0476E+06  3.9978E+04 -2.6795E+03
0000718   1.0560E+06  1.0299E+04  8.0072E+04
0000719   1.0107E+06 -6.5060E+04 -3.3223E+04
0000720   1.0459E+06  2.3987E+04  2.2346E+04
0000721   1.0390E+06  1.3469E+04  1.3235E+04
0000722   1.0217E+06 -2.9855E+04 -4.7752E+03
0000723   1.0693E+06 -2.6176E+04 -5.1646E+04
0000724   1.0444E+06  2.1768E+04  8.4557E+03
0000725   1.0398E+06 -7.4743E+03 -1.1500E+05
0000726   1.0465E+06  5.3023E+04  5.8300E+03
0000727   1.0298E+06 -2.7469E+04  1.4840E+04
0000728   1.0659E+06 -2.4421E+04  2.1976E+04
0000729   1.0473E+06 -3.5017E+04 -4.1695E+04
0000730   1.0490E+06 -2.7190E+04  3.8609E+04
0000731   9.9315E+05 -4.2689E+04  9.0852E+04
0000732   1.0301E+06 -2.9668E+04 -1.5597E+03
0000733   1.0447E+06 -1.6234E+03 -1.2454E+04
0000734   1.0112E+06 -3.3650E+04 -2.4611E+04
0000735   1.0323E+06 -1.8004E+04  7.0552E+04
0000736   1.0307E+06  9.4247E+03  5.6431E+04
0000737   1.0383E+06  1.4908E+04  7.8075E+03
0000738   1.0252E+06 -9.0444E+03  4.5085E+04
0000739   1.0531E+06 -3.9667E+03 -3.2149E+04
0000740   1.0399E+06 -1.5456E+04  1.2219E+04
0000741   1.0609E+06  5.6952E+04 -2.7563E+03
0000742   1.0371E+06 -6.7419E+04  2.9799E+04
0000743   1.0558E+06 -1.7998E+04  1.3749E+04
0000744   1.0059E+06 -2.1389E+04 -6.8082E+04
0000745   1.0220E+06 -1.2287E+04  2.0888E+04
0000746   1.0388E+06  6.2471E+03  9.2322E+04
0000747   1.0553E+06 -1.3014E+04 -3.4123E+04
0000748   1.0454E+06 -2.6909E+04 -1.7218E+04
0000749   1.0262E+06 -1.2067E+04 -2.6193E+04
0000750   1.0643E+06 -1.4614E+04  2.9152E+04
0000751   1.0206E+06  2.7163E+03  3.5447E+04
0000752   1.0370E+06 -2.3714E+04 -2.1305E+03
0000753   1.0567E+06  7.9981E+02 -5.3048E+03
0000754   1.0374E+06 -1.4977E+04  7.6056E+03
0000755   1.0155E+06  1.1146E+04  7.0353E+03
0000756   1.0545E+06  4.2435E+03  5.7937E+04
0000757   1.0361E+06 -7.8895E+03  4.0430E+03
0000758   1.0639E+06 -6.2125E+04 -4.4082E+03
0000759   9.9020E+05 -7.0556E+03  8.5216E+02
0000760   1.0246E+06  5.4560E+04 -5.5351E+04
0000761   1.0621E+06 -1.2954E+04  3.2217E+03
0000762   1.0338E+06 -3.2043E+04 -3.4750E+04
0000763   1.0315E+06  2.8232E+04  3.0713E+04
0000764   1.0087E+06 -3.4159E+04 -1.0738E+04
0000765   1.0362E+06 -9.8870E+04  2.2813E+04
0000766   1.0647E+06 -3.0539E+04 -1.9864E+04
0000767   1.0435E+06 -6.5323E+03 -3.1724E+04
0000768   1.0306E+06 -4.5656E+03  4.6542E+04
0000769   1.0508E+06  6.0621E+03  1.2604E+04
0000770   1.0124E+06  8.2943E+04  1.9496E+05
0000771   1.0303E+06  7.1459E+03 -5.4610E+04
0000772   1.0092E+06 -3.7052E+04 -2.7822E+04
0000773   1.0433E+06 -1.7320E+04 -7.0830E+02
0000774   1.0424E+06 -4.2872E+04  5.3400E+03
0000775   1.0510E+06  4.3462E+04  1.9800E+04
0000776   1.0501E+06  2.7772E+04 -2.5967E+03
0000777   1.0208E+06 -7.5076E+03 -3.6775E+03
0000778   1.0385E+06 -1.9070E+03  4.3130E+04
0000779   1.0490E+06  3.3113E+04 -1.6250E+03
0000780   1.0453E+06  3.9250E+04  3.5654E+04
0000781   1.0584E+06 -1.2537E+04 -1.1696E+04
0000782   1.0507E+06  4.8119E+03  1.7729E+04
0000783   1.0360E+06 -3.2314E+02  3.2562E+04
0000784   1.0533E+06  3.0747E+04  4.0286E+04
0000785   1.0610E+06 -2.5565E+04  3.0170E+04
0000786   1.0256E+06  3.3059E+04 -3.7049E+04
0000787   1.0358E+06  3.3386E+04  3.9602E+04
0000788   9.9143E+05 -3.7785E+03 -4.8589E+04
0000789   1.0405E+06 -3.8822E+04 -5.1636E+04
0000790   1.0538E+06  2.5873E+04 -3.7298E+04
0000791   1.0299E+06  2.8049E+04  5.2525E+04
0000792   1.0238E+06 -2.8816E+04 -8.9424E+04
0000793   1.0368E+06 -5.4678E+04 -1.0208E+04
0000794   1.0360E+06  5.3510E+04  5.6286E+03
0000795   1.0698E+06 -5.3138E+04 -4.6470E+04
0000796   1.0330E+06  2.0665E+04 -4.4244E+04
0000797   1.0503E+06 -4.2427E+04 -9.2381E+04
0000798   1.0025E+06 -5.0003E+04 -3.3887E+03
0000799   1.0500E+06  8.9599E+03 -4.2803E+04
0000800   1.0457E+06  3.0646E+04  2.3709E+04
0000801   1.0498E+06  4.9897E+04 -3.8326E+04
0000802   1.0480E+06 -1.8849E+04 -3.2877E+04
0000803   1.0376E+06 -4.9250E+03  6.9968E+04
0000804   9.9621E+05  2.5765E+04 -1.6218E+04
0000805   1.0435E+06 -1.2077E+04 -6.3553E+03
0000806   1.0429E+06 -7.2480E+03 -1.1838E+05
0000807   1.0617E+06  2.1277E+04  7.8956E+04
0000808   1.0508E+06 -2.0457E+04  2.7782E+04
0000809   1.0725E+06  8.1499E+03  9.2886E+04
0000810   1.0640E+06 -2.3848E+03 -1.0950E+04
0000811   1.0426E+06  2.9156E+04  9.9359E+04
0000812   1.0275E+06 -2.5527E+04  6.4020E+04
0000813   1.0359E+06  5.7885E+04  8.4953E+04
0000814   1.0611E+06  3.5913E+04  5.0717E+03
0000815   1.0139E+06  2.9938E+04  2.6744E+04
0000816   1.0386E+06 -6.7885E+04 -3.1265E+03
0000817   1.0472E+06 -5.3172E+04 -8.6042E+04
0000818   9.9906E+05 -2.1531E+04 -4.5684E+00
0000819   1.0206E+06  1.4479E+04  1.5440E+04
0000820   1.0082E+06  2.6224E+04  7.8951E+03
0000821   1.0343E+06 -3.9349E+04  9.9059E+03
0000822   1.0313E+06 -1.4426E+03 -1.5836E+04
0000823   1.0311E+06 -3.6963E+03  8.0452E+03
0000824   1.0279E+06 -2.6602E+04  3.9980E+04
0000825   1.0494E+06 -4.0267E+03 -5.6538E+04
0000826   1.0185E+06 -4.3721E+04  1.2803E+03
0000827   1.0206E+06  2.5696E+04  4.9031E+04
0000828   1.0738E+06  3.6514E+04 -4.3406E+04
0000829   9.9709E+05 -5.0251E+04  4.7688E+04
0000830   1.0632E+06  3.4480E+04  1.2151E+04
0000831   1.0250E+06 -1.8930E+04  2.1952E+04
0000832   1.0168E+06  9.6384E+03 -1.3094E+04
0000833   1.0558E+06 -2.5908E+02  6.4628E+03
0000834   1.0025E+06 -9.3428E+04  1.9994E+04
0000835   1.0409E+06  2.4749E+04  1.0170E+04
0000836   1.0214E+06 -5.5145E+04  5.3481E+04
0000837   1.0408E+06 -9.3234E+04  3.2498E+04
0000838   1.0458E+06  2.2832E+04 -2.7421E+04
0000839   1.0530E+06 -5.1980E+04  4.3144E+03
0000840   1.0495E+06  1.6681E+03 -1.9899E+03
0000841   1.0602E+06 -5.6199E+04 -5.5324E+04
0000842   1.0301E+06 -1.1784E+04  4.6966E+04
0000843   1.0430E+06 -1.2923E+04  8.5890E+03
0000844   1.0630E+06  2.0281E+03  3.1789E+03
0000845   1.0594E+06  5.1151E+04 -1.2076E+04
0000846   1.0216E+06  3.3908E+04 -5.9947E+04
0000847   1.0383E+06 -2.4373E+04  1.8482E+04
0000848   1.0639E+06 -5.6127E+04  9.5952E+04
0000849   1.0277E+06 -2.2407E+03  3.8256E+04
0000850   1.0387E+06 -9.3626E+04 -5.4869E+04
0000851   1.0358E+06 -6.8419E+03  4.5158E+04
0000852   1.0131E+06  5.2935E+04 -5.7126E+03
0000853   1.0614E+06  5.7924E+03  2.0507E+04
0000854   1.1011E+06 -2.0313E+04 -3.3592E+04
0000855   1.0451E+06  2.6679E+04 -8.9869E+03
0000856   9.7808E+05  1.8096E+04  9.1144E+04
0000857   1.0407E+06  3.4492E+04 -2.6527E+04
0000858   1.0068E+06  1.2965E+04 -2.7502E+03
0000859   1.0271E+06 -6.4805E+04 -6.0042E+04
0000860   1.0516E+06  2.7107E+03 -1.4239E+04
0000861   1.0123E+06 -7.4591E+04  2.5451E+04
0000862   1.0433E+06 -8.9639E+04 -4.5174E+04
0000863   1.0477E+06 -3.4868E+04 -3.5847E+04
0000864   1.0602E+06 -5.5455E+04 -1.5185E+05
0000865   1.0359E+06 -4.0126E+04 -4.6923E+04
0000866   1.0508E+06  1.6741E+04 -2.9241E+04
0000867   1.0395E+06 -1.0003E+04  2.5501E+04
0000868   1.0404E+06  7.2023E+04  2.3928E+03
0000869   1.0605E+06  4.0021E+03  1.2908E+04
0000870   1.0574E+06 -3.3346E+04  1.1596E+04
0000871   1.0744E+06 -3.5206E+04 -3.2239E+04
0000872   1.0399E+06  5.3615E+04 -4.4595E+04
0000873   1.0354E+06 -1.4538E+04 -4.6920E+02
0000874   1.0179E+06  8.0963E+03  1.1952E+04
0000875   1.0404E+06 -1.7394E+04 -7.7942E+04
0000876   1.0207E+06  6.8807E+04 -1.7616E+05
0000877   1.0446E+06 -4.0757E+04 -1.5612E+04
0000878   1.0093E+06 -7.1209E+04  1.3128E+03
0000879   1.0343E+06  4.9923E+03  5.8622E+03
0000880   1.0323E+06 -4.1178E+04 -1.5267E+04
0000881   1.0413E+06 -7.9005E+03 -2.1793E+04
0000882   1.0183E+06  3.9316E+04 -3.3663E+04
0000883   1.0513E+06 -7.5122E+04  3.6015E+04
0000884   1.0093E+06  3.2696E+04  3.6555E+04
0000885   1.0443E+06 -2.1824E+04 -1.8335E+04
0000886   1.0422E+06 -4.4699E+04 -1.9911E+04
0000887   4.1169E+05 -1.9848E+04  7.6043E+05
0000888   1.0245E+06  8.0243E+04  3.1281E+04
0000889   1.0247E+06 -4.2453E+04  4.0545E+04
0000890   1.0339E+06 -1.4874E+04  3.1433E+04
0000891   1.0377E+06  5.3942E+04 -8.9708E+04
0000892   1.0594E+06  1.0813E+04 -1.0911E+04
0000893   1.0492E+06 -7.5980E+04  2.5763E+02
0000894   1.0334E+06  2.4122E+04 -9.4253E+03
0000895   1.0464E+06 -2.5945E+04  2.1552E+04
0000896   1.0642E+06  5.8045E+03  3.6028E+04
0000897   1.0234E+06 -2.6589E+04 -2.0461E+04
0000898   1.0264E+06  6.7223E+04  5.6866E+04
0000899   1.0149E+06  3.0789E+04  5.1218E+03
0000900   1.0215E+06  7.3798E+02 -3.7325E+04
0000901   1.0556E+06  2.8375E+02 -3.7993E+03
0000902   1.0346E+06 -3.9352E+04 -4.4498E+03
0000903   1.0500E+06 -2.1600E+02 -3.1668E+04
0000904   1.0170E+06 -3.8300E+03 -9.9300E+03
0000905   1.0252E+06  1.0719E+04  5.7500E+03
0000906   1.0153E+06  3.0866E+03  5.3961E+04
0000907   1.0599E+06  4.7259E+03 -6.0556E+02
0000908   1.0087E+06  6.7219E+03  1.7386E+04
0000909   1.0265E+06  1.4487E+04  6.4979E+04
0000910   1.0480E+06  4.9182E+03 -5.9418E+04
0000911   1.0425E+06 -3.9027E+04  4.7146E+03
0000912   1.0261E+06 -4.3552E+04  1.4416E+04
0000913   1.0444E+06 -9.7956E+02 -9.4524E+03
0000914   1.0235E+06  4.0876E+04  4.6167E+03
0000915   1.0530E+06  5.3349E+04 -2.4206E+04
0000916   1.0470E+06  2.8023E+02 -4.1548E+04
0000917   1.0253E+06 -1.8713E+04  7.9036E+03
0000918   1.0611E+06  1.3972E+04  2.3996E+02
0000919   1.0246E+06 -4.5750E+04  1.3609E+04
0000920   1.0523E+06  9.6816E+03 -3.8192E+02
0000921   1.0219E+06  6.0521E+04 -1.2920E+05
0000922   1.0525E+06 -5.1090E+04  6.4551E+04
0000923   1.0580E+06  3.5470E+04  1.5691E+03
0000924   9.9655E+05 -1.5977E+05  2.6898E+04
0000925   1.0410E+06  1.4729E+04  3.4598E+04
0000926   1.0551E+06  4.0910E+04 -1.7701E+04
0000927   1.0463E+06  1.3689E+04 -3.1084E+03
0000928   1.0283E+06 -2.7724E+04  2.3679E+04
0000929   1.0485E+06  1.9439E+04 -1.3273E+04
0000930   1.0259E+06 -3.3904E+04  6.6028E+03
0000931   1.0439E+06  1.1825E+04  4.0955E+04
0000932   1.0797E+06 -5.4761E+03  3.4501E+04
0000933   1.0706E+06  2.7466E+04  1.2186E+04
0000934   1.0135E+06  3.4128E+04  1.4560E+04
0000935   1.0014E+06 -1.8173E+04 -9.0238E+04
0000936   1.0138E+06 -8.4885E+04  1.2135E+04
0000937   1.0363E+06  1.0342E+04 -2.0970E+03
0000938   1.0158E+06  8.4331E+03 -2.9405E+04
0000939   1.0478E+06 -3.9984E+04 -2.1690E+04
0000940   1.0402E+06 -4.6945E+04  4.5608E+04
0000941   1.0394E+06  4.3629E+04  3.6912E+04
0000942   1.0565E+06 -7.1416E+03  2.7546E+04
0000943   1.0833E+06 -3.5253E+04  3.1262E+04
0000944   1.0417E+06  7.9097E+02  5.0064E+04
0000945   1.0607E+06  7.7709E+03  2.8211E+04
0000946   1.0333E+06 -2.3733E+04  1.3642E+04
0000947   1.0515E+06 -8.0709E+03  7.6040E+04
0000948   1.0375E+06 -1.2219E+04  6.7752E+04
0000949   1.0266E+06 -6.5777E+04  7.5943E+04
0000950   1.0017E+06  4.1062E+04 -1.0693E+04
0000951   1.0282E+06 -1.6486E+04  8.0845E+04
0000952   1.0323E+06 -1.9618E+04  3.7364E+04
0000953   1.0448E+06 -3.1215E+03 -2.1948E+04
0000954   1.0284E+06  2.7299E+04  5.9264E+03
0000955   1.0678E+06  2.2371E+04  1.0483E+04
0000956   1.0665E+06 -3.2999E+04 -1.1419E+04
0000957   9.9836E+05  2.5309E+04  3.3042E+04
0000958   1.0421E+06 -3.0797E+04  1.0300E+04
0000959   1.0339E+06 -7.2102E+04  1.2313E+05
0000960   1.0676E+06 -8.1630E+02 -2.1655E+04
0000961   1.0552E+06 -1.3528E+04 -4.0868E+04
0000962   1.0478E+06  8.0675E+03 -1.0222E+04
0000963   1.0542E+06  2.8445E+03  1.0540E+04
0000964   1.0461E+06 -3.7237E+04 -3.1193E+04
0000965   1.0372E+06  2.5093E+04  8.1027E+03
0000966   1.0461E+06 -1.5040E+03 -2.5241E+04
0000967   1.0287E+06  9.5936E+03 -2.8243E+04
0000968   1.0579E+06 -8.2764E+03  6.6319E+04
0000969   1.0138E+06 -1.7653E+04 -2.3062E+04
0000970   1.0343E+06 -1.1599E+04 -1.2550E+04
0000971   1.0295E+06  7.0823E+04 -1.3335E+05
0000972   1.0679E+06 -4.4170E+04  4.4565E+04
0000973   1.0630E+06  5.7942E+04 -2.2117E+04
0000974   1.0404E+06  4.8553E+03 -3.5910E+03
0000975   1.0321E+06 -2.3568E+04 -7.5894E+03
0000976   1.0504E+06  4.8132E+04  2.6986E+04
0000977   1.0208E+06 -9.6371E+03 -1.9568E+04
0000978   1.0430E+06 -4.0986E+04 -2.9872E+03
0000979   1.0322E+06 -6.0052E+04 -6.3161E+04
0000980   9.9980E+05  7.6014E+04 -2.6670E+04
0000981   1.0453E+06  1.1883E+04 -4.9615E+03
0000982   1.0337E+06 -4.2702E+04  1.3999E+05
0000983   1.0425E+06  2.0605E+04 -1.2886E+04
0000984   1.0502E+06  2.6458E+04  1.7479E+04
0000985   1.0523E+06  3.8276E+04 -2.1895E+04
0000986   1.0347E+06 -1.0339E+04 -8.9052E+02
0000987   1.0302E+06  3.4606E+03 -4.0827E+03
0000988   1.0234E+06  2.9419E+04 -9.0949E+04
0000989   1.0333E+06  1.1709E+03 -3.1256E+04
0000990   1.0576E+06 -3.2971E+04  1.7944E+04
0000991   1.0684E+06  1.0546E+04  8.5353E+03
0000992   1.0191E+06  5.1265E+04  5.5745E+04
0000993   1.0311E+06  5.0335E+04 -2.0582E+04
0000994   1.0050E+06  1.9135E+04 -1.6325E+04
0000995   1.0111E+06  1.9047E+04 -3.2642E+04
0000996   1.0403E+06 -6.7020E+04  1.3797E+04
0000997   1.0407E+06 -2.0689E+04 -2.9299E+04
0000998   1.0057E+06  9.3171E+04 -6.0663E+04
0000999   9.9294E+05 -4.8189E+04  9.3554E+04
0001000   1.0525E+06  3.3525E+04  1.2411E+02
