============================== SRIM-2013.00 ==============================
==============================================================================
====== SRIM Outputs\RANGE_3D.txt : File of Final Ion Positions =====

Ion =  H (01)   Ion Mass= 001.0080
Energy  = 3600000.E-03 keV
Ion Angle to Surface = 00.0 degrees
==================== TARGET =======================
  Layer # 1 - Si_Top    
  Layer # 1 - Bottom Depth=300000.E+01 A
  Layer # 1 - Density =0002.3210 g/cm3
  Layer # 1 -  100 % of Si
икикикикикикикикикикикикикикикикикикикикикикикикикикикикикикикикикикикикикикикикикикикикикикикикикикикик
  Layer # 2 - Si_Bottom 
  Layer # 2 - Bottom Depth=600000.E+01 A
  Layer # 2 - Density =0002.3210 g/cm3
  Layer # 2 -  100 % of Si
икикикикикикикикикикикикикикикикикикикикикикикикикикикикикикикикикикикикикикикикикикикикикикикикикикикик
                                            
Ion       Depth  X   Lateral Y   Lateral Z  
Number    (Angstrom) (Angstrom)  (Angstrom) 
-------  ----------- ----------- -----------
0000001   1.2520E+06 -4.3240E+04 -1.1211E+04
0000002   1.2591E+06  1.9744E+04 -2.5785E+05
0000003   1.2815E+06 -7.5754E+03  1.7613E+04
0000004   1.2495E+06 -1.7530E+04 -1.7234E+04
0000005   1.2389E+06 -7.0589E+03 -1.5004E+04
0000006   1.2685E+06  3.0304E+04 -1.4499E+04
0000007   1.2974E+06 -6.4796E+04  1.3827E+04
0000008   1.2476E+06 -8.6437E+03  3.7554E+03
0000009   1.3131E+06  1.8066E+04  1.2886E+04
0000010   1.2602E+06 -5.8312E+04  5.2483E+03
0000011   1.2679E+06 -2.8029E+03  9.1548E+04
0000012   1.2669E+06  4.5609E+03  9.0657E+03
0000013   1.2504E+06  6.3184E+04  1.5534E+04
0000014   1.2726E+06 -3.3719E+04  5.4605E+04
0000015   1.2515E+06 -2.6117E+04 -3.1777E+04
0000016   1.2714E+06 -2.8299E+03 -2.6733E+04
0000017   1.2575E+06  8.7511E+03  1.1353E+04
0000018   1.2580E+06 -4.9262E+04 -6.4975E+04
0000019   1.2707E+06 -6.5975E+04 -8.7497E+03
0000020   1.2555E+06 -3.4059E+04  1.5594E+04
0000021   1.3010E+06 -3.8880E+04 -4.8192E+04
0000022   1.2616E+06 -2.0345E+04  5.7008E+04
0000023   1.2848E+06  5.0305E+03  1.3211E+04
0000024   1.2315E+06 -1.3852E+05  3.1464E+04
0000025   1.2483E+06 -2.1447E+04  4.4572E+03
0000026   1.2301E+06 -1.5780E+04 -4.4907E+03
0000027   1.2763E+06  2.0775E+04  9.2094E+03
0000028   1.3066E+06 -9.3777E+03  1.0863E+04
0000029   1.2399E+06 -5.6755E+04  4.7454E+04
0000030   1.2367E+06 -1.0231E+05 -2.3706E+04
0000031   1.2370E+06  4.4134E+04  1.1277E+05
0000032   1.2488E+06  4.6391E+04 -6.2064E+04
0000033   1.2626E+06  9.3954E+04 -3.8326E+04
0000034   1.2995E+06  9.2513E+03  2.5439E+04
0000035   1.2289E+06  2.4324E+04  5.7352E+04
0000036   1.2626E+06 -2.0785E+04  1.0427E+05
0000037   1.2446E+06  2.3787E+04 -4.6895E+03
0000038   1.2326E+06 -7.0883E+04  9.2578E+04
0000039   1.2562E+06 -2.0903E+04  5.1502E+04
0000040   1.2619E+06 -7.8852E+04 -6.4800E+04
0000041   1.2737E+06 -1.4868E+04  5.2816E+04
0000042   1.2727E+06  1.7388E+04 -8.1078E+03
0000043   1.2344E+06  1.0023E+05 -1.7516E+04
0000044   1.2363E+06 -6.0733E+03 -3.5025E+04
0000045   1.2563E+06  7.1691E+04  7.7965E+04
0000046   1.2873E+06 -1.6964E+04 -4.1731E+04
0000047   1.2440E+06 -1.3839E+04 -8.5550E+04
0000048   1.2625E+06  7.2703E+04  4.4485E+04
0000049   1.2660E+06 -3.2250E+04  4.3823E+04
0000050   1.2389E+06  1.2615E+05  1.0311E+04
0000051   1.2719E+06 -9.3771E+04  2.4960E+04
0000052   1.2953E+06 -9.5126E+04 -9.6657E+03
0000053   1.2936E+06  5.3845E+04 -3.1034E+04
0000054   1.2527E+06 -9.5177E+03 -6.7908E+04
0000055   1.2735E+06  1.0829E+04  1.0093E+05
0000056   1.2418E+06  9.8546E+04 -1.4475E+04
0000057   1.2529E+06 -6.3536E+04  3.0742E+04
0000058   1.2878E+06  7.3880E+03  1.2823E+04
0000059   1.2616E+06 -1.9677E+04 -1.2041E+05
0000060   1.2849E+06 -1.4478E+04 -1.3668E+04
0000061   1.2685E+06 -4.6890E+04  5.7361E+04
0000062   1.2793E+06  4.6433E+03 -2.1063E+04
0000063   1.2475E+06  5.5036E+04 -2.5462E+04
0000064   1.2653E+06 -2.0277E+04 -7.1660E+03
0000065   1.2732E+06 -7.5935E+03 -2.9294E+04
0000066   1.3026E+06 -4.6738E+04  2.9017E+04
0000067   1.2549E+06  5.9065E+04 -4.1064E+04
0000068   1.2545E+06  2.4538E+04  3.8852E+04
0000069   1.2674E+06  1.0556E+05  1.9601E+04
0000070   1.2466E+06 -3.1295E+04  3.8339E+04
0000071   1.2232E+06  4.7807E+04 -5.3978E+04
0000072   1.2797E+06 -2.3814E+04 -8.1966E+04
0000073   1.2442E+06  4.5269E+04  3.0899E+04
0000074   1.2276E+06  3.8873E+04 -1.6608E+04
0000075   1.2585E+06 -6.4073E+03 -2.4992E+04
0000076   1.2513E+06  1.9012E+04  7.4535E+03
0000077   1.2992E+06 -3.2645E+04 -1.3585E+04
0000078   1.2685E+06 -6.2534E+03  1.3857E+04
0000079   1.2345E+06  3.8437E+04 -6.0547E+02
0000080   1.2695E+06 -1.5417E+04 -6.2640E+04
0000081   1.2221E+06  3.5362E+03 -4.4230E+04
0000082   1.2757E+06  1.3593E+04 -9.7765E+04
0000083   1.2818E+06  1.8213E+04 -1.1948E+04
0000084   1.2741E+06  4.9786E+04 -5.3564E+04
0000085   1.2868E+06 -2.5419E+04 -3.3984E+04
0000086   1.2681E+06 -1.6664E+04  1.7033E+04
0000087   1.2686E+06 -3.5494E+04 -3.2829E+04
0000088   1.2675E+06 -2.3353E+04 -3.4522E+04
0000089   1.2547E+06  6.5792E+04  6.4788E+04
0000090   1.2786E+06  5.1160E+04  2.7343E+04
0000091   1.2530E+06  3.7855E+04 -5.7622E+04
0000092   1.2584E+06 -3.9573E+04 -3.2389E+04
0000093   1.2618E+06 -5.2029E+04  1.6542E+04
0000094   1.2130E+06  2.3539E+04  6.3765E+04
0000095   1.2697E+06  7.3367E+03  7.0643E+04
0000096   1.3094E+06  5.8570E+04  3.3051E+04
0000097   1.2776E+06  1.2516E+04  8.4175E+04
0000098   1.2723E+06 -5.6007E+04  2.0275E+04
0000099   1.2818E+06  8.0825E+04  5.3593E+04
0000100   1.2433E+06 -5.8390E+04  4.4796E+04
0000101   1.2802E+06  9.0820E+03  1.7215E+04
0000102   1.2636E+06  1.0127E+04  1.6395E+04
0000103   1.2492E+06  3.1122E+03  3.1214E+04
0000104   1.2309E+06 -5.8086E+04  1.7073E+04
0000105   1.2631E+06 -6.8973E+04 -3.6529E+04
0000106   1.2791E+06 -3.1337E+03  2.3702E+03
0000107   1.2741E+06  2.2431E+04 -8.1110E+04
0000108   1.2611E+06  5.0804E+04 -1.4770E+04
0000109   1.2602E+06  1.1714E+04  1.2924E+05
0000110   1.3118E+06 -3.6622E+04  2.4883E+03
0000111   1.2540E+06 -2.9656E+04  5.3735E+04
0000112   1.3173E+06  1.0359E+04  1.4150E+04
0000113   1.2569E+06  2.4369E+04 -7.6635E+04
0000114   1.2689E+06 -5.8408E+03  1.9741E+04
0000115   1.2256E+06  9.5543E+03  1.7794E+04
0000116   1.2649E+06  9.6831E+03  3.4063E+04
0000117   1.2758E+06  3.2281E+04 -1.5220E+04
0000118   1.2266E+06  6.7308E+04  6.3841E+04
0000119   1.2768E+06  5.2202E+04 -2.6926E+04
0000120   1.2883E+06  1.7712E+04  2.8930E+03
0000121   1.2698E+06  2.5465E+04 -1.5778E+04
0000122   1.2350E+06  2.2680E+04 -3.2225E+04
0000123   1.2478E+06  1.6079E+04  2.3688E+04
0000124   1.2515E+06 -6.2395E+03 -5.8609E+02
0000125   1.2843E+06  4.7607E+04  5.3529E+04
0000126   1.2990E+06 -1.0154E+03 -1.1595E+05
0000127   1.2950E+06  4.5519E+04  3.1157E+04
0000128   1.2478E+06 -2.3532E+04  2.3981E+04
0000129   1.2735E+06  2.7837E+04 -3.5184E+04
0000130   1.2488E+06 -9.8716E+04  2.8392E+04
0000131   1.2628E+06 -2.5629E+04  2.1247E+04
0000132   1.2342E+06 -7.8573E+04  5.3272E+03
0000133   1.2836E+06  2.1597E+04  1.1175E+04
0000134   1.2627E+06 -5.6140E+04 -5.3130E+03
0000135   1.3033E+06 -1.1419E+04 -4.4863E+04
0000136   1.2588E+06  9.1726E+04 -8.0075E+03
0000137   1.2545E+06  6.9707E+03 -1.8923E+04
0000138   1.2586E+06  3.4626E+04  7.6740E+04
0000139   1.2882E+06 -9.7523E+03  7.8862E+03
0000140   1.2655E+06 -1.1177E+04  1.3821E+04
0000141   1.3027E+06  7.0324E+04  4.8771E+04
0000142   1.2562E+06 -5.2889E+03 -2.8014E+04
0000143   1.2517E+06  8.0847E+03 -2.6407E+04
0000144   1.2557E+06  1.2767E+04 -3.6470E+04
0000145   1.2340E+06  7.6464E+04 -4.7848E+04
0000146   1.2488E+06  3.7533E+04  2.9669E+04
0000147   1.2658E+06 -6.3408E+03  8.9275E+03
0000148   1.3038E+06  1.3881E+04  3.3173E+04
0000149   1.2385E+06 -3.2072E+03 -5.9617E+04
0000150   1.2429E+06  2.4338E+04  5.3891E+03
0000151   1.2937E+06  6.4925E+04  6.6954E+04
0000152   1.2436E+06 -7.4797E+04 -4.7105E+03
0000153   1.2424E+06 -1.2506E+04  2.7544E+04
0000154   1.2600E+06 -3.5465E+04  3.9021E+04
0000155   1.2952E+06 -3.5881E+04  6.3922E+04
0000156   1.2822E+06  5.2604E+04 -5.0968E+04
0000157   1.2596E+06 -1.7883E+04 -4.9865E+04
0000158   1.2725E+06 -1.9928E+05  3.0827E+03
0000159   1.2587E+06  3.0894E+04 -4.7316E+04
0000160   1.2375E+06 -1.0989E+04 -3.2632E+04
0000161   1.3118E+06 -1.4938E+04 -3.9278E+04
0000162   1.2604E+06 -4.9459E+02 -3.1078E+04
0000163   1.2691E+06 -1.2119E+05  1.8866E+04
0000164   1.2649E+06 -1.9705E+04  1.8449E+04
0000165   1.2607E+06 -6.0519E+04  2.1519E+04
0000166   1.2465E+06 -6.9233E+04 -9.5390E+04
0000167   1.2960E+06  4.5269E+04  9.0127E+03
0000168   1.2677E+06 -3.3727E+04  3.2499E+04
0000169   1.2684E+06  6.1165E+04 -2.6800E+04
0000170   1.2443E+06 -3.6273E+04 -1.0020E+05
0000171   1.2578E+06 -1.1895E+04  5.8941E+03
0000172   1.2966E+06 -2.1414E+04  9.8148E+02
0000173   1.2430E+06  5.2875E+04 -1.2710E+05
0000174   1.2742E+06 -4.3106E+04 -4.9723E+03
0000175   1.2883E+06 -5.1284E+04  6.9919E+03
0000176   1.2733E+06  4.8406E+03 -1.2112E+04
0000177   1.2790E+06  3.3787E+04  3.9218E+04
0000178   1.2956E+06 -5.7323E+03  3.7250E+04
0000179   1.2584E+06  1.2144E+04  3.1672E+04
0000180   1.2748E+06  7.1182E+04  3.9274E+04
0000181   1.2437E+06 -6.5018E+03  4.7492E+04
0000182   1.2551E+06  1.8867E+04  3.7785E+04
0000183   1.2369E+06 -1.0218E+04 -1.2696E+04
0000184   1.2612E+06  3.3481E+03 -1.2841E+04
0000185   1.2547E+06 -3.2848E+04  1.9454E+04
0000186   1.2825E+06  7.1045E+04  9.0817E+03
0000187   1.2667E+06  8.3068E+04 -3.6807E+04
0000188   1.2560E+06  2.3044E+04  9.5741E+04
0000189   1.2697E+06 -6.5750E+04 -3.2282E+04
0000190   1.2285E+06  4.6022E+04 -4.5041E+04
0000191   1.2544E+06  1.0374E+04 -7.9824E+04
0000192   1.2448E+06  1.0511E+05  1.2929E+05
0000193   1.2719E+06  2.6229E+04 -1.7469E+04
0000194   1.2208E+06 -1.3524E+05  4.7961E+04
0000195   1.2626E+06  1.6241E+04  1.9923E+04
0000196   1.2960E+06  3.8716E+04 -1.8643E+03
0000197   1.2179E+06  4.2517E+04  3.6357E+04
0000198   1.2510E+06  1.1316E+04 -1.0181E+04
0000199   1.2767E+06 -7.6198E+04 -3.8064E+03
0000200   1.2692E+06 -7.7246E+04 -2.2935E+04
0000201   1.2698E+06 -2.5722E+04  1.6188E+04
0000202   1.2677E+06 -2.0930E+04  2.7449E+04
0000203   1.2425E+06 -1.7653E+04 -2.0407E+04
0000204   1.2501E+06  3.7205E+04 -1.0662E+05
0000205   1.2723E+06 -1.7074E+04 -5.6829E+04
0000206   1.2501E+06  5.7822E+04  2.4106E+04
0000207   1.2210E+06  8.7919E+04 -4.5478E+04
0000208   1.2932E+06  2.8147E+04 -5.2433E+04
0000209   1.2530E+06 -2.7570E+04  3.0073E+03
0000210   1.2539E+06 -2.5867E+04 -4.5452E+04
0000211   1.2519E+06 -5.2016E+04 -8.9530E+04
0000212   1.2872E+06 -1.3476E+04 -1.4524E+04
0000213   1.2841E+06  1.3202E+04  6.1905E+04
0000214   1.2792E+06 -1.0518E+04  4.9734E+04
0000215   1.2760E+06 -3.2220E+03 -4.4715E+03
0000216   1.2501E+06  1.1404E+04  3.8435E+04
0000217   1.2242E+06  3.4377E+04 -1.5554E+05
0000218   1.2901E+06  5.0562E+03  3.7735E+04
0000219   1.2679E+06  3.6485E+04 -1.3566E+03
0000220   1.2499E+06  3.0265E+04 -3.3135E+04
0000221   1.2918E+06  2.8552E+04  1.4918E+04
0000222   1.2480E+06  1.0330E+04  4.7617E+02
0000223   1.2801E+06 -1.3317E+05  2.7223E+04
0000224   1.2608E+06 -1.9018E+04 -6.9712E+03
0000225   1.2774E+06 -3.9098E+04  5.4558E+04
0000226   1.2700E+06  1.0494E+05 -1.9953E+04
0000227   1.2112E+06 -4.8867E+04 -2.9123E+04
0000228   1.2724E+06 -7.2979E+04 -9.4127E+04
0000229   1.2494E+06 -2.9311E+04  5.6807E+04
0000230   1.2490E+06  3.0657E+04 -1.7829E+04
0000231   1.2583E+06 -7.7900E+04 -1.4291E+04
0000232   1.2051E+06 -6.5205E+04 -2.7834E+05
0000233   1.2907E+06  2.3866E+04  3.8706E+04
0000234   1.2812E+06 -1.0986E+04  5.5115E+03
0000235   1.2254E+06  1.2777E+05 -5.6780E+04
0000236   1.2690E+06 -1.4465E+04  9.9029E+03
0000237   1.3058E+06 -1.3483E+04 -5.2474E+04
0000238   1.2539E+06  4.0909E+04  2.1444E+04
0000239   1.2642E+06 -9.2187E+04 -6.0262E+04
0000240   1.2700E+06 -3.5837E+04 -3.1605E+04
0000241   1.2834E+06 -8.7680E+03  5.8487E+04
0000242   1.2742E+06  3.6481E+04 -3.2504E+04
0000243   1.2498E+06 -6.4448E+04 -4.1414E+04
0000244   1.2760E+06 -1.5928E+04 -1.6049E+04
0000245   1.2530E+06 -2.4102E+03 -2.0221E+04
0000246   1.2516E+06  1.6361E+04  1.3467E+05
0000247   1.2502E+06 -1.2436E+04  5.1845E+04
0000248   1.2110E+06  7.5032E+04 -2.7530E+04
0000249   1.2176E+06  9.1818E+04 -1.8967E+04
0000250   1.2578E+06  5.4692E+04 -3.0833E+04
0000251   1.2981E+06 -5.1337E+03 -2.1936E+04
0000252   1.2511E+06  3.1206E+04  5.2705E+04
0000253   1.2561E+06 -1.0964E+05  5.4034E+04
0000254   1.2325E+06  2.8480E+04  9.0792E+04
0000255   1.2355E+06  7.2054E+04  6.4348E+04
0000256   1.2428E+06 -2.4522E+03 -2.5149E+04
0000257   1.2464E+06 -1.6045E+04  3.9145E+04
0000258   1.2771E+06 -1.4778E+04 -2.5362E+04
0000259   1.2148E+06  4.9684E+04 -3.2374E+04
0000260   1.2533E+06  2.7881E+02 -6.8289E+04
0000261   1.2651E+06 -2.1419E+04 -2.7892E+04
0000262   1.2755E+06  8.1403E+04 -4.4516E+04
0000263   1.2743E+06 -5.2057E+04 -4.6117E+04
0000264   1.2452E+06  1.8601E+04  1.7863E+04
0000265   1.2530E+06 -3.8767E+04 -1.4594E+04
0000266   1.2209E+06 -8.6010E+04  7.5999E+04
0000267   1.2818E+06 -5.8266E+03  2.2475E+04
0000268   1.2746E+06 -1.9731E+04  4.3853E+04
0000269   1.2714E+06 -7.6035E+03 -1.1429E+04
0000270   1.2496E+06 -3.1259E+03 -2.5759E+04
0000271   1.2520E+06  1.3329E+04  1.9365E+04
0000272   1.2519E+06  3.9764E+03  2.5414E+04
0000273   1.2659E+06  1.4632E+04 -7.7115E+04
0000274   1.2483E+06  2.4079E+04 -7.3996E+03
0000275   1.2546E+06  3.1122E+04  1.1059E+04
0000276   1.2466E+06 -1.3635E+04 -6.3376E+03
0000277   1.2374E+06 -1.7264E+04 -8.7147E+04
0000278   1.2842E+06 -2.3278E+04  3.6534E+03
0000279   1.2548E+06 -5.9619E+03  2.6271E+04
0000280   1.2913E+06 -4.9208E+04  3.5900E+04
0000281   1.2696E+06  4.6935E+04 -4.7484E+04
0000282   1.2627E+06  1.1385E+03  1.1195E+05
0000283   1.2783E+06  7.5823E+04  1.1222E+04
0000284   1.2836E+06  1.7733E+04 -4.0329E+04
0000285   1.2782E+06  1.0576E+05 -3.2280E+04
0000286   1.2869E+06 -1.9847E+04 -5.6144E+03
0000287   1.2686E+06  3.5439E+04 -5.2870E+04
0000288   1.2530E+06  1.2940E+04 -9.1272E+03
0000289   1.2531E+06 -1.0143E+04  8.1413E+04
0000290   1.2775E+06 -5.3463E+04  2.4397E+04
0000291   1.2573E+06 -2.9180E+04  1.3881E+03
0000292   1.2660E+06 -1.4047E+04  1.2794E+05
0000293   1.2888E+06 -5.8092E+04 -9.0229E+03
0000294   1.2936E+06 -1.2488E+04  2.1368E+03
0000295   1.2755E+06  5.1648E+03  9.6168E+03
0000296   1.2497E+06 -9.5733E+03 -5.2787E+04
0000297   1.2897E+06  5.8298E+04  1.3963E+04
0000298   1.2387E+06 -2.1430E+04 -2.2152E+03
0000299   1.2489E+06 -8.2052E+04  4.6364E+04
0000300   1.2984E+06 -3.0541E+04 -3.1675E+04
0000301   1.2815E+06  7.4738E+04 -2.7035E+04
0000302   1.2556E+06  1.1861E+04 -8.0291E+03
0000303   1.2349E+06 -1.6629E+04  9.9011E+03
0000304   1.2374E+06  1.6356E+04 -1.9989E+04
0000305   1.2599E+06 -6.1054E+04 -8.5188E+04
0000306   1.2970E+06  4.4616E+04  2.0454E+04
0000307   1.2798E+06 -3.9493E+04  2.4756E+04
0000308   1.2646E+06  2.7745E+04  4.6628E+04
0000309   1.2530E+06 -1.7984E+03  1.0705E+04
0000310   1.2744E+06  1.7191E+04 -2.7080E+04
0000311   1.2865E+06  6.0729E+04  1.1940E+04
0000312   1.2582E+06 -5.7131E+04  2.5279E+04
0000313   1.2246E+06 -1.4182E+05  7.9825E+04
0000314   1.2460E+06 -8.3735E+03 -1.0650E+04
0000315   1.2830E+06 -4.2322E+04 -3.7414E+03
0000316   1.2555E+06  1.7949E+04 -1.5938E+04
0000317   1.2666E+06  1.7144E+04  1.2994E+04
0000318   1.2910E+06 -3.9895E+03 -9.6422E+03
0000319   1.2693E+06  3.6709E+03 -7.0708E+04
0000320   1.2984E+06  6.4463E+04 -3.8495E+04
0000321   1.2772E+06 -4.5882E+03 -4.9132E+04
0000322   1.2562E+06 -2.2373E+04  1.9142E+04
0000323   1.2573E+06 -2.4360E+04 -4.0496E+03
0000324   1.2962E+06 -2.6535E+03  7.0630E+02
0000325   1.2605E+06 -4.6810E+04  6.9679E+04
0000326   1.2921E+06  1.6664E+03 -2.6759E+04
0000327   1.2779E+06  3.6460E+04  2.1178E+04
0000328   1.2257E+06  5.1510E+04 -3.0151E+04
0000329   1.2743E+06  3.3612E+04  2.0273E+04
0000330   1.2255E+06 -2.2703E+04  5.2379E+04
0000331   1.2873E+06 -7.2489E+03 -5.9191E+03
0000332   1.2443E+06  2.1960E+04  4.9435E+04
0000333   1.2486E+06 -3.5185E+03 -1.8062E+04
0000334   1.2472E+06  2.8903E+04  1.8574E+04
0000335   1.2734E+06  2.8635E+04 -3.3678E+04
0000336   1.2445E+06 -1.9440E+04  6.3507E+04
0000337   1.2844E+06 -4.9006E+04 -1.8917E+04
0000338   1.2555E+06  2.5951E+03  6.7062E+02
0000339   1.3018E+06  2.3614E+04  5.9093E+03
0000340   1.2648E+06 -3.5140E+04  2.6238E+04
0000341   1.2450E+06  6.5570E+04 -6.7463E+04
0000342   1.3074E+06 -1.5278E+04 -5.7415E+02
0000343   1.2388E+06  3.2740E+04  7.7799E+04
0000344   1.2483E+06  6.3832E+03  4.6938E+04
0000345   1.2519E+06  4.8101E+04  3.2435E+04
0000346   1.2267E+06 -8.8055E+04 -1.2019E+05
0000347   1.2666E+06 -2.7242E+04  1.3775E+05
0000348   1.2988E+06  2.7128E+04 -1.2616E+04
0000349   1.2547E+06 -3.6544E+04  2.9520E+04
0000350   1.2739E+06 -7.1380E+03  2.2122E+03
0000351   1.3031E+06  2.3646E+03 -3.0006E+03
0000352   1.2644E+06 -1.0544E+04 -2.3037E+04
0000353   1.2420E+06  1.6019E+04  2.3872E+04
0000354   1.2503E+06 -3.9488E+04  5.7310E+04
0000355   1.2594E+06  4.0271E+04 -1.5830E+04
0000356   1.2653E+06  2.1795E+04  4.2596E+04
0000357   1.2621E+06 -2.7566E+04 -2.5960E+04
0000358   1.2286E+06  5.9125E+04 -1.0518E+04
0000359   1.2372E+06 -2.3978E+04 -6.2639E+04
0000360   1.2846E+06  4.4050E+04 -5.1429E+04
0000361   1.2390E+06 -4.0454E+04  7.8746E+02
0000362   1.2747E+06 -7.5175E+03  4.0631E+04
0000363   1.2335E+06  1.6646E+04  1.3246E+04
0000364   1.2518E+06 -4.6833E+04 -2.5083E+03
0000365   1.2604E+06 -2.4695E+04 -4.5736E+03
0000366   1.2327E+06  2.3193E+04  1.4918E+04
0000367   1.2957E+06 -8.3488E+03 -1.5150E+04
0000368   1.2777E+06  1.5882E+04 -9.8710E+02
0000369   1.2783E+06 -2.7846E+04  8.5053E+03
0000370   1.2571E+06  2.1771E+04 -1.9752E+03
0000371   1.2804E+06 -4.4055E+04 -2.9467E+03
0000372   1.2588E+06 -9.0802E+03 -5.1050E+04
0000373   1.2686E+06 -7.6764E+03 -1.5845E+04
0000374   1.2335E+06  7.1871E+03 -4.1661E+04
0000375   1.2582E+06  2.2612E+04 -1.6399E+04
0000376   1.2422E+06  8.2247E+04  1.2011E+04
0000377   1.2525E+06  2.4110E+04  2.5250E+03
0000378   1.2574E+06  5.9982E+04  5.5535E+04
0000379   1.2700E+06 -1.5569E+04  8.4491E+04
0000380   1.2489E+06  4.3829E+04  2.4948E+04
0000381   1.2333E+06  2.8567E+04  8.4628E+03
0000382   1.2560E+06 -8.1361E+03 -1.1558E+04
0000383   1.2551E+06  2.0099E+04 -2.0926E+04
0000384   1.2679E+06  1.3040E+05  4.3142E+04
0000385   1.2501E+06 -8.3807E+03  1.4417E+04
0000386   1.2589E+06  6.8553E+04  6.1672E+04
0000387   1.3213E+06  1.5680E+04 -2.7501E+03
0000388   1.2643E+06 -2.8132E+03 -2.6829E+04
0000389   1.2683E+06  2.9323E+04  1.6890E+04
0000390   1.2752E+06 -3.7249E+04 -6.6292E+04
0000391   1.2254E+06  6.3865E+04 -1.4094E+04
0000392   1.2641E+06  1.9542E+04 -1.1210E+04
0000393   1.2355E+06  9.5959E+04 -4.1760E+04
0000394   1.2443E+06  1.3206E+04 -6.7866E+04
0000395   1.2757E+06 -9.9715E+04  5.4011E+04
0000396   1.2469E+06 -7.2394E+04  1.3774E+04
0000397   1.2491E+06 -6.1807E+04 -5.9287E+03
0000398   1.2647E+06 -1.1740E+04  2.1357E+03
0000399   1.2538E+06  3.7476E+03  4.1377E+03
0000400   1.2427E+06 -7.4075E+04  3.4838E+04
0000401   1.2427E+06 -2.9058E+04  4.7886E+04
0000402   1.2768E+06 -3.6620E+03 -1.5576E+04
0000403   1.2739E+06  5.8994E+03 -3.9671E+04
0000404   1.2419E+06 -8.2633E+03 -7.1803E+04
0000405   1.2589E+06 -2.6987E+04 -4.3483E+04
0000406   1.2586E+06 -1.6128E+04  3.5823E+03
0000407   1.2660E+06 -2.1552E+04  3.7389E+03
0000408   1.2875E+06 -2.4079E+04 -3.9588E+03
0000409   1.2723E+06  2.7300E+04 -8.1398E+03
0000410   1.2294E+06  4.9461E+04 -6.3871E+04
0000411   1.2756E+06 -1.2042E+04 -1.3217E+04
0000412   1.2461E+06  1.3467E+04  3.2473E+04
0000413   1.2585E+06  5.1573E+03  3.8606E+04
0000414   1.2466E+06 -6.6026E+04 -1.5418E+04
0000415   1.2613E+06  4.5305E+03 -3.6669E+04
0000416   1.0978E+06  2.6741E+05  3.2491E+05
0000417   1.2328E+06 -7.2372E+03  1.5463E+04
0000418   1.2583E+06  3.5969E+04 -5.1738E+04
0000419   1.2656E+06 -6.8752E+04 -7.0988E+03
0000420   1.2316E+06  2.4972E+04 -1.7722E+04
0000421   1.2966E+06  2.4265E+04  1.3984E+04
0000422   1.2663E+06  1.1505E+04  1.8826E+04
0000423   1.2373E+06  9.5321E+04  1.7182E+04
0000424   1.2141E+06 -3.9789E+04 -4.3173E+04
0000425   1.2623E+06 -4.5927E+03 -1.5198E+04
0000426   1.2470E+06 -1.6508E+04  3.5599E+04
0000427   1.2557E+06 -3.5293E+04  9.4757E+03
0000428   1.2537E+06  7.1999E+03 -1.1687E+04
0000429   1.2430E+06  3.2845E+04  6.7392E+03
0000430   1.2526E+06 -4.7603E+04 -1.0989E+04
0000431   1.2621E+06 -6.0568E+04 -8.7090E+03
0000432   1.2394E+06  3.2842E+02 -4.5276E+04
0000433   1.2816E+06  1.4356E+04 -1.0650E+05
0000434   1.2395E+06  4.2359E+04  8.7643E+04
0000435   1.2488E+06 -1.0174E+04  2.0842E+04
0000436   1.2641E+06 -1.9361E+04 -3.7329E+04
0000437   1.2536E+06 -2.4797E+04  2.6756E+02
0000438   1.3017E+06  6.8578E+03  1.2975E+04
0000439   1.2561E+06 -3.6432E+04  6.6121E+04
0000440   1.2617E+06  5.2333E+04 -7.4072E+03
0000441   1.2548E+06  2.1582E+04  2.1482E+04
0000442   1.2604E+06 -1.4183E+04 -8.2098E+04
0000443   1.2444E+06  2.4420E+04  5.8563E+04
0000444   1.2610E+06  5.7512E+04  6.2036E+03
0000445   1.2589E+06  9.8612E+01  1.4526E+02
0000446   1.2302E+06  5.4890E+04  1.9787E+03
0000447   1.2502E+06 -1.1522E+04  2.1812E+02
0000448   1.2493E+06  6.9781E+03  5.0580E+04
0000449   1.2706E+06  7.7556E+04  7.4948E+03
0000450   1.2579E+06 -1.0713E+04 -6.4164E+03
0000451   1.2593E+06 -1.8911E+04 -9.1456E+04
0000452   1.2280E+06  4.3286E+04 -1.0709E+05
0000453   1.2743E+06  2.3769E+04  5.2215E+03
0000454   1.2531E+06 -4.1281E+04  4.4958E+04
0000455   1.2801E+06 -5.6502E+04  1.2693E+04
0000456   1.2840E+06  3.7773E+04 -1.4662E+04
0000457   1.2177E+06  9.2490E+03  5.3368E+04
0000458   1.2409E+06  6.0000E+04 -2.6263E+03
0000459   1.2725E+06 -1.6486E+04  2.4058E+04
0000460   1.2614E+06 -2.1060E+04 -1.9112E+03
0000461   1.2328E+06 -5.9427E+04  3.6902E+04
0000462   1.2725E+06 -6.8221E+04  1.7400E+04
0000463   1.2582E+06 -2.1397E+04 -5.0897E+03
0000464   1.2732E+06  1.5402E+04 -3.2889E+04
0000465   1.3102E+06  1.1118E+05 -5.4232E+04
0000466   1.2556E+06  2.2835E+03 -1.6875E+04
0000467   1.2898E+06  2.6508E+04 -2.8164E+03
0000468   1.2565E+06 -3.2029E+04  4.7209E+04
0000469   1.2516E+06 -6.6741E+04  6.6993E+04
0000470   1.2301E+06  1.8754E+04 -1.9264E+04
0000471   1.2725E+06  4.6277E+04 -3.7897E+04
0000472   1.2335E+06 -1.1264E+05 -4.9192E+04
0000473   1.2817E+06  5.1778E+04 -6.4371E+03
0000474   1.2544E+06 -1.2075E+04 -1.9153E+04
0000475   1.2277E+06 -1.8315E+05 -5.3316E+04
0000476   1.3004E+06 -2.3781E+04  5.5267E+04
0000477   1.2326E+06  2.0461E+04  3.2442E+04
0000478   1.2543E+06  3.8745E+04 -1.0601E+04
0000479   1.2425E+06  4.7227E+04 -2.3238E+04
0000480   1.2587E+06 -2.7911E+04 -3.8580E+04
0000481   1.1973E+06  3.4109E+05  7.7408E+04
0000482   1.2140E+06  1.1321E+05  1.2987E+05
0000483   1.2706E+06 -7.5355E+04 -3.1199E+03
0000484   1.2602E+06 -2.8851E+03 -1.7569E+04
0000485   1.2294E+06  1.7017E+04 -2.3842E+04
0000486   1.2624E+06 -5.6131E+03 -1.6004E+04
0000487   1.2473E+06  4.5529E+03  2.9680E+04
0000488   1.2807E+06 -1.8176E+04  4.6416E+04
0000489   1.2659E+06 -2.1518E+04 -3.4571E+04
0000490   1.2737E+06 -7.7922E+04 -8.0339E+04
0000491   1.2452E+06 -4.5457E+03 -3.2378E+04
0000492   1.2447E+06  3.6283E+04 -1.3671E+04
0000493   1.2379E+06  4.0580E+04 -5.4764E+04
0000494   1.2877E+06 -7.5030E+04  1.7326E+04
0000495   1.1350E+06 -7.3182E+04 -4.0715E+05
0000496   1.2774E+06  9.4895E+04  8.2517E+03
0000497   1.2761E+06  1.3140E+04 -3.2578E+04
0000498   1.2832E+06 -3.0918E+04  2.3781E+03
0000499   1.2384E+06 -5.3152E+04  3.2824E+04
0000500   1.2453E+06 -1.1430E+05 -1.2824E+05
0000501   1.2554E+06 -2.6097E+04 -9.9984E+04
0000502   1.2677E+06 -8.8864E+03 -4.4561E+04
0000503   1.2277E+06  3.6247E+04  5.4428E+04
0000504   1.2854E+06  2.2195E+04  9.2513E+03
0000505   1.2839E+06 -4.9070E+04  7.3000E+03
0000506   1.2883E+06 -2.0376E+04  1.9526E+04
0000507   1.2567E+06 -6.2442E+04 -8.7604E+04
0000508   1.2106E+06 -1.9261E+05  2.8285E+04
0000509   1.2157E+06  8.8933E+04  5.7273E+04
0000510   1.2749E+06  4.6562E+03  1.6560E+03
0000511   1.2827E+06 -1.6049E+04  2.3660E+03
0000512   1.2581E+06  2.3694E+04 -2.4842E+04
0000513   1.3159E+06 -4.5928E+04 -3.7362E+04
0000514   1.2620E+06  2.8069E+04 -3.7261E+04
0000515   1.2629E+06 -2.9131E+04 -1.7177E+04
0000516   1.2905E+06 -2.6461E+04 -1.1049E+04
0000517   1.2447E+06  1.4046E+04 -7.2378E+02
0000518   1.2313E+06  4.6096E+04 -1.9336E+04
0000519   1.2608E+06  9.3224E+02 -6.3241E+04
0000520   1.2443E+06 -1.4256E+04  1.6740E+04
0000521   1.2274E+06  4.3640E+04 -1.5032E+04
0000522   1.2481E+06  1.2996E+04 -9.3033E+03
0000523   1.2415E+06  1.0383E+05  5.9940E+04
0000524   1.2892E+06 -3.2977E+04  9.1789E+03
0000525   1.2348E+06 -3.6262E+04 -3.7147E+03
0000526   1.2579E+06  3.6061E+04 -2.6347E+04
0000527   1.2562E+06  4.5614E+04 -9.2440E+04
0000528   1.2613E+06  3.2514E+04 -8.4102E+04
0000529   1.2563E+06 -6.7969E+04 -7.5585E+04
0000530   1.2320E+06 -1.1345E+04 -5.1636E+04
0000531   1.2796E+06 -3.4477E+04 -9.2640E+03
0000532   1.2664E+06  2.5599E+04 -7.1501E+03
0000533   1.2768E+06 -5.5846E+04 -5.4385E+04
0000534   1.2823E+06 -5.1088E+01  6.4279E+04
0000535   1.2623E+06 -3.1452E+04 -3.4543E+04
0000536   1.2701E+06 -1.4662E+04 -1.7016E+04
0000537   1.2625E+06 -7.7043E+03  5.8371E+04
0000538   1.2661E+06  5.2618E+03  9.6203E+03
0000539   1.2960E+06  1.4323E+04  2.3770E+04
0000540   1.2581E+06  6.6226E+04  2.3978E+04
0000541   1.2265E+06  2.1953E+04 -1.4776E+04
0000542   1.2434E+06 -1.9167E+04  3.7334E+04
0000543   1.2545E+06  3.0393E+04 -4.2846E+04
0000544   1.3016E+06  2.5298E+04  4.1469E+04
0000545   1.2660E+06  8.5832E+03 -3.4235E+04
0000546   1.3008E+06 -2.2811E+04  2.7509E+03
0000547   1.2472E+06  7.0592E+03 -7.5656E+04
0000548   1.2906E+06  4.6198E+04 -9.2598E+03
0000549   1.2534E+06  2.7048E+03 -8.9617E+03
0000550   1.2552E+06 -4.0415E+04  2.5340E+04
0000551   1.2122E+06  8.1432E+04 -1.2675E+05
0000552   1.2283E+06 -4.3764E+04 -3.5425E+04
0000553   1.2336E+06  9.1810E+04 -2.0848E+04
0000554   1.2435E+06  2.7970E+04 -3.7601E+04
0000555   1.2382E+06 -3.1985E+04  5.9781E+03
0000556   1.2875E+06  1.0459E+04  1.8099E+04
0000557   1.2431E+06  2.0785E+04 -3.6767E+04
0000558   1.2691E+06 -2.8757E+04 -2.5931E+04
0000559   1.2807E+06  4.6541E+04 -3.2352E+04
0000560   1.2879E+06  1.4278E+04  7.9954E+03
0000561   1.2875E+06 -3.7851E+04 -2.4308E+04
0000562   1.2336E+06  6.0817E+03 -6.0931E+04
0000563   1.2925E+06 -2.5296E+04 -1.2883E+04
0000564   1.2587E+06  2.3624E+04 -5.6251E+04
0000565   1.2597E+06 -1.6327E+03  2.7418E+04
0000566   1.2401E+06  7.2468E+04  1.0706E+04
0000567   1.2879E+06 -2.4894E+04  8.1663E+03
0000568   1.2464E+06  1.6219E+04  1.3922E+04
0000569   1.2641E+06  2.4745E+04 -5.3043E+04
0000570   1.2200E+06  6.5800E+04  4.5391E+03
0000571   1.2876E+06  4.1084E+04 -1.2552E+04
0000572   1.3059E+06 -1.9167E+04  2.8116E+04
0000573   1.2674E+06  2.5226E+04 -3.3504E+03
0000574   1.2817E+06 -2.6983E+04  5.2165E+04
0000575   1.2679E+06  7.2348E+03  1.8463E+04
0000576   1.2524E+06 -6.0541E+04 -2.8678E+04
0000577   1.2453E+06  5.5850E+04 -6.2075E+04
0000578   1.2197E+06 -6.8365E+04  1.0035E+05
0000579   1.2486E+06  1.8621E+03  1.0530E+04
0000580   1.2580E+06  5.3306E+04 -5.0810E+04
0000581   1.2822E+06  3.4607E+04 -2.4034E+03
0000582   1.3089E+06 -6.9575E+03  1.9786E+04
0000583   1.2546E+06  1.7535E+04 -6.0020E+04
0000584   1.2668E+06 -7.1942E+04  3.3132E+04
0000585   1.2837E+06  2.5879E+04 -5.9447E+04
0000586   1.2726E+06 -3.4954E+04  3.0751E+03
0000587   1.3039E+06  2.0026E+04  2.3208E+04
0000588   1.2657E+06  7.3024E+04 -3.6955E+04
0000589   1.2865E+06 -2.0832E+04 -1.4165E+04
0000590   1.2453E+06  3.5572E+03 -2.8371E+03
0000591   1.2626E+06  2.9069E+04 -4.7631E+04
0000592   1.2481E+06 -2.0706E+04  4.0721E+04
0000593   1.2568E+06  1.9381E+04  6.0024E+04
0000594   1.2563E+06 -4.1549E+04  7.3820E+03
0000595   1.2880E+06  1.7497E+04  4.7307E+04
0000596   1.2981E+06  2.7698E+03 -9.7947E+04
0000597   1.2421E+06  1.8385E+04  2.0768E+04
0000598   1.2283E+06  2.1888E+04  2.2364E+04
0000599   1.2796E+06 -3.2741E+04  2.0823E+04
0000600   1.2447E+06 -1.7611E+04 -8.5394E+03
0000601   1.2977E+06  7.4848E+03  1.2028E+03
0000602   1.2803E+06  2.4240E+04  6.6963E+04
0000603   1.2725E+06 -1.6013E+03  7.7644E+04
0000604   1.2789E+06  3.6934E+04 -5.2552E+04
0000605   1.2866E+06 -4.9805E+04  6.5782E+04
0000606   1.2593E+06 -3.8409E+04  4.3348E+03
0000607   1.2537E+06 -4.1575E+04  2.8995E+04
0000608   1.2710E+06 -6.8837E+04 -1.5956E+05
0000609   1.2653E+06 -2.0310E+04  1.0630E+04
0000610   1.2787E+06 -2.7365E+04  5.7419E+04
0000611   1.2477E+06  2.6341E+03  1.2186E+03
0000612   1.2751E+06 -3.9097E+04  3.3313E+04
0000613   1.2422E+06 -2.2303E+04  3.2255E+04
0000614   1.2688E+06  3.4197E+04 -3.7734E+04
0000615   1.2926E+06  5.0688E+04 -2.4771E+04
0000616   1.2016E+06  9.1614E+04 -4.5373E+04
0000617   1.2575E+06  1.5577E+04  3.2706E+04
0000618   1.2649E+06 -1.0253E+05 -5.8006E+04
0000619   1.2147E+06 -2.5226E+04  3.3298E+03
0000620   1.2915E+06 -9.0513E+04 -2.7036E+04
0000621   1.2855E+06  5.0084E+03 -5.1046E+04
0000622   1.2394E+06  1.1128E+04  4.6740E+03
0000623   1.2562E+06  1.2224E+04  9.8835E+03
0000624   1.2965E+06 -5.7879E+04 -3.2966E+04
0000625   1.2294E+06  7.6263E+04 -2.6447E+02
0000626   1.2442E+06  7.3199E+03 -4.5916E+04
0000627   1.2603E+06 -8.3571E+03  6.6890E+03
0000628   1.2779E+06  4.6773E+04 -7.6225E+04
0000629   1.2865E+06  1.2842E+04  1.9490E+04
0000630   1.2639E+06 -3.8720E+04 -3.9702E+04
0000631   1.3012E+06  1.8336E+04 -7.1787E+03
0000632   1.2593E+06  8.8710E+04  1.3478E+05
0000633   1.2713E+06  5.2207E+04  1.4095E+02
0000634   1.2876E+06 -1.8855E+03 -9.2235E+03
0000635   1.2763E+06  3.9942E+04  5.0590E+04
0000636   1.2521E+06  1.6637E+04 -1.1339E+05
0000637   1.2668E+06  3.2433E+04  8.0585E+03
0000638   1.2748E+06  3.0467E+03 -1.9039E+04
0000639   1.2780E+06  7.9193E+04 -4.6888E+03
0000640   1.2325E+06  2.7348E+04 -1.8889E+04
0000641   1.2529E+06  1.3124E+04  1.9838E+04
0000642   1.2621E+06 -4.7766E+02  1.9089E+04
0000643   1.2947E+06  1.3809E+04  2.7139E+04
0000644   1.2469E+06  2.6806E+04 -3.6434E+04
0000645   1.2912E+06 -2.5184E+03 -6.0566E+04
0000646   1.2878E+06 -3.2098E+04 -4.5015E+04
0000647   1.2419E+06  2.9434E+04  3.4867E+03
0000648   1.2438E+06 -2.2167E+04 -8.0535E+04
0000649   1.2563E+06 -2.5852E+04  2.8139E+04
0000650   1.2864E+06  2.0692E+03 -1.2526E+04
0000651   1.3012E+06 -2.5354E+03  2.7832E+03
0000652   1.2987E+06  3.7099E+04 -1.3061E+04
0000653   1.2460E+06  2.0474E+04 -5.2493E+02
0000654   1.2704E+06 -9.0925E+03 -9.0222E+04
0000655   1.2601E+06  1.4428E+04  1.5905E+04
0000656   1.2637E+06 -4.4561E+04 -5.9677E+03
0000657   1.2335E+06 -1.0680E+05  2.1444E+05
0000658   1.2513E+06  1.7584E+04  9.0704E+03
0000659   1.2756E+06 -3.4242E+04  3.0469E+04
0000660   1.2206E+06 -1.2605E+04  3.4982E+04
0000661   1.2780E+06  8.5041E+04 -9.4740E+03
0000662   1.1928E+06  5.0525E+04 -4.9040E+04
0000663   1.2553E+06  2.9659E+04 -9.4338E+03
0000664   1.2268E+06  1.2875E+05  3.0145E+04
0000665   1.2786E+06 -1.5278E+04  6.2102E+04
0000666   1.2596E+06 -6.6217E+04 -3.3927E+04
0000667   1.2795E+06 -3.5905E+04  9.8130E+03
0000668   1.2974E+06  1.0204E+05 -4.6676E+03
0000669   1.2459E+06  4.6117E+04 -4.8476E+04
0000670   1.2759E+06  1.7132E+03  7.1056E+03
0000671   1.2379E+06  7.4848E+04 -8.0286E+04
0000672   1.2523E+06 -4.0167E+03 -5.6043E+04
0000673   1.2328E+06  3.2050E+04 -4.1676E+04
0000674   1.2763E+06  1.3875E+04 -5.9193E+03
0000675   1.2440E+06  5.5298E+03 -4.6076E+04
0000676   1.2975E+06 -4.5086E+04 -6.0514E+04
0000677   1.2590E+06  8.4762E+03  1.6612E+04
0000678   1.2743E+06  1.2562E+04 -4.8260E+04
0000679   1.2638E+06 -1.0458E+05 -3.6042E+04
0000680   1.2668E+06 -5.6783E+04  1.4383E+04
0000681   1.2771E+06 -1.1536E+04 -7.0672E+03
0000682   1.2648E+06 -4.7203E+04  4.4210E+04
0000683   1.2617E+06 -8.7895E+03  2.6255E+04
0000684   1.2345E+06 -6.3407E+04 -9.0886E+04
0000685   1.2438E+06 -1.4786E+04 -8.3969E+04
0000686   1.2148E+06 -2.3642E+03  2.1616E+04
0000687   1.2559E+06  1.9572E+04  8.1648E+04
0000688   1.2604E+06 -9.1612E+03  7.6537E+04
0000689   1.2805E+06 -1.4353E+04 -8.8528E+03
0000690   1.2597E+06 -2.0440E+04 -4.3364E+04
0000691   1.2810E+06 -8.6026E+03 -1.2794E+04
0000692   1.2389E+06 -1.5766E+04  1.8511E+04
0000693   1.2701E+06 -2.0437E+04  1.3444E+05
0000694   1.2614E+06  7.0309E+04  6.0833E+04
0000695   1.2326E+06  4.9131E+04  4.1043E+04
0000696   1.2564E+06  8.9451E+03 -7.5423E+03
0000697   1.2296E+06  7.6297E+02  1.9531E+04
0000698   1.2655E+06  1.7149E+04  5.6461E+04
0000699   1.2870E+06  2.7558E+04  2.0955E+04
0000700   1.2592E+06  7.3516E+03 -1.7623E+04
0000701   1.2986E+06 -1.5402E+04  7.7062E+02
0000702   1.2253E+06 -6.0867E+03 -6.5943E+04
0000703   1.2444E+06 -9.5047E+03  6.0116E+03
0000704   1.2673E+06  8.6420E+03 -1.7008E+03
0000705   1.2642E+06  9.1594E+03 -7.7483E+03
0000706   1.2227E+06 -1.2973E+03  2.8310E+04
0000707   1.2766E+06 -9.9633E+03 -1.1625E+04
0000708   1.2973E+06  1.2050E+04  3.2987E+04
0000709   1.2641E+06 -1.7884E+03  3.2894E+04
0000710   1.2726E+06 -7.0153E+04 -1.8139E+04
0000711   1.2143E+06  8.9470E+04  1.7369E+04
0000712   1.2582E+06 -1.1808E+03  4.1892E+04
0000713   1.2332E+06 -1.0176E+04  1.9538E+04
0000714   1.2726E+06 -1.6755E+04 -4.0696E+04
0000715   1.2320E+06 -6.9104E+04 -1.1357E+05
0000716   1.2869E+06 -3.5879E+04  2.2726E+03
0000717   1.2647E+06 -6.1496E+03 -3.6682E+04
0000718   1.2548E+06 -2.1111E+04  1.9561E+04
0000719   1.2791E+06  2.3386E+04 -1.0674E+04
0000720   1.2692E+06  1.1976E+05  4.3624E+04
0000721   1.2677E+06 -1.3335E+04 -3.6318E+04
0000722   1.1366E+06  3.3072E+05  1.5845E+05
0000723   1.2718E+06 -3.9132E+03 -2.2787E+04
0000724   1.2922E+06  2.0585E+04  7.8187E+04
0000725   1.2526E+06  8.2585E+04  7.6503E+04
0000726   1.2298E+06  1.7017E+04  8.7528E+03
0000727   1.2812E+06 -3.2906E+04 -7.9281E+03
0000728   1.2426E+06 -4.3348E+04 -8.4014E+04
0000729   1.2611E+06 -4.3481E+04 -1.2139E+03
0000730   1.2711E+06 -1.7412E+04  3.9097E+03
0000731   1.2700E+06 -9.9604E+03 -2.2972E+04
0000732   1.2638E+06 -4.2067E+04 -9.2508E+03
0000733   1.2645E+06 -4.7866E+04  2.4960E+04
0000734   1.2711E+06 -3.6639E+04 -1.2132E+05
0000735   1.2483E+06 -1.9733E+04  1.9510E+04
0000736   1.2574E+06  4.3772E+03 -1.0073E+04
0000737   1.2201E+06 -4.1356E+04 -7.2633E+03
0000738   1.2231E+06 -5.4367E+04  5.2670E+04
0000739   1.2651E+06 -2.6707E+04  7.5150E+04
0000740   1.2518E+06  1.1756E+04  2.0992E+04
0000741   1.2767E+06  1.0473E+05  3.6703E+04
0000742   1.2515E+06  3.9791E+04  5.6804E+03
0000743   1.2975E+06  3.9193E+04 -9.3936E+03
0000744   1.2191E+06  6.1411E+04  4.5337E+04
0000745   1.2640E+06  7.8560E+04  1.0591E+05
0000746   1.2309E+06 -6.6712E+03  5.7145E+04
0000747   1.2762E+06 -3.9604E+04  3.4079E+04
0000748   1.2746E+06 -4.9743E+04  2.6088E+04
0000749   1.2628E+06 -3.9520E+04 -3.2409E+02
0000750   1.2681E+06 -8.8105E+04 -2.1460E+04
0000751   1.2564E+06  4.2644E+04 -4.6212E+04
0000752   1.2445E+06 -5.1744E+04  7.5424E+02
0000753   1.2648E+06 -2.6482E+04 -4.5271E+04
0000754   1.2958E+06  1.2881E+04  6.1278E+04
0000755   1.2797E+06 -4.4117E+03 -1.7766E+04
0000756   1.2743E+06 -9.2037E+04 -1.1647E+05
0000757   1.2959E+06 -1.8606E+04  1.0120E+04
0000758   1.2654E+06 -2.3264E+04  1.1118E+05
0000759   1.2476E+06 -3.0171E+04  7.8083E+04
0000760   1.2580E+06  7.5524E+02 -6.3441E+04
0000761   1.2759E+06  7.5966E+03  2.6870E+04
0000762   1.2456E+06  2.8444E+04  3.1817E+03
0000763   1.2361E+06 -6.1883E+04  4.3111E+04
0000764   1.2437E+06  6.4801E+04 -4.0110E+04
0000765   1.2555E+06  1.5787E+03  8.5692E+02
0000766   1.2530E+06 -8.2933E+03  1.9158E+04
0000767   1.2665E+06 -5.2940E+04 -1.4437E+04
0000768   1.2438E+06 -2.1863E+04  4.2378E+03
0000769   1.2452E+06 -2.0852E+04 -1.2517E+04
0000770   1.2338E+06 -6.0346E+04  9.2681E+03
0000771   1.2884E+06  3.0625E+04  4.2592E+04
0000772   1.2704E+06  3.6410E+04 -7.8853E+03
0000773   1.2782E+06 -6.0718E+04 -3.7708E+04
0000774   1.2950E+06 -6.5404E+04  3.9757E+04
0000775   1.2392E+06  6.7385E+04 -2.3514E+04
0000776   1.2948E+06  5.6414E+03  4.2418E+04
0000777   1.2317E+06 -2.7306E+04 -1.4967E+04
0000778   1.2300E+06  1.5245E+04  1.1139E+04
0000779   1.2780E+06  5.7885E+03 -2.4749E+03
0000780   1.2316E+06 -3.7366E+04  1.0576E+05
0000781   1.2585E+06  6.5201E+02  1.2838E+04
0000782   1.2503E+06  2.6922E+04 -7.1869E+04
0000783   1.2773E+06  4.3171E+04  1.8965E+04
0000784   1.2811E+06  6.6396E+04 -5.5283E+03
0000785   1.2806E+06 -1.3208E+04 -1.0839E+04
0000786   1.2494E+06  3.4621E+04 -4.3061E+04
0000787   1.2620E+06 -2.8401E+04 -4.2634E+04
0000788   1.2545E+06 -2.6058E+04 -4.3328E+03
0000789   1.2752E+06 -4.9994E+03  1.1754E+03
0000790   1.2809E+06 -4.6707E+04  9.0178E+04
0000791   1.2431E+06 -7.8106E+04  2.5203E+04
0000792   1.2506E+06  6.5772E+04 -1.5092E+04
0000793   1.2942E+06 -1.3486E+05 -5.6940E+04
0000794   1.2550E+06  5.1257E+04 -7.5200E+03
0000795   1.2751E+06 -3.2508E+04  7.8874E+04
0000796   1.2662E+06 -6.6948E+04  1.2562E+04
0000797   1.2291E+06 -5.4806E+04 -5.1840E+04
0000798   1.2883E+06 -8.0015E+02  2.1612E+03
0000799   1.2867E+06  1.3547E+04  5.3972E+04
0000800   1.2815E+06  3.9550E+03  2.3009E+04
0000801   1.3032E+06  6.1023E+04  7.7955E+04
0000802   1.2547E+06 -1.6644E+04  8.5277E+04
0000803   1.2438E+06  7.4955E+03  6.0022E+03
0000804   1.2730E+06 -2.1707E+04 -7.7856E+03
0000805   1.2431E+06 -5.9392E+04  6.0626E+04
0000806   1.2638E+06  8.1894E+04  1.4615E+04
0000807   1.2506E+06 -3.9602E+04 -3.6028E+04
0000808   1.2933E+06  1.3684E+05 -1.3154E+04
0000809   1.2777E+06 -3.6487E+04 -4.3133E+04
0000810   1.2611E+06  2.2644E+04  1.0202E+04
0000811   1.2422E+06 -1.2129E+05 -1.9487E+04
0000812   1.2958E+06  6.5341E+04 -2.5799E+04
0000813   1.2892E+06 -5.4161E+04  1.3332E+04
0000814   1.2644E+06  7.4602E+02  1.8110E+04
0000815   1.2491E+06  3.1888E+03 -1.7453E+05
0000816   1.2297E+06  9.6090E+04 -1.1111E+05
0000817   1.2409E+06 -1.8412E+04 -9.1007E+03
0000818   1.2853E+06 -7.2564E+04 -2.4456E+04
0000819   1.2149E+06 -5.0429E+04 -6.6429E+04
0000820   1.2691E+06  2.2896E+04 -3.0031E+04
0000821   1.2657E+06 -1.8740E+04 -4.2843E+04
0000822   1.2370E+06  9.6694E+02  7.8891E+03
0000823   1.2785E+06 -3.1204E+04 -4.2945E+04
0000824   1.2637E+06 -3.0408E+03 -1.3175E+04
0000825   1.2568E+06 -5.5018E+04 -3.6325E+04
0000826   1.2775E+06  1.7472E+04  1.1144E+05
0000827   1.2396E+06  5.5459E+04  1.4799E+04
0000828   1.2526E+06  2.0003E+04 -4.4298E+04
0000829   1.2328E+06 -3.3801E+04 -1.5477E+05
0000830   1.2395E+06 -2.4411E+04 -4.1385E+04
0000831   1.2728E+06 -9.9615E+03 -3.4078E+03
0000832   1.2852E+06  4.5940E+04 -7.2782E+03
0000833   1.3003E+06  5.7769E+04 -5.4983E+04
0000834   1.2749E+06 -2.5146E+04  1.9437E+03
0000835   1.2682E+06 -5.4401E+04  2.7667E+04
0000836   1.2452E+06 -4.6152E+03  1.2099E+05
0000837   1.2689E+06  3.4269E+04  5.4102E+04
0000838   1.3044E+06  4.7311E+04  1.1747E+05
0000839   1.2634E+06 -3.4397E+04  9.1027E+03
0000840   1.2485E+06 -5.5090E+04  5.5531E+04
0000841   1.2539E+06  2.7671E+04  1.4118E+04
0000842   1.2561E+06  3.4045E+04 -1.8203E+04
0000843   1.2870E+06 -7.3691E+02  2.5457E+03
0000844   1.2470E+06  1.3032E+04 -3.4676E+04
0000845   1.2925E+06 -6.9707E+04 -2.9405E+04
0000846   1.2504E+06  2.8648E+04  4.0710E+03
0000847   1.2576E+06 -1.0666E+04 -1.4848E+04
0000848   1.2771E+06 -5.7518E+04  1.7356E+04
0000849   1.2543E+06  2.5401E+04  4.9963E+03
0000850   1.2621E+06 -5.7077E+04  1.3888E+04
0000851   1.2846E+06 -2.6349E+04 -3.2075E+04
0000852   1.2540E+06 -3.0878E+04 -5.9639E+04
0000853   1.2453E+06 -2.7927E+03 -3.1017E+04
0000854   1.2530E+06  2.4173E+04 -5.3094E+04
0000855   1.2541E+06  1.0284E+04  5.7184E+04
0000856   1.2357E+06  3.8020E+04  1.0002E+05
0000857   1.2603E+06 -4.0462E+04  5.6952E+04
0000858   1.2512E+06  1.9634E+04 -9.1703E+02
0000859   1.2608E+06 -7.2395E+03 -7.1484E+04
0000860   1.2468E+06  2.2418E+04 -5.6484E+04
0000861   1.2765E+06  6.1288E+03 -1.1154E+04
0000862   1.2647E+06 -3.1753E+01 -8.2848E+03
0000863   1.2816E+06  3.7983E+04  2.0519E+04
0000864   1.2494E+06 -1.2064E+04  6.6453E+04
0000865   1.2263E+06 -7.6491E+04  2.6346E+04
0000866   1.2312E+06  2.4465E+04 -3.1868E+04
0000867   1.2575E+06 -1.4501E+05 -2.6336E+04
0000868   1.2571E+06  4.6349E+04 -1.8555E+04
0000869   1.2599E+06 -2.3226E+04  3.5131E+04
0000870   1.2437E+06 -6.0706E+04  1.6354E+05
0000871   1.2666E+06  3.9767E+04 -1.4277E+03
0000872   1.2855E+06 -1.6838E+04 -1.1355E+02
0000873   1.2972E+06 -5.8149E+03 -7.4026E+03
0000874   1.2442E+06  4.5433E+04 -3.3597E+03
0000875   1.2089E+06 -8.8150E+03  8.9370E+04
0000876   1.2310E+06 -1.0961E+05  1.4421E+04
0000877   1.2557E+06 -1.0275E+02 -1.2531E+04
0000878   1.2428E+06  9.6477E+03  4.7504E+04
0000879   1.2444E+06 -7.2443E+04  2.1164E+04
0000880   1.2876E+06 -4.5573E+04  9.1007E+04
0000881   1.2630E+06  6.2357E+04 -2.2031E+04
0000882   1.2960E+06  8.3097E+03  3.8541E+04
0000883   1.2724E+06 -2.1857E+04  1.9555E+04
0000884   1.2549E+06 -4.6991E+04  6.7646E+03
0000885   1.2297E+06  3.3450E+04  4.7828E+04
0000886   1.2292E+06 -1.0492E+04  7.2974E+04
0000887   1.2899E+06  4.9291E+04  1.1378E+05
0000888   1.2398E+06 -4.4473E+03 -4.6011E+04
0000889   1.2506E+06  4.5366E+03  2.2963E+03
0000890   1.2780E+06  3.8041E+04 -2.2382E+04
0000891   1.2462E+06  2.9985E+03  5.6062E+04
0000892   1.2461E+06  4.0495E+04  6.6583E+04
0000893   1.2835E+06 -3.1028E+04  5.7348E+04
0000894   1.2667E+06 -4.8205E+04 -1.1691E+05
0000895   1.3061E+06  8.4942E+02  3.4881E+04
0000896   1.2040E+06  4.6188E+04  1.7509E+04
0000897   1.2888E+06  1.3844E+04 -3.0765E+04
0000898   1.2531E+06  9.5457E+02  1.4539E+05
0000899   1.2583E+06 -4.0753E+03  7.5146E+04
0000900   1.2338E+06 -4.1275E+04 -2.0252E+04
0000901   1.2789E+06  4.9430E+04 -7.7097E+03
0000902   1.2467E+06 -3.0356E+04 -8.7664E+04
0000903   1.2386E+06  5.4174E+04  7.9399E+03
0000904   1.2528E+06  6.1118E+04 -4.5815E+04
0000905   1.2588E+06 -6.4093E+03  2.9227E+04
0000906   1.2806E+06  6.5447E+04  2.8968E+04
0000907   1.2623E+06  2.7167E+04 -1.9533E+04
0000908   1.2528E+06 -1.0253E+04  1.4449E+04
0000909   1.2428E+06 -1.2790E+05  1.1160E+05
0000910   1.2482E+06  3.9133E+04 -2.2139E+04
0000911   1.2666E+06  1.5609E+04 -1.1305E+04
0000912   1.2547E+06 -1.1450E+04 -8.2685E+04
0000913   1.2434E+06 -6.7018E+04 -3.5116E+04
0000914   1.2443E+06 -1.1653E+05 -2.1757E+04
0000915   1.2596E+06 -3.3023E+04  1.1921E+04
0000916   1.2412E+06  9.1020E+04  2.3546E+04
0000917   1.1996E+06 -5.6972E+04 -1.1763E+05
0000918   1.2657E+06  1.0420E+04  3.9368E+03
0000919   1.2907E+06 -6.2860E+03  1.0165E+03
0000920   1.2682E+06 -2.0049E+04  1.7564E+04
0000921   1.2802E+06  7.8718E+03  2.5287E+04
0000922   1.2903E+06  2.2784E+04 -1.1775E+04
0000923   1.2435E+06 -2.5434E+04 -3.9380E+03
0000924   1.2678E+06 -2.5095E+04 -2.6394E+04
0000925   1.2900E+06  3.4858E+04  5.8182E+04
0000926   1.2783E+06 -1.7004E+04 -3.2357E+03
0000927   1.2890E+06 -1.0097E+04  1.1012E+05
0000928   1.2365E+06 -3.8948E+04  1.7828E+04
0000929   1.2504E+06  1.2167E+04  2.8412E+04
0000930   1.2108E+06  3.1701E+03  2.1968E+04
0000931   1.2384E+06  4.0441E+04 -1.4492E+04
0000932   1.2702E+06 -8.1497E+04  2.9921E+04
0000933   1.2625E+06 -2.1322E+04 -5.1170E+04
0000934   1.2116E+06  3.4523E+04 -1.9831E+05
0000935   1.2311E+06 -2.5288E+04 -2.1272E+04
0000936   1.2716E+06 -3.0603E+04  8.9462E+04
0000937   1.2575E+06  8.3440E+04  4.5217E+04
0000938   1.2618E+06  2.3666E+01  2.8997E+03
0000939   1.2830E+06 -3.3426E+04  3.5821E+04
0000940   1.2450E+06 -2.4366E+04 -2.8310E+04
0000941   1.2665E+06 -7.4190E+04 -8.7528E+03
0000942   1.2588E+06 -5.2322E+04  1.7410E+04
0000943   1.2845E+06  3.7725E+04 -8.5689E+04
0000944   1.2481E+06 -1.9864E+03  2.3173E+04
0000945   1.2683E+06 -8.3583E+03 -7.2002E+03
0000946   1.2550E+06  1.3406E+04  2.6459E+04
0000947   1.2438E+06 -2.1837E+04  9.4703E+02
0000948   1.2568E+06  2.1139E+04 -1.9299E+04
0000949   1.2436E+06  3.8482E+04 -2.2128E+04
0000950   1.2961E+06  2.7070E+04  3.8175E+04
0000951   1.2654E+06  2.1638E+04  2.2719E+04
0000952   1.2621E+06 -8.3597E+04 -2.1014E+04
0000953   1.2411E+06  3.3272E+04  1.2563E+05
0000954   1.2241E+06 -5.0842E+04  9.3292E+04
0000955   1.2325E+06  3.0357E+04  1.1177E+04
0000956   1.2365E+06 -2.2050E+04  7.6353E+04
0000957   1.2640E+06  4.4920E+04 -5.8502E+04
0000958   1.2612E+06 -3.0560E+03  2.1780E+04
0000959   1.2716E+06 -5.4607E+03 -7.6217E+03
0000960   1.2373E+06 -1.7765E+04  2.4374E+04
0000961   1.2795E+06 -8.8874E+04 -2.6443E+04
0000962   1.2554E+06 -1.0434E+05 -4.7438E+04
0000963   1.2786E+06  3.7530E+04 -3.0010E+04
0000964   1.2517E+06 -7.3892E+04  9.3875E+04
0000965   1.2417E+06 -2.1194E+04 -1.6803E+04
0000966   1.2641E+06  2.5466E+04 -8.9404E+03
0000967   1.2670E+06 -2.1862E+04 -2.6435E+03
0000968   1.2629E+06  7.1892E+03 -3.9829E+04
0000969   1.2067E+06  6.3210E+04  4.0106E+04
0000970   1.2795E+06  3.6119E+03  1.6295E+04
0000971   1.2530E+06  5.6628E+04 -9.5654E+04
0000972   1.2845E+06 -1.7632E+04  1.2364E+04
0000973   1.2144E+06 -7.0032E+04 -7.3958E+03
0000974   1.2861E+06  9.7408E+03  3.2966E+04
0000975   1.2808E+06 -4.4720E+04  3.0108E+04
0000976   1.2897E+06  7.9473E+03 -4.5298E+04
0000977   1.2492E+06 -1.9674E+04 -3.3512E+04
0000978   1.2910E+06 -3.0536E+03  4.5356E+03
0000979   1.2715E+06  3.9220E+04 -2.4496E+04
0000980   1.2548E+06 -6.1670E+03  1.5100E+04
0000981   1.1916E+06 -3.0964E+04 -5.2917E+04
0000982   1.2691E+06  1.4347E+04  2.0955E+03
0000983   1.2827E+06  1.1837E+04 -1.3325E+04
0000984   1.2660E+06 -1.6074E+04 -2.4956E+04
0000985   1.2461E+06  1.6871E+04 -1.2969E+03
0000986   1.2407E+06 -2.1290E+03 -5.5497E+04
0000987   1.2504E+06 -5.3930E+01  7.8684E+03
0000988   1.2591E+06  5.9695E+04 -1.2187E+05
0000989   1.2975E+06  2.9090E+04 -2.6761E+03
0000990   1.2247E+06 -9.4837E+04  1.4717E+05
0000991   1.2316E+06  5.1834E+03  4.1673E+04
0000992   1.2663E+06 -1.2483E+05 -6.3487E+03
0000993   1.2389E+06 -3.6962E+04 -1.4560E+04
0000994   1.2309E+06 -8.4750E+04 -9.6367E+04
0000995   1.2423E+06  2.6809E+04 -1.5068E+04
0000996   1.2626E+06  5.4335E+04 -7.4424E+04
0000997   1.2621E+06 -2.4758E+04 -1.1715E+05
0000998   1.2969E+06  6.1941E+04  3.9412E+04
0000999   1.2765E+06 -9.6412E+03  2.2421E+03
0001000   1.2680E+06 -9.5222E+03  3.8594E+04
