============================== SRIM-2013.00 ==============================
==============================================================================
====== SRIM Outputs\RANGE_3D.txt : File of Final Ion Positions =====

Ion =  H (01)   Ion Mass= 001.0080
Energy  = 4800000.E-03 keV
Ion Angle to Surface = 00.0 degrees
==================== TARGET =======================
  Layer # 1 - Si_Top    
  Layer # 1 - Bottom Depth=300000.E+01 A
  Layer # 1 - Density =0002.3210 g/cm3
  Layer # 1 -  100 % of Si
икикикикикикикикикикикикикикикикикикикикикикикикикикикикикикикикикикикикикикикикикикикикикикикикикикикик
  Layer # 2 - Si_Bottom 
  Layer # 2 - Bottom Depth=600000.E+01 A
  Layer # 2 - Density =0002.3210 g/cm3
  Layer # 2 -  100 % of Si
икикикикикикикикикикикикикикикикикикикикикикикикикикикикикикикикикикикикикикикикикикикикикикикикикикикик
                                            
Ion       Depth  X   Lateral Y   Lateral Z  
Number    (Angstrom) (Angstrom)  (Angstrom) 
-------  ----------- ----------- -----------
0000001   2.0224E+06 -6.3406E+04 -1.1253E+03
0000002   2.0411E+06 -1.9414E+04 -4.7313E+04
0000003   2.0613E+06  1.1568E+05 -2.7323E+03
0000004   2.0541E+06  1.3241E+05 -7.2440E+04
0000005   2.0450E+06  8.0805E+03 -5.8333E+03
0000006   2.0885E+06  7.5541E+04  3.9291E+04
0000007   2.0184E+06  6.3825E+03  1.2528E+04
0000008   2.0618E+06  6.1431E+04 -3.5362E+04
0000009   2.0339E+06  7.8107E+04 -3.4706E+04
0000010   2.0390E+06  1.5066E+03  1.0405E+05
0000011   2.0132E+06 -1.9090E+04 -9.2722E+04
0000012   2.0297E+06  2.8371E+04  2.3764E+04
0000013   2.0352E+06  5.6108E+04 -5.0771E+04
0000014   1.9912E+06 -1.0390E+04  5.4352E+04
0000015   2.0108E+06  3.6498E+04 -6.7352E+04
0000016   2.0420E+06 -1.0023E+05  4.9442E+03
0000017   2.0455E+06  3.9810E+04  2.5581E+04
0000018   2.0654E+06  6.4304E+04  1.7807E+04
0000019   2.0050E+06 -8.1104E+04 -7.0380E+04
0000020   1.9669E+06 -1.3121E+04  1.9049E+05
0000021   2.0110E+06 -4.4966E+04 -6.1803E+03
0000022   1.9860E+06 -2.8777E+04  5.5699E+04
0000023   2.0514E+06 -2.2500E+04 -8.7389E+04
0000024   2.0589E+06  4.9334E+04 -1.0917E+05
0000025   1.9935E+06  4.6224E+04 -1.1932E+05
0000026   2.0236E+06  1.4961E+05 -1.0677E+05
0000027   1.9385E+06 -2.5977E+02 -3.5439E+05
0000028   2.0186E+06 -6.0729E+04  8.2800E+04
0000029   2.0227E+06 -8.1365E+03  4.4870E+04
0000030   2.0474E+06 -3.6860E+04  1.0980E+05
0000031   2.0043E+06 -2.5178E+04 -3.7639E+03
0000032   2.0383E+06  8.3144E+02  1.1019E+05
0000033   2.0557E+06 -3.8192E+04  1.0628E+05
0000034   2.0341E+06  5.0385E+04  1.9697E+04
0000035   2.0524E+06  3.0806E+04 -1.9133E+04
0000036   1.9976E+06  1.6545E+05 -2.8526E+04
0000037   1.9899E+06  1.4966E+04 -1.3185E+05
0000038   2.0488E+06  5.4312E+04  3.8606E+04
0000039   2.0423E+06 -5.9583E+04 -4.8964E+04
0000040   2.0343E+06  1.0368E+05 -1.7887E+04
0000041   2.0547E+06  1.2563E+04  6.5148E+04
0000042   2.0144E+06  9.2660E+04 -1.0029E+05
0000043   2.0267E+06  5.2660E+04 -4.5038E+04
0000044   2.0464E+06 -5.4364E+04  1.4052E+05
0000045   2.0279E+06 -2.2268E+03  1.1829E+05
0000046   2.0467E+06 -1.2971E+04 -1.2004E+05
0000047   2.0246E+06  1.3142E+05  3.3982E+04
0000048   2.0461E+06  1.3022E+04 -2.1535E+04
0000049   2.0807E+06 -7.7054E+04 -3.9735E+04
0000050   1.8925E+06  6.2628E+05  1.7015E+05
0000051   2.0396E+06 -1.0915E+05  1.4222E+05
0000052   2.0661E+06  9.9402E+03 -2.8428E+04
0000053   2.0288E+06 -9.0489E+04 -1.0972E+05
0000054   1.9992E+06 -2.3340E+04 -7.6221E+04
0000055   2.0850E+06 -3.4857E+03 -4.7319E+02
0000056   2.0552E+06 -3.0264E+03 -5.5709E+04
0000057   2.0401E+06  6.7875E+04 -2.0530E+04
0000058   2.0455E+06  1.3577E+05 -1.0555E+05
0000059   1.9928E+06 -1.3726E+04 -4.1588E+04
0000060   2.0382E+06  6.7750E+04 -2.2387E+05
0000061   2.0472E+06  1.7542E+05 -3.1051E+04
0000062   2.0157E+06 -1.0071E+05  5.8846E+04
0000063   2.0190E+06  2.9566E+04 -2.2007E+04
0000064   2.0339E+06  2.3713E+04  4.9842E+04
0000065   2.1053E+06 -1.2873E+04  7.6170E+04
0000066   2.0876E+06 -1.1637E+05  1.7016E+04
0000067   2.0441E+06 -1.9239E+04  5.1341E+04
0000068   1.9986E+06  1.8794E+04 -4.3780E+04
0000069   2.0471E+06  1.5304E+05  7.6800E+04
0000070   2.0984E+06  4.3040E+03  1.1597E+04
0000071   2.0827E+06 -6.5597E+04  3.9769E+04
0000072   2.0469E+06  2.9314E+04 -4.7709E+03
0000073   2.0423E+06  2.1517E+04 -7.6737E+04
0000074   2.0714E+06  4.6796E+04  6.3867E+04
0000075   2.0162E+06 -2.4403E+04  1.8208E+04
0000076   2.0354E+06 -3.0141E+04 -1.5187E+05
0000077   1.9772E+06 -8.4970E+04 -1.1966E+05
0000078   2.0450E+06  3.3323E+04 -8.1281E+04
0000079   2.0038E+06  3.7575E+04  3.3928E+04
0000080   2.0632E+06  2.8471E+04 -9.3721E+04
0000081   2.1022E+06 -4.3097E+04 -7.2324E+04
0000082   2.0509E+06 -5.4518E+03  7.8221E+04
0000083   2.1007E+06 -1.1455E+05  1.4567E+05
0000084   2.0130E+06  1.7855E+05 -1.0730E+04
0000085   2.0422E+06 -3.8889E+04  6.0788E+03
0000086   2.0800E+06 -2.6828E+04 -2.7926E+04
0000087   1.9966E+06  7.4960E+04  9.1191E+04
0000088   2.0392E+06  4.1318E+04  1.0096E+05
0000089   2.0259E+06  3.0034E+04  5.0900E+02
0000090   2.0485E+06  4.7839E+04  1.1597E+04
0000091   2.0170E+06 -6.3463E+04 -3.5284E+04
0000092   2.1092E+06 -5.7174E+03 -6.8192E+04
0000093   2.0264E+06 -8.2232E+04 -4.6580E+02
0000094   2.1092E+06 -2.9104E+04 -1.8664E+04
0000095   2.0421E+06  1.0139E+04  6.7145E+03
0000096   2.0046E+06  1.1225E+05 -3.5603E+04
0000097   2.0151E+06  2.1849E+04  1.6548E+05
0000098   2.0397E+06 -1.6924E+04  1.5155E+03
0000099   2.0176E+06  9.2969E+04  3.2660E+04
0000100   2.0470E+06  3.3192E+04 -1.0508E+05
0000101   2.0404E+06 -2.8447E+03  1.9845E+04
0000102   1.9961E+06 -2.1067E+03 -9.0341E+04
0000103   2.0347E+06  1.6884E+05 -9.2519E+03
0000104   2.0522E+06 -1.4164E+04 -2.3987E+03
0000105   2.0639E+06  7.6904E+04 -5.8352E+04
0000106   2.0841E+06  9.2363E+04  2.0618E+05
0000107   2.0412E+06 -1.3502E+04  3.6761E+04
0000108   1.9907E+06 -6.4963E+03 -3.3462E+04
0000109   1.9715E+06 -2.1655E+05  3.3071E+04
0000110   2.0457E+06 -3.2689E+04  3.4924E+04
0000111   1.9835E+06 -5.2102E+04 -2.0827E+05
0000112   2.0242E+06 -6.2506E+04 -1.4232E+05
0000113   2.0552E+06 -1.4386E+04 -7.3577E+04
0000114   2.0038E+06  9.1901E+04  3.8520E+04
0000115   2.0419E+06  5.0825E+03  8.9488E+03
0000116   2.0650E+06  1.6585E+05 -2.6094E+03
0000117   2.0064E+06 -8.4942E+03 -3.7084E+04
0000118   2.0691E+06 -5.9418E+04  3.5532E+04
0000119   2.0328E+06 -3.4176E+04 -5.4083E+04
0000120   2.0258E+06 -1.9863E+04 -3.1452E+04
0000121   2.0469E+06 -2.4426E+04 -5.9665E+04
0000122   2.0260E+06  4.9861E+04  4.2642E+04
0000123   2.0459E+06  3.2594E+04  7.1065E+04
0000124   2.0213E+06 -2.9774E+04  3.1183E+04
0000125   2.0983E+06 -1.1913E+04 -2.5280E+04
0000126   2.0314E+06  1.4340E+04 -6.6135E+03
0000127   2.1027E+06  9.6260E+04 -7.6202E+04
0000128   2.0494E+06  1.6415E+04 -2.4177E+04
0000129   2.0465E+06  1.0946E+04  9.2756E+04
0000130   2.0914E+06 -4.8394E+04 -1.0659E+05
0000131   2.0211E+06 -1.5892E+05 -2.4386E+05
0000132   2.0312E+06  1.1629E+04 -7.7353E+04
0000133   1.9785E+06  2.1285E+05  9.6878E+04
0000134   2.0068E+06  3.8402E+03 -7.6487E+03
0000135   2.0731E+06 -5.0091E+04  2.0274E+04
0000136   2.0152E+06  2.8142E+04 -3.8239E+04
0000137   2.0454E+06 -6.0416E+04 -7.5805E+04
0000138   2.0406E+06 -9.3427E+03 -4.7026E+04
0000139   2.0319E+06 -2.2741E+04  9.6024E+04
0000140   2.0505E+06 -1.1886E+04  9.3210E+04
0000141   2.0477E+06 -4.1177E+04 -7.8568E+04
0000142   2.0345E+06 -3.6495E+03 -5.7185E+04
0000143   2.1171E+06  1.4623E+04 -1.7581E+05
0000144   2.0505E+06  1.1842E+05 -1.1602E+05
0000145   2.0243E+06  8.8113E+04 -6.6440E+04
0000146   2.0470E+06  4.3798E+03 -2.0971E+04
0000147   2.0435E+06 -8.0552E+04 -8.7869E+03
0000148   2.0208E+06 -5.4626E+04  1.1325E+04
0000149   2.0937E+06  1.4850E+04  6.6922E+04
0000150   2.0506E+06 -2.0951E+04  5.2403E+02
0000151   2.0594E+06 -1.1194E+05  1.2898E+04
0000152   2.0056E+06 -1.0511E+05 -3.9341E+03
0000153   2.0557E+06 -4.4996E+04  2.5639E+04
0000154   2.0578E+06  4.7510E+04 -1.5172E+04
0000155   1.9830E+06  3.6018E+05 -2.2761E+05
0000156   2.0518E+06  2.0092E+04 -8.4346E+04
0000157   2.0414E+06 -1.0373E+05  7.6932E+04
0000158   2.0906E+06  2.1850E+04  4.6456E+04
0000159   2.0520E+06  3.1280E+04 -1.9799E+04
0000160   2.0698E+06 -4.6838E+04  8.3567E+04
0000161   2.0248E+06 -4.6874E+04 -9.9038E+03
0000162   2.0379E+06 -1.0068E+04 -4.7022E+04
0000163   1.9786E+06 -1.7509E+05 -9.8270E+04
0000164   2.0305E+06  3.4961E+04  1.1254E+04
0000165   2.0392E+06  5.1234E+04 -3.9193E+04
0000166   2.1083E+06 -5.7393E+04 -5.3097E+04
0000167   2.0335E+06  1.3151E+05 -1.2995E+05
0000168   2.0186E+06 -4.4917E+04  9.3332E+04
0000169   2.0495E+06  2.3332E+04 -3.1365E+02
0000170   2.0274E+06  4.4856E+04 -1.3817E+04
0000171   1.9970E+06  1.0682E+04  6.2313E+04
0000172   1.9467E+06  1.7751E+05 -2.8144E+05
0000173   2.0218E+06 -5.5752E+04  3.4758E+04
0000174   1.9816E+06  1.3466E+05 -1.4949E+04
0000175   2.0754E+06 -1.0320E+03  3.0268E+04
0000176   2.0998E+06  1.3368E+04  2.2701E+04
0000177   2.0467E+06 -2.8161E+04  4.1567E+04
0000178   2.0434E+06  5.2857E+04 -5.4832E+04
0000179   2.0562E+06 -1.2978E+04  1.0119E+05
0000180   2.0706E+06  5.4467E+04  8.3467E+04
0000181   2.0413E+06  4.8776E+04  1.2866E+03
0000182   1.9955E+06  7.0328E+04  2.2855E+05
0000183   2.1393E+06 -5.5401E+04  3.5768E+04
0000184   2.0256E+06  8.8371E+03  4.2527E+04
0000185   2.0304E+06 -6.5694E+03  6.9768E+04
0000186   2.0401E+06 -3.7586E+04 -5.7238E+03
0000187   2.1059E+06  1.3682E+05 -6.9971E+04
0000188   2.0467E+06  2.1062E+04 -5.4252E+04
0000189   2.0714E+06 -9.3728E+03 -1.3344E+05
0000190   2.0577E+06  4.1046E+04 -1.6556E+05
0000191   1.9693E+06 -7.2900E+04  5.4689E+04
0000192   2.0081E+06 -3.1290E+04 -2.0731E+03
0000193   1.9787E+06 -8.0970E+04 -1.3692E+05
0000194   2.0079E+06 -8.7273E+04  2.3750E+04
0000195   2.0013E+06  1.1721E+05  8.8594E+04
0000196   2.1382E+06  5.1528E+04 -4.6808E+04
0000197   2.0792E+06 -7.2775E+03  1.1368E+04
0000198   2.0562E+06 -6.7997E+04 -1.5773E+04
0000199   2.0830E+06  9.1698E+04 -3.9877E+03
0000200   2.0308E+06 -4.4500E+04 -3.5786E+04
0000201   1.9990E+06 -1.0499E+05 -2.0090E+05
0000202   2.0383E+06  8.9759E+04 -3.6986E+04
0000203   1.9743E+06 -7.0813E+04 -5.3315E+03
0000204   2.0601E+06  1.3140E+04 -7.9905E+04
0000205   2.0427E+06  2.8526E+04  7.9145E+03
0000206   2.0383E+06 -9.3968E+03 -1.2715E+04
0000207   2.0755E+06  8.3661E+04  4.0916E+04
0000208   2.0109E+06  1.3300E+04  2.0732E+04
0000209   2.0116E+06 -1.5261E+05 -8.2932E+04
0000210   1.9922E+06 -4.6025E+04 -1.5011E+05
0000211   2.0701E+06 -1.4966E+04 -4.9970E+04
0000212   2.0094E+06  6.0281E+04  1.6318E+04
0000213   2.0479E+06 -8.3136E+04  1.0015E+05
0000214   1.9968E+06 -1.0923E+05  1.3529E+05
0000215   2.0744E+06 -3.1597E+04 -5.0174E+04
0000216   1.9973E+06  2.6784E+04 -4.6669E+04
0000217   2.0657E+06 -1.0834E+04 -1.4033E+04
0000218   1.9928E+06  1.7608E+04  6.9934E+04
0000219   1.9924E+06 -6.7878E+03  7.0336E+04
0000220   2.0487E+06  1.3493E+05  6.9920E+04
0000221   2.0315E+06  9.0386E+04 -6.2088E+04
0000222   2.0085E+06  3.0603E+04 -1.2433E+04
0000223   1.7938E+06  7.9924E+05 -1.8276E+05
0000224   1.9764E+06  6.8000E+04  4.7168E+04
0000225   2.0369E+06 -1.0855E+04 -9.2004E+04
0000226   2.0409E+06  1.2817E+04 -1.0272E+04
0000227   2.0166E+06  3.7987E+04  4.1007E+04
0000228   2.0203E+06 -1.9131E+04 -3.3796E+04
0000229   2.0380E+06 -4.8155E+04  7.0391E+04
0000230   1.9956E+06  6.9113E+04 -2.1419E+02
0000231   2.0215E+06  8.8679E+04  4.6088E+04
0000232   1.9894E+06 -9.0105E+02  1.9318E+04
0000233   1.9876E+06  4.9838E+04  8.3664E+04
0000234   2.0904E+06  2.1285E+04  1.4065E+04
0000235   2.0485E+06  2.7399E+04  1.0974E+05
0000236   2.0510E+06 -1.6531E+04 -1.0798E+05
0000237   2.0228E+06  4.5505E+04  1.2165E+05
0000238   2.0700E+06  1.1462E+05 -2.9000E+04
0000239   2.0681E+06  2.7670E+04 -6.1962E+04
0000240   2.1094E+06 -1.7824E+04 -5.0618E+04
0000241   2.0885E+06  3.0324E+04 -6.7107E+04
0000242   2.0717E+06  2.0755E+04  6.3033E+03
0000243   2.0322E+06  1.6540E+05 -1.6928E+05
0000244   2.0676E+06  2.9636E+04 -4.6900E+04
0000245   2.0235E+06  1.4612E+04 -6.3766E+04
0000246   2.0423E+06  8.5769E+03 -3.7584E+04
0000247   1.9881E+06  8.5606E+04  5.6739E+03
0000248   2.0200E+06 -3.5241E+04  6.3086E+04
0000249   2.0282E+06 -3.4987E+04 -4.9371E+04
0000250   2.0865E+06  1.3462E+03 -1.0103E+05
0000251   2.0555E+06  4.5722E+04 -9.6908E+03
0000252   2.0387E+06 -1.8664E+05  1.9218E+04
0000253   2.0759E+06 -2.8459E+04 -1.2223E+04
0000254   2.0281E+06  7.9392E+04 -1.2048E+04
0000255   2.0378E+06  1.7623E+04  1.7762E+04
0000256   1.9932E+06  1.5917E+04  1.7726E+04
0000257   2.0011E+06  1.3630E+05  3.1014E+05
0000258   2.0342E+06 -2.7177E+04  1.0523E+05
0000259   2.0291E+06 -1.1733E+04 -1.1451E+05
0000260   2.0301E+06 -2.0551E+04  1.3103E+03
0000261   2.0709E+06  3.8627E+04  1.7354E+03
0000262   2.0522E+06  1.6040E+04  1.1104E+05
0000263   2.0228E+06 -7.2861E+04 -8.5178E+04
0000264   2.0413E+06  6.4727E+03  5.6140E+03
0000265   2.0705E+06  4.8168E+03 -9.7657E+04
0000266   2.0318E+06  1.4341E+04  4.4877E+02
0000267   2.0541E+06 -2.3752E+04  7.1881E+03
0000268   2.0156E+06  8.7805E+03  4.9462E+04
0000269   2.0563E+06  7.3270E+04  8.8693E+04
0000270   2.0789E+06 -5.5526E+04 -7.2073E+04
0000271   2.0384E+06 -1.0246E+05  5.1493E+04
0000272   2.0142E+06 -2.2165E+04  2.5144E+04
0000273   2.0725E+06  5.1806E+04  4.4059E+04
0000274   2.0302E+06  5.8681E+04 -1.0282E+05
0000275   2.0083E+06 -2.6286E+04 -5.9870E+04
0000276   1.9825E+06 -6.0733E+04  2.6136E+04
0000277   2.0481E+06  6.6803E+04  5.2674E+03
0000278   1.9934E+06 -5.0236E+04 -1.6430E+05
0000279   2.0295E+06 -6.2556E+04 -2.4260E+04
0000280   2.0320E+06 -8.6934E+04  1.2311E+05
0000281   2.0013E+06 -3.1895E+04  5.2230E+03
0000282   2.0534E+06  2.9345E+04  3.8180E+04
0000283   2.0694E+06  1.1270E+05 -8.1308E+04
0000284   2.0968E+06  3.7463E+04 -2.1015E+04
0000285   2.0583E+06  1.2021E+03 -1.3719E+05
0000286   2.0526E+06 -2.5923E+04 -7.0990E+04
0000287   2.0051E+06  4.9284E+04  1.4348E+05
0000288   2.0964E+06 -3.8271E+04 -3.3755E+04
0000289   2.0035E+06  8.3515E+04 -1.1002E+05
0000290   2.0339E+06  2.8135E+04  4.5114E+04
0000291   2.0583E+06 -1.3701E+05 -1.4981E+04
0000292   2.0448E+06  3.4878E+04 -1.8177E+05
0000293   2.0969E+06 -9.9326E+03  4.0672E+04
0000294   2.0169E+06 -6.3482E+04  1.8457E+04
0000295   2.0417E+06  6.0367E+04  6.0898E+04
0000296   2.0666E+06  5.6426E+04 -4.7203E+04
0000297   2.0329E+06 -1.0522E+04  3.4721E+04
0000298   2.0169E+06  7.1020E+04  8.6326E+04
0000299   2.0507E+06  3.7932E+04  8.7442E+03
0000300   2.0753E+06 -1.2668E+04  9.8066E+04
0000301   2.0375E+06  7.5492E+03  1.2890E+04
0000302   2.0025E+06  5.3834E+04  1.0764E+05
0000303   2.0733E+06  1.0156E+05 -3.5258E+04
0000304   2.0467E+06  4.7020E+04  2.8108E+04
0000305   2.0306E+06  3.2017E+04  1.9716E+05
0000306   2.0225E+06 -1.3160E+04  4.4373E+04
0000307   2.0552E+06 -1.2864E+04 -4.5216E+04
0000308   2.0081E+06  1.1125E+05 -5.7856E+03
0000309   2.0893E+06 -3.2358E+04  3.0015E+04
0000310   2.0727E+06 -6.7992E+04 -1.0412E+04
0000311   2.0500E+06 -2.0442E+04  1.2246E+05
0000312   2.0171E+06 -6.8090E+04  5.2568E+04
0000313   2.0133E+06  1.8894E+04 -9.1317E+04
0000314   2.0572E+06 -2.3361E+03  5.4557E+04
0000315   2.0179E+06 -5.9907E+04 -7.2668E+04
0000316   2.0253E+06 -6.0289E+04 -1.1554E+05
0000317   2.0439E+06  1.0806E+05  1.0407E+05
0000318   2.0606E+06  3.3434E+04 -5.9604E+04
0000319   2.0347E+06  8.4627E+04  6.0540E+04
0000320   2.0349E+06  1.9118E+04 -8.1675E+04
0000321   1.9519E+06 -5.1984E+04  2.2126E+03
0000322   2.0559E+06 -2.5251E+04 -4.9678E+04
0000323   2.0061E+06 -3.3293E+04 -1.5255E+05
0000324   2.0084E+06 -5.1800E+04  4.9515E+04
0000325   2.0591E+06  1.6046E+05 -1.0254E+05
0000326   2.1362E+06  4.1354E+04  1.3687E+04
0000327   2.0331E+06  9.6538E+04  1.0120E+05
0000328   2.0701E+06 -5.2629E+04  5.8846E+04
0000329   2.0316E+06  1.9943E+04 -1.0123E+04
0000330   2.0473E+06 -1.1412E+03 -7.9438E+04
0000331   2.0091E+06  7.4683E+04  1.3813E+05
0000332   2.0181E+06 -1.9370E+04 -1.2348E+05
0000333   2.0058E+06  8.0405E+04 -2.1096E+05
0000334   2.0550E+06 -9.3050E+04 -4.9389E+02
0000335   2.0152E+06  6.0203E+04  1.6494E+03
0000336   2.0050E+06  3.9910E+02  4.2691E+03
0000337   2.0262E+06 -7.1946E+04  8.6516E+04
0000338   2.0524E+06 -5.4837E+04 -4.5659E+03
0000339   2.0835E+06 -8.7422E+03 -5.9668E+04
0000340   2.0549E+06  3.6392E+03  8.2920E+04
0000341   2.0344E+06 -1.3907E+04  2.5945E+04
0000342   2.0504E+06 -1.0557E+04  2.9966E+04
0000343   2.0050E+06  3.9989E+03  1.3333E+04
0000344   2.0618E+06 -5.4000E+04  8.3469E+04
0000345   2.0052E+06 -3.6240E+04  1.9357E+05
0000346   2.0916E+06  2.3958E+04  8.3113E+04
0000347   1.9937E+06 -3.1956E+04  6.2281E+04
0000348   2.0315E+06  6.9402E+04  3.2416E+04
0000349   2.0840E+06 -1.2289E+05  6.2087E+04
0000350   2.0147E+06  7.7769E+04  6.5996E+03
0000351   2.0274E+06  1.7250E+04 -8.9100E+04
0000352   2.0141E+06 -1.6792E+04 -6.7824E+04
0000353   2.0318E+06  7.8495E+04 -4.7749E+04
0000354   1.9940E+06 -4.7181E+04 -5.4327E+04
0000355   2.0567E+06  1.0345E+04 -6.9285E+04
0000356   2.0258E+06  8.2920E+04  1.4360E+04
0000357   2.0403E+06 -5.5381E+04 -2.4891E+04
0000358   2.0450E+06 -2.9283E+04 -5.1522E+04
0000359   2.0247E+06 -3.1510E+04  5.3936E+04
0000360   1.9973E+06 -3.4461E+04  3.8498E+04
0000361   2.0176E+06 -7.3981E+03  8.2621E+04
0000362   2.0591E+06 -1.3788E+04  8.8396E+04
0000363   2.0067E+06 -1.0298E+04 -1.9184E+05
0000364   2.0052E+06 -2.7755E+04 -9.5287E+04
0000365   2.0201E+06  3.7141E+04 -3.4043E+04
0000366   2.0413E+06 -1.8582E+04 -5.6415E+04
0000367   2.0393E+06  6.0467E+04  3.7229E+04
0000368   2.0542E+06  6.4284E+04 -7.2174E+04
0000369   2.0887E+06  3.5880E+03 -2.6009E+04
0000370   2.0440E+06 -5.8651E+04  8.8481E+04
0000371   1.9837E+06  2.3820E+04  3.7233E+04
0000372   2.0448E+06 -4.0604E+04  1.2113E+05
0000373   2.0194E+06  1.7180E+04 -5.5167E+04
0000374   2.0333E+06 -2.8230E+04  4.6321E+03
0000375   2.0323E+06  3.5398E+04 -6.4796E+03
0000376   2.0042E+06 -5.1146E+04 -3.1064E+04
0000377   2.0357E+06 -1.1036E+05 -8.9849E+04
0000378   2.0391E+06 -5.2017E+04  3.2592E+04
0000379   2.0171E+06 -1.5615E+04  1.2416E+04
0000380   2.0347E+06  1.3722E+05  5.2269E+04
0000381   1.9941E+06 -5.5926E+04  6.3448E+04
0000382   2.0825E+06 -6.9257E+03  3.5697E+04
0000383   2.0564E+06 -1.7610E+05  1.2366E+05
0000384   2.0843E+06 -5.1986E+04 -1.1747E+04
0000385   1.9966E+06  5.8298E+04 -3.4396E+04
0000386   2.0147E+06  1.5642E+04  8.9227E+04
0000387   2.1138E+06  4.3239E+04 -8.2714E+04
0000388   2.1078E+06 -4.2595E+04 -1.2802E+05
0000389   2.0553E+06  6.1443E+04 -1.5581E+04
0000390   2.0362E+06  2.4122E+04  1.5016E+04
0000391   2.0656E+06  5.5034E+04 -2.4464E+04
0000392   2.0526E+06 -4.1889E+04 -2.5037E+04
0000393   2.0085E+06 -2.8479E+04 -2.7603E+04
0000394   2.0014E+06 -9.3783E+03 -1.5038E+05
0000395   2.0636E+06  2.1192E+04  4.4887E+04
0000396   2.0264E+06  1.6150E+04  2.0568E+04
0000397   2.0348E+06  6.2374E+04  9.0059E+04
0000398   2.0373E+06  2.7504E+03 -8.8085E+04
0000399   2.0565E+06 -9.0918E+03  5.0424E+03
0000400   1.9898E+06 -6.3582E+04  2.1396E+05
0000401   2.0793E+06 -5.5748E+04  8.0196E+04
0000402   1.9954E+06  5.6134E+04  2.6181E+04
0000403   2.0145E+06  1.3644E+02 -1.7895E+04
0000404   1.9852E+06  1.9509E+04  8.0407E+04
0000405   1.9951E+06  2.1095E+05  1.2459E+05
0000406   2.0196E+06  1.3257E+05  6.6032E+04
0000407   2.0188E+06 -6.8879E+04  2.8092E+04
0000408   2.0251E+06  2.9946E+04  1.1292E+04
0000409   1.5013E+06 -4.3125E+05 -6.4294E+05
0000410   2.0519E+06  4.1147E+04  9.1982E+03
0000411   2.0552E+06  3.6510E+03  5.8798E+04
0000412   2.1140E+06 -1.3926E+04  2.8048E+03
0000413   2.0231E+06  1.2160E+05  6.5454E+04
0000414   1.9960E+06  5.4451E+04  1.9913E+04
0000415   2.0216E+06 -2.3337E+03  6.1521E+04
0000416   2.0134E+06  3.1217E+04  4.4346E+03
0000417   1.9634E+06  9.3339E+04  1.0596E+05
0000418   2.0479E+06 -1.6116E+04  6.5116E+04
0000419   2.0835E+06 -1.9669E+04  1.9715E+04
0000420   2.0582E+06 -1.2778E+04  5.5709E+04
0000421   2.0586E+06  1.3176E+05  2.5119E+04
0000422   1.9899E+06 -5.9592E+04  1.2522E+04
0000423   2.0646E+06  7.6256E+04 -6.0181E+04
0000424   1.9810E+06  7.4469E+04 -3.7390E+04
0000425   2.0732E+06  1.2857E+04  3.9569E+04
0000426   2.0597E+06 -2.0868E+04  1.2654E+05
0000427   2.0403E+06 -4.4024E+04 -5.4752E+04
0000428   1.9711E+06  3.2211E+04 -6.5970E+04
0000429   2.0506E+06 -4.9550E+04 -1.2643E+05
0000430   2.0478E+06 -1.0402E+04  9.5325E+03
0000431   2.0564E+06  2.9059E+04  9.0511E+03
0000432   2.0410E+06 -1.0838E+05  1.6371E+04
0000433   2.0867E+06 -4.8426E+04 -4.4520E+04
0000434   2.0294E+06 -3.2977E+04 -9.4890E+03
0000435   2.1045E+06  8.3776E+03  2.4834E+04
0000436   2.0237E+06  5.0306E+04  2.6084E+04
0000437   2.0183E+06  1.2462E+05  2.0738E+04
0000438   2.0319E+06 -1.9478E+03 -3.0783E+04
0000439   2.0427E+06 -4.3363E+04  4.1633E+03
0000440   2.0177E+06 -2.5642E+04 -3.1740E+04
0000441   2.0203E+06 -4.9965E+04 -1.7245E+05
0000442   2.0468E+06 -1.8317E+04  1.6760E+04
0000443   2.0371E+06 -8.3321E+04 -7.0210E+02
0000444   2.0349E+06 -3.7694E+03  5.4695E+04
0000445   2.0676E+06  9.3562E+04  6.8561E+04
0000446   2.0334E+06 -1.0388E+05 -1.0674E+05
0000447   2.0375E+06  2.9434E+04 -9.3616E+04
0000448   2.0765E+06 -3.4621E+04 -5.9803E+04
0000449   2.0123E+06  2.2241E+04 -1.5890E+04
0000450   2.0556E+06 -8.9257E+03 -1.9409E+04
0000451   2.0515E+06  4.9654E+03  6.5900E+04
0000452   2.0499E+06 -3.0887E+04 -3.0653E+04
0000453   2.0107E+06 -7.3911E+04  1.1829E+05
0000454   2.0648E+06 -4.5475E+04 -4.0924E+04
0000455   2.0517E+06 -2.3557E+04 -7.0427E+03
0000456   1.9466E+06 -1.8419E+04  1.5279E+04
0000457   2.0110E+06 -4.3427E+04  2.5324E+03
0000458   2.0189E+06  3.1232E+04  2.4962E+04
0000459   2.0408E+06  3.4185E+04 -3.0241E+04
0000460   2.0406E+06 -2.9304E+04 -2.3537E+03
0000461   2.0325E+06  2.2072E+04 -1.4882E+04
0000462   2.0802E+06  4.0440E+04  3.5806E+04
0000463   2.0450E+06  2.2984E+03  1.7395E+04
0000464   2.0133E+06 -2.1922E+04 -8.6606E+04
0000465   2.0751E+06  5.8623E+03 -1.5547E+04
0000466   1.9696E+06 -8.2300E+04  7.5035E+03
0000467   2.0126E+06 -2.8039E+04 -6.6320E+04
0000468   1.9933E+06 -5.8868E+04 -2.2878E+04
0000469   2.0590E+06  4.7310E+04  1.6317E+04
0000470   2.0496E+06  1.8328E+04  1.0648E+05
0000471   2.0573E+06 -3.0996E+03 -8.8089E+03
0000472   2.0602E+06  1.7222E+04 -2.5919E+04
0000473   2.0840E+06 -3.9996E+04 -1.0454E+05
0000474   1.9983E+06 -2.3820E+04 -1.1120E+05
0000475   2.1579E+06 -6.8505E+03 -5.6135E+04
0000476   1.9971E+06  5.8206E+04  8.9461E+04
0000477   2.0198E+06  3.1864E+04 -4.6550E+04
0000478   2.0555E+06  1.0250E+04 -1.7295E+04
0000479   2.0279E+06  2.6828E+04  4.8488E+03
0000480   2.0211E+06 -8.5947E+04  6.9365E+04
0000481   2.0443E+06 -3.1574E+04  5.8826E+03
0000482   2.0694E+06 -3.0134E+04  2.7642E+04
0000483   2.0483E+06  4.9846E+04 -2.3209E+04
0000484   2.0941E+06 -1.7338E+04  7.0631E+04
0000485   2.0419E+06  1.9222E+04 -8.3427E+04
0000486   2.0357E+06 -2.6103E+04 -6.5513E+04
0000487   1.9754E+06 -8.3337E+04 -1.1140E+05
0000488   2.0018E+06  2.0092E+04  1.3513E+03
0000489   2.0222E+06  1.1970E+05 -3.9968E+04
0000490   2.0730E+06  2.4677E+03  8.2338E+03
0000491   2.0570E+06  3.5854E+04  2.0563E+04
0000492   2.0221E+06  7.4016E+04 -7.4527E+04
0000493   2.0731E+06 -1.1978E+05  1.8047E+04
0000494   2.0410E+06  4.2077E+04  4.6656E+04
0000495   2.0365E+06  8.3847E+04  8.5221E+03
0000496   2.0748E+06  5.2112E+04 -4.9149E+04
0000497   2.0046E+06  1.8428E+04 -1.0216E+04
0000498   2.0739E+06  9.6752E+04 -5.9587E+04
0000499   2.0353E+06  1.3815E+05 -8.6683E+04
0000500   2.0314E+06 -1.4386E+05  3.4214E+04
0000501   2.0724E+06 -4.2162E+04  1.4978E+05
0000502   2.0606E+06 -1.0018E+05 -1.0026E+04
0000503   1.9873E+06 -3.0195E+04 -2.7209E+04
0000504   2.0341E+06 -1.2817E+04 -4.1115E+04
0000505   2.0474E+06 -5.3812E+04 -3.8989E+04
0000506   2.0991E+06 -1.2307E+05  2.7166E+04
0000507   2.0192E+06  3.8382E+04  9.0610E+04
0000508   2.0636E+06  1.1432E+05  1.0549E+05
0000509   2.0595E+06 -4.6803E+04  9.0973E+04
0000510   2.0514E+06 -1.1884E+05 -7.3815E+04
0000511   2.0314E+06 -5.2121E+04  7.8958E+04
0000512   2.0226E+06 -1.5187E+05  6.3329E+04
0000513   2.0511E+06 -4.5108E+04 -2.6679E+04
0000514   2.0484E+06  6.7500E+04 -2.4804E+04
0000515   2.0626E+06  1.3654E+04 -2.5711E+04
0000516   1.9886E+06  1.1475E+04  2.6466E+04
0000517   1.9922E+06  7.6447E+04 -3.2133E+04
0000518   2.0804E+06  1.5393E+05 -4.0548E+03
0000519   1.9669E+06  1.1694E+05  1.0199E+05
0000520   2.0440E+06 -7.6551E+04 -8.9817E+03
0000521   2.0017E+06 -2.3886E+05 -2.0763E+04
0000522   2.0308E+06 -2.1608E+05 -9.0552E+04
0000523   2.0911E+06 -1.1032E+05 -2.0039E+04
0000524   2.0254E+06  3.3419E+04  5.1769E+04
0000525   2.0347E+06  6.2748E+03  1.4167E+04
0000526   1.9916E+06  6.0092E+04 -1.0985E+05
0000527   2.0138E+06  6.9444E+03 -2.1807E+04
0000528   2.0212E+06 -8.3757E+03  2.7277E+04
0000529   2.0610E+06  8.6943E+04  3.9742E+04
0000530   2.0541E+06  1.7002E+04 -3.1712E+04
0000531   2.0281E+06 -6.5582E+04 -1.0152E+04
0000532   2.0154E+06  7.5650E+04 -8.1400E+04
0000533   2.0297E+06 -2.2398E+04  1.6150E+04
0000534   2.0546E+06 -2.4657E+04  9.5863E+03
0000535   2.0564E+06 -5.6153E+04  5.2308E+04
0000536   2.0322E+06  1.1642E+05 -9.2461E+04
0000537   2.0598E+06 -9.3750E+04  8.0441E+04
0000538   2.0449E+06  1.1753E+04 -1.1878E+05
0000539   2.0310E+06 -9.3661E+04 -2.4444E+04
0000540   1.9936E+06  2.4472E+05 -5.5193E+04
0000541   2.0384E+06  5.5778E+04 -1.7729E+02
0000542   2.0720E+06  2.0804E+04 -4.2730E+04
0000543   2.0283E+06 -8.1180E+04  3.0337E+04
0000544   2.0836E+06  8.0997E+04  8.3230E+04
0000545   2.0510E+06 -1.8846E+04  7.7355E+04
0000546   1.9922E+06 -3.8765E+04 -7.5696E+03
0000547   1.9887E+06 -3.3122E+04 -4.6816E+04
0000548   2.0786E+06  3.4139E+03 -3.9160E+03
0000549   2.0891E+06 -3.7604E+04  4.6255E+04
0000550   2.0383E+06 -3.8815E+04 -4.9110E+04
0000551   2.0470E+06  6.0882E+04 -4.8019E+04
0000552   2.0524E+06  3.9989E+04  1.7012E+03
0000553   2.0568E+06  6.3740E+04 -5.2952E+04
0000554   2.0797E+06 -4.7044E+04 -1.3340E+05
0000555   2.0269E+06 -5.0003E+04  5.2963E+04
0000556   2.0092E+06  3.3498E+04 -6.8480E+04
0000557   2.0404E+06  3.8537E+04  1.1019E+05
0000558   1.9508E+06  8.3935E+04 -6.1467E+04
0000559   2.0425E+06 -6.3785E+04  1.9450E+04
0000560   2.0337E+06  1.3227E+05  2.2682E+04
0000561   2.0433E+06  2.1469E+04  9.8044E+04
0000562   2.0628E+06  1.1506E+04 -7.4296E+03
0000563   2.1363E+06 -9.1127E+04  1.4418E+05
0000564   2.0401E+06 -3.2983E+04 -8.9456E+04
0000565   2.0398E+06 -2.9441E+04  3.0578E+02
0000566   2.0665E+06  1.1289E+04 -2.3843E+05
0000567   1.9964E+06 -1.7343E+05  3.7005E+03
0000568   2.0747E+06 -3.5393E+04 -6.5789E+04
0000569   2.0737E+06 -4.8622E+02 -7.0671E+04
0000570   2.0794E+06 -2.1547E+03  1.3323E+05
0000571   2.0351E+06  1.6891E+04  3.5095E+04
0000572   2.0623E+06  2.3202E+04 -5.4942E+04
0000573   2.0189E+06 -1.4805E+04  1.3980E+05
0000574   2.1048E+06 -2.9251E+04 -4.7169E+04
0000575   2.0299E+06 -7.5519E+04  1.2258E+05
0000576   2.0154E+06  3.7411E+04  2.2281E+04
0000577   2.0011E+06  1.5925E+04  1.9160E+04
0000578   2.0513E+06  5.4156E+04 -5.6038E+04
0000579   2.0081E+06 -7.2956E+04 -1.4620E+04
0000580   2.0869E+06 -7.1032E+03  4.7473E+04
0000581   2.0155E+06  3.3203E+04 -2.0627E+04
0000582   2.0290E+06  7.6331E+04  4.7331E+02
0000583   2.0642E+06 -6.5571E+04  1.0998E+04
0000584   2.0312E+06 -1.9844E+03 -8.3155E+04
0000585   2.0344E+06  1.1527E+05 -7.7146E+04
0000586   2.0918E+06 -3.1968E+04  5.4909E+04
0000587   2.0036E+06 -2.9433E+04 -4.0065E+04
0000588   1.9726E+06 -1.5346E+04  2.1009E+04
0000589   2.1080E+06  1.8319E+04  1.0216E+05
0000590   2.0638E+06 -1.5191E+04  5.0352E+04
0000591   2.0787E+06  2.4334E+04 -2.3953E+04
0000592   2.0473E+06  4.3360E+04 -1.5856E+04
0000593   2.0711E+06 -2.6109E+04 -5.6122E+03
0000594   2.0678E+06  7.1610E+02 -1.7995E+04
0000595   2.0618E+06 -1.2149E+04 -1.9564E+03
0000596   2.0727E+06 -1.7849E+05  6.9420E+04
0000597   2.0443E+06  8.4370E+03  4.0544E+04
0000598   2.0917E+06 -9.2752E+04  4.2407E+03
0000599   2.0064E+06  3.7491E+04 -1.2256E+05
0000600   1.9754E+06  1.4079E+05  7.9361E+04
0000601   2.0574E+06 -3.9564E+04  4.8407E+04
0000602   2.0364E+06  6.6847E+04  6.9298E+04
0000603   1.9837E+06 -6.6173E+04  2.5769E+04
0000604   2.0237E+06 -3.5423E+04  7.8510E+03
0000605   2.0264E+06  1.5113E+04  2.3080E+04
0000606   2.0168E+06  2.1433E+04 -4.4428E+04
0000607   2.0361E+06  3.1007E+04  6.0758E+04
0000608   2.0147E+06  1.3016E+05  2.5167E+04
0000609   1.9582E+06 -1.2758E+05  1.7710E+05
0000610   2.0983E+06  1.3288E+04  1.6892E+04
0000611   2.0834E+06  3.9732E+04  1.0857E+05
0000612   2.0671E+06  1.8238E+04 -6.5084E+04
0000613   2.0071E+06  4.8326E+03 -2.4866E+04
0000614   1.9834E+06  1.5018E+05  1.1016E+05
0000615   2.0316E+06  3.2492E+03  4.4398E+04
0000616   2.0399E+06  2.3062E+04  4.9224E+03
0000617   2.0536E+06  8.2648E+04 -4.8996E+04
0000618   2.0607E+06 -4.7243E+04 -4.0831E+04
0000619   2.1069E+06 -1.0264E+04 -3.4182E+04
0000620   2.0396E+06  1.8670E+04  1.5829E+05
0000621   2.0112E+06  1.1023E+04  1.4909E+04
0000622   2.0025E+06  1.1299E+04 -4.6316E+04
0000623   1.9732E+06  2.6678E+05  1.4227E+05
0000624   2.0506E+06 -1.2969E+05 -2.9720E+04
0000625   1.9603E+06  2.2996E+05  2.8086E+04
0000626   2.0108E+06 -2.2399E+04 -4.0107E+04
0000627   2.1125E+06  1.1409E+04  6.6976E+04
0000628   2.0143E+06 -1.0863E+05 -8.0903E+04
0000629   2.0988E+06  2.7088E+04 -3.6277E+04
0000630   2.0050E+06  3.6604E+04 -1.5287E+05
0000631   2.0315E+06 -1.1704E+04  4.1976E+04
0000632   2.0675E+06 -1.0126E+05 -4.5172E+03
0000633   2.0410E+06  1.1992E+05 -8.9299E+04
0000634   2.0236E+06 -1.1928E+05  1.7105E+04
0000635   2.0103E+06  1.3761E+04 -2.4364E+03
0000636   2.0219E+06  2.4910E+05  3.6470E+04
0000637   2.0606E+06 -5.9199E+03 -8.1374E+04
0000638   2.0930E+06  1.4513E+05  1.5456E+05
0000639   2.0982E+06 -1.6100E+04  5.5645E+03
0000640   2.0058E+06  7.8945E+03 -1.2226E+04
0000641   2.0089E+06  3.9513E+04 -7.8670E+02
0000642   2.0588E+06 -7.1140E+04 -9.3223E+04
0000643   1.9963E+06  2.2293E+04  4.6102E+04
0000644   2.0781E+06 -4.7116E+04  9.2868E+04
0000645   2.0084E+06  1.0218E+05 -4.5280E+04
0000646   2.0512E+06 -3.5079E+04  3.3016E+04
0000647   2.0085E+06  7.4492E+03  4.6138E+04
0000648   2.0371E+06 -6.9690E+04 -2.0598E+04
0000649   2.0167E+06 -5.2540E+03  3.1695E+04
0000650   2.0098E+06 -8.3180E+03 -6.8548E+04
0000651   2.0840E+06 -1.1682E+05  5.9522E+04
0000652   2.0388E+06 -2.2603E+04  1.6695E+05
0000653   2.0881E+06 -7.0434E+04  2.8935E+04
0000654   1.9986E+06  1.2631E+04  1.1114E+05
0000655   2.0637E+06 -5.3346E+04 -6.8281E+04
0000656   2.0506E+06 -1.6925E+05  4.6060E+04
0000657   2.0597E+06 -8.6083E+04 -3.9819E+04
0000658   2.0276E+06  1.1501E+05 -1.0439E+05
0000659   2.0378E+06 -2.9806E+04 -2.7138E+04
0000660   2.0195E+06  2.7536E+04 -1.1700E+05
0000661   2.1030E+06  4.3072E+04 -1.4505E+04
0000662   2.0435E+06  2.8013E+04 -3.5070E+04
0000663   2.0566E+06 -2.4966E+04  3.2316E+03
0000664   2.0293E+06 -9.8574E+03 -8.9960E+04
0000665   2.0046E+06 -2.9940E+04  7.5105E+03
0000666   2.0831E+06 -8.8337E+03  1.6980E+04
0000667   2.0136E+06 -6.7348E+04 -2.6887E+04
0000668   1.9933E+06 -1.0346E+04  6.8757E+04
0000669   2.0711E+06 -1.7386E+05 -1.0403E+05
0000670   2.0204E+06 -5.9266E+04  8.2886E+04
0000671   2.0444E+06 -5.6184E+04  2.5781E+04
0000672   2.0342E+06 -9.9882E+03  9.8395E+04
0000673   2.0439E+06 -1.9439E+04 -2.3859E+00
0000674   2.0816E+06 -8.3159E+02 -6.2305E+04
0000675   2.0323E+06  1.0365E+04 -5.9852E+04
0000676   2.0576E+06  3.5162E+04 -4.7920E+04
0000677   2.0000E+06  6.8339E+04  4.0189E+03
0000678   2.0791E+06  1.6550E+04 -4.4632E+04
0000679   2.0111E+06 -9.1717E+04 -3.0165E+04
0000680   2.0410E+06 -1.0834E+05  6.4003E+04
0000681   2.0418E+06  9.9589E+04 -1.2348E+05
0000682   2.0405E+06  1.4955E+04  8.9219E+04
0000683   2.0316E+06  2.6857E+03  1.6111E+05
0000684   2.0313E+06 -9.0298E+04 -3.4305E+04
0000685   2.0979E+06  4.7823E+04 -1.0481E+05
0000686   2.0619E+06 -1.0494E+05 -6.7836E+04
0000687   2.0715E+06  3.9312E+04 -8.5188E+04
0000688   2.0304E+06 -1.0345E+05 -4.5822E+04
0000689   2.0509E+06  1.8728E+04 -3.4675E+04
0000690   2.0507E+06 -1.3349E+05 -1.4852E+05
0000691   1.9913E+06  1.7857E+05 -3.5313E+04
0000692   2.0436E+06 -8.8619E+04 -2.6640E+04
0000693   2.0459E+06 -2.0418E+05 -8.0860E+04
0000694   2.0427E+06 -4.3118E+04  5.1430E+04
0000695   2.0219E+06  3.2340E+04 -1.6416E+04
0000696   2.0238E+06 -1.0089E+05  4.0770E+03
0000697   2.0305E+06 -4.0577E+04  2.1438E+05
0000698   2.0327E+06 -1.6324E+04  1.4378E+04
0000699   2.0481E+06 -3.1555E+04 -1.6477E+04
0000700   2.0051E+06  7.3678E+04  1.2856E+04
0000701   2.0481E+06 -2.2394E+04  3.4752E+03
0000702   2.1064E+06  7.3744E+03 -8.6673E+04
0000703   2.0512E+06 -1.1290E+05 -4.7682E+04
0000704   2.0776E+06  3.8037E+04  2.9246E+04
0000705   2.0148E+06 -4.0465E+04  1.2108E+05
0000706   2.0550E+06  4.6003E+04  7.2966E+04
0000707   2.0692E+06  6.8477E+04  4.3506E+04
0000708   2.0319E+06  5.0829E+04 -6.7938E+04
0000709   2.0307E+06  7.9012E+03  1.0183E+05
0000710   2.0144E+06 -4.4896E+04  1.2629E+04
0000711   2.0864E+06 -6.9045E+03  1.3983E+04
0000712   2.0101E+06 -4.7544E+04 -1.6044E+05
0000713   2.0541E+06  2.7648E+04  2.6458E+04
0000714   2.0187E+06  6.0648E+03  1.2049E+04
0000715   2.0709E+06 -6.6010E+03 -7.9433E+04
0000716   2.0478E+06 -2.6574E+04 -5.4890E+04
0000717   1.9957E+06 -1.8978E+04 -1.0065E+05
0000718   2.0493E+06  2.3471E+04 -4.1424E+04
0000719   1.9866E+06  8.7229E+03  3.8335E+04
0000720   2.0198E+06  5.7759E+04 -4.9115E+04
0000721   2.0331E+06 -6.5617E+04  9.1943E+04
0000722   2.0576E+06 -7.4010E+04 -1.9379E+04
0000723   2.0967E+06 -1.1066E+05 -4.1811E+03
0000724   2.0519E+06  7.9902E+03 -1.2590E+03
0000725   1.9950E+06 -7.5351E+04  2.6127E+04
0000726   2.0528E+06 -6.2855E+04 -8.3511E+03
0000727   2.0513E+06  5.9985E+04  1.6957E+04
0000728   2.0705E+06  1.1929E+05 -5.7607E+04
0000729   1.9742E+06  2.1826E+05 -1.5508E+05
0000730   2.0273E+06 -1.8307E+04  3.4511E+04
0000731   2.0321E+06 -3.1957E+04  1.9637E+05
0000732   2.0259E+06 -1.7974E+04  7.1844E+04
0000733   2.0461E+06  5.7049E+04 -3.7004E+04
0000734   1.9866E+06  5.0576E+04 -1.2218E+05
0000735   2.0957E+06  2.7219E+03  4.5336E+04
0000736   2.0945E+06  6.0831E+02 -8.2390E+03
0000737   2.0018E+06  3.9770E+04 -4.7589E+04
0000738   2.0039E+06 -7.0113E+04 -3.5394E+04
0000739   2.0831E+06 -1.4324E+05  1.0999E+05
0000740   2.0290E+06  4.7309E+04  5.7867E+04
0000741   2.0724E+06 -1.6488E+04  6.8608E+04
0000742   2.0749E+06 -1.1044E+05 -1.0813E+05
0000743   2.1029E+06 -4.5331E+04  1.3146E+04
0000744   2.0969E+06 -9.3394E+03  3.0450E+04
0000745   2.0719E+06  6.0229E+04 -5.8444E+04
0000746   2.0340E+06 -2.8537E+04  6.1170E+03
0000747   1.9753E+06 -5.3366E+03  9.8797E+04
0000748   2.0994E+06 -1.1659E+05  8.1156E+04
0000749   2.0481E+06  1.5016E+05 -5.2757E+04
0000750   1.9776E+06  3.2466E+04 -9.8848E+04
0000751   2.0196E+06  9.9638E+04  1.5200E+04
0000752   2.0781E+06  1.2147E+05 -2.9184E+04
0000753   2.0739E+06 -6.1690E+04  7.4883E+04
0000754   2.1135E+06 -2.1954E+04 -2.0856E+04
0000755   2.0193E+06  8.3908E+04  2.1768E+04
0000756   2.0757E+06  6.5331E+04 -1.2606E+04
0000757   2.0003E+06 -1.5529E+05 -2.0822E+05
0000758   2.0399E+06  1.6811E+04 -7.4384E+04
0000759   1.9998E+06 -5.5121E+03 -5.3709E+03
0000760   2.0679E+06 -3.5727E+04 -8.7844E+03
0000761   2.0574E+06 -2.2311E+04 -9.4075E+04
0000762   2.0557E+06 -2.3302E+04  7.9374E+04
0000763   2.1091E+06  9.2434E+03 -4.3424E+04
0000764   2.0568E+06  6.7813E+04  1.1158E+05
0000765   2.0617E+06  4.9506E+04 -1.2959E+04
0000766   2.0710E+06 -4.1517E+04 -2.0342E+04
0000767   2.0767E+06 -2.2485E+04 -1.4927E+05
0000768   2.0761E+06  1.6142E+04 -9.9646E+04
0000769   2.0306E+06 -3.1353E+03  4.3224E+04
0000770   2.0481E+06 -6.4049E+04  1.1051E+05
0000771   2.0248E+06 -1.5574E+05 -3.7596E+04
0000772   2.0364E+06 -4.9533E+04 -7.6753E+04
0000773   2.0118E+06 -1.2277E+05  5.7557E+04
0000774   1.9966E+06 -1.6976E+05  2.2877E+05
0000775   2.0617E+06 -1.1403E+05  4.7041E+04
0000776   2.0452E+06 -1.2783E+04  4.1647E+04
0000777   2.0707E+06 -1.1452E+04  4.6599E+04
0000778   2.0493E+06 -3.1358E+04 -1.4555E+05
0000779   2.0093E+06  1.0352E+05 -7.7617E+03
0000780   2.0523E+06  2.8931E+04 -2.2575E+05
0000781   2.0308E+06  3.1738E+04 -5.9105E+03
0000782   2.0867E+06  2.6586E+04  1.1600E+04
0000783   1.9807E+06 -7.2122E+04  1.1328E+05
0000784   2.0537E+06 -8.0384E+04  2.0421E+04
0000785   2.7569E+05  5.6020E+05  1.8016E+05
0000786   2.0621E+06  7.8228E+04  7.0137E+04
0000787   2.0590E+06  1.1608E+05  3.9974E+04
0000788   1.9898E+06  1.9388E+04 -2.8338E+05
0000789   1.9859E+06 -1.7583E+04 -7.3080E+04
0000790   2.0846E+06  4.1742E+04 -3.5747E+04
0000791   2.0855E+06  4.6848E+04  4.9606E+04
0000792   2.0252E+06  4.3510E+04 -9.6063E+03
0000793   2.0138E+06  6.7945E+04 -3.5783E+04
0000794   2.0198E+06  6.0017E+04  4.2075E+03
0000795   2.0140E+06  1.1751E+04  2.1227E+04
0000796   2.0076E+06  5.8489E+04  6.9822E+04
0000797   2.0311E+06 -7.2906E+04 -5.7871E+04
0000798   2.0289E+06 -7.1361E+03  4.2577E+04
0000799   2.0023E+06  5.8828E+04  3.0961E+04
0000800   2.0673E+06 -2.5882E+03  1.1266E+04
0000801   1.9910E+06  1.0207E+05  9.9244E+04
0000802   2.0879E+06 -6.3944E+04 -3.8341E+04
0000803   2.0281E+06 -1.1175E+05 -3.1537E+04
0000804   2.0274E+06  1.4790E+05  9.7014E+04
0000805   1.9672E+06 -3.1278E+04 -2.5411E+04
0000806   1.9995E+06  5.5673E+04 -1.1158E+05
0000807   2.0628E+06  9.8040E+04  1.6812E+03
0000808   2.0078E+06 -2.1160E+04  1.1659E+04
0000809   2.0468E+06 -2.7908E+04 -2.9410E+03
0000810   1.9624E+06  1.0538E+05 -7.9886E+03
0000811   2.0709E+06  2.1997E+05  4.8848E+03
0000812   2.0511E+06 -7.0757E+04  3.7700E+04
0000813   2.0513E+06  8.2420E+04 -9.2950E+04
0000814   2.0271E+06  6.5312E+04 -2.9792E+04
0000815   2.0137E+06  8.1942E+04 -8.3051E+04
0000816   2.0844E+06  9.3198E+04 -1.3248E+05
0000817   2.0120E+06 -1.2456E+04  6.5175E+04
0000818   2.0890E+06 -4.5271E+04 -5.9405E+04
0000819   2.0450E+06 -1.3808E+05  6.5737E+04
0000820   2.0898E+06  5.3662E+04 -4.8165E+04
0000821   1.9732E+06  1.3051E+05 -6.5927E+04
0000822   2.0462E+06 -1.0912E+05  6.4952E+03
0000823   2.0417E+06 -3.2603E+04  4.4488E+04
0000824   1.9805E+06 -2.0398E+04  2.1184E+01
0000825   2.0416E+06  2.1355E+04  6.4991E+03
0000826   2.0551E+06  4.1009E+04  5.9227E+04
0000827   1.9835E+06 -8.6373E+04 -3.1621E+05
0000828   2.0626E+06  1.0967E+05 -7.7076E+03
0000829   2.0847E+06 -1.9589E+04 -5.7802E+04
0000830   2.0927E+06  3.6234E+04 -1.2265E+05
0000831   2.0399E+06 -9.7074E+02  6.5472E+03
0000832   2.0081E+06 -3.9534E+04  6.3343E+04
0000833   2.0442E+06  1.2175E+05 -2.6043E+05
0000834   2.0965E+06  1.7259E+04 -8.8325E+04
0000835   2.0281E+06 -2.9396E+04  2.6553E+04
0000836   2.0335E+06 -8.9711E+04 -5.4376E+04
0000837   2.0435E+06 -3.6905E+04 -1.2783E+05
0000838   2.0012E+06 -1.1641E+04 -1.1000E+05
0000839   2.0392E+06  3.4072E+04  5.0409E+04
0000840   2.0709E+06  1.0220E+05 -6.1680E+04
0000841   2.0731E+06 -9.1802E+04 -1.0324E+05
0000842   2.0656E+06  2.4143E+04  6.9087E+04
0000843   2.0317E+06  9.2563E+04  1.0396E+05
0000844   2.0078E+06 -6.1763E+04 -1.1602E+05
0000845   2.0393E+06  1.2916E+05 -6.1394E+04
0000846   2.0242E+06  9.4410E+03  1.1544E+05
0000847   2.0102E+06 -9.9114E+04 -2.0528E+04
0000848   2.0485E+06  6.9061E+04  7.5964E+04
0000849   1.9941E+06 -1.4320E+04 -1.0952E+05
0000850   1.9462E+06 -2.5803E+05  3.8093E+04
0000851   2.0337E+06  2.1856E+04  1.5195E+05
0000852   2.0636E+06  7.6726E+04 -5.1045E+04
0000853   2.0175E+06 -3.8129E+04 -5.6738E+04
0000854   2.0062E+06 -5.1861E+04  8.7642E+04
0000855   2.0582E+06 -4.2723E+04 -1.3440E+04
0000856   2.0641E+06 -1.7538E+04  2.7795E+03
0000857   1.9982E+06  5.1374E+04  7.6880E+04
0000858   2.0561E+06  6.7962E+04 -2.1747E+04
0000859   2.0317E+06  5.7367E+04 -6.7027E+04
0000860   2.0718E+06 -3.5884E+04 -4.9064E+04
0000861   2.0779E+06 -1.6506E+05 -1.0837E+05
0000862   2.0675E+06 -1.1763E+04  1.2569E+03
0000863   2.0699E+06 -8.6121E+04 -5.4449E+04
0000864   2.0409E+06 -1.6452E+03  3.2286E+04
0000865   2.0626E+06 -9.0963E+04 -1.5837E+04
0000866   2.0900E+06  1.2413E+05 -4.5408E+04
0000867   2.0648E+06 -1.4916E+05  4.1893E+04
0000868   2.0468E+06 -4.4089E+04 -4.4338E+04
0000869   2.1136E+06 -4.5885E+04 -6.8521E+03
0000870   1.9387E+06 -3.1104E+04  2.7544E+04
0000871   2.0867E+06  3.0372E+04  5.3279E+04
0000872   2.0308E+06  8.3317E+04  5.1567E+04
0000873   2.0354E+06  1.0850E+04 -1.1219E+05
0000874   1.9971E+06  6.6602E+03  7.2408E+04
0000875   2.0335E+06 -1.6576E+04  6.0804E+04
0000876   2.0288E+06 -5.6204E+04 -2.3091E+04
0000877   2.0895E+06 -9.6224E+04 -1.3452E+05
0000878   2.0411E+06  4.1655E+04 -9.0218E+04
0000879   1.9687E+06  8.7700E+04 -6.0279E+04
0000880   2.0532E+06  7.0638E+04  5.7739E+04
0000881   2.0146E+06  1.1786E+05 -1.3762E+04
0000882   1.9920E+06  8.6092E+04 -1.1683E+04
0000883   2.0451E+06  1.4151E+04 -7.1175E+04
0000884   2.1119E+06 -6.3641E+04  3.2247E+04
0000885   2.0671E+06  2.0496E+04 -5.0946E+04
0000886   2.0090E+06 -8.4958E+04 -1.0637E+05
0000887   2.0356E+06  5.3849E+04 -6.8019E+04
0000888   2.0437E+06 -1.4968E+04 -2.7604E+04
0000889   1.9972E+06  5.3425E+04  7.4762E+04
0000890   2.0806E+06  8.8623E+04  1.4264E+05
0000891   2.0528E+06 -4.1310E+03  2.1750E+04
0000892   1.9834E+06 -3.6342E+04  5.6349E+02
0000893   2.0209E+06  3.4556E+04  1.4716E+04
0000894   2.0339E+06 -2.0836E+04  2.0395E+04
0000895   2.0865E+06 -4.0304E+04 -1.7577E+04
0000896   2.0205E+06 -9.6770E+04  1.2673E+05
0000897   2.0289E+06 -2.3104E+04 -5.2061E+04
0000898   2.0595E+06 -3.1653E+04 -1.6675E+04
0000899   2.0030E+06  2.0317E+04  2.4371E+05
0000900   2.0645E+06 -3.1887E+04  3.1666E+04
0000901   2.0526E+06  1.2966E+05 -1.3047E+05
0000902   2.0643E+06 -5.5887E+04  1.0245E+05
0000903   2.0563E+06 -1.9471E+04  1.0060E+03
0000904   2.0460E+06 -5.1501E+04  6.6949E+04
0000905   2.0334E+06 -7.2130E+04 -1.3828E+04
0000906   2.0694E+06  8.8437E+04  4.3034E+04
0000907   2.0221E+06 -8.1374E+04 -2.1968E+04
0000908   2.0139E+06  6.1318E+04 -1.2848E+04
0000909   2.0655E+06 -2.0050E+04  1.8199E+04
0000910   2.0991E+06 -1.2672E+03 -2.0992E+03
0000911   2.0666E+06  6.6592E+03 -3.5202E+04
0000912   2.0289E+06  1.6729E+05  8.5324E+03
0000913   2.0684E+06 -5.2121E+04  2.7170E+04
0000914   2.0418E+06  3.6452E+04 -1.3617E+04
0000915   2.0783E+06  4.8287E+04 -9.5829E+03
0000916   2.0504E+06  3.1993E+04  3.2553E+04
0000917   1.9963E+06 -1.8700E+05  2.0911E+05
0000918   2.0986E+06 -1.8281E+04 -1.2530E+05
0000919   2.0376E+06 -1.0873E+05  3.1613E+04
0000920   2.0032E+06  6.0150E+04 -5.8193E+03
0000921   1.9719E+06 -1.6616E+04  6.6761E+04
0000922   2.0666E+06  6.5287E+04  2.7908E+04
0000923   2.0150E+06 -3.7955E+04 -3.8820E+04
0000924   2.0083E+06 -1.0365E+04  9.1570E+04
0000925   2.0422E+06 -3.5068E+04  4.3685E+04
0000926   2.0106E+06  1.6766E+04 -8.1290E+04
0000927   2.0771E+06 -8.7219E+03  1.1079E+05
0000928   2.0490E+06  1.9576E+04 -5.9941E+03
0000929   2.0455E+06 -1.1877E+05 -6.1508E+04
0000930   2.0971E+06 -1.3876E+04 -1.0682E+04
0000931   2.0613E+06 -2.1083E+04  8.0415E+04
0000932   1.9947E+06  4.1104E+04  5.6403E+04
0000933   2.0531E+06  3.0128E+04 -5.3186E+04
0000934   2.0126E+06 -5.3819E+04 -2.8582E+04
0000935   2.0562E+06  1.3295E+05  4.7240E+04
0000936   2.0439E+06 -1.1510E+05  3.9075E+04
0000937   2.0342E+06 -1.4776E+05 -4.4699E+02
0000938   2.0512E+06 -6.7655E+04  4.2476E+04
0000939   2.0693E+06  4.5470E+04  1.1454E+05
0000940   2.0238E+06  1.0106E+05  2.5732E+05
0000941   2.0650E+06  5.6516E+04 -5.0062E+04
0000942   2.0177E+06  3.1965E+04 -4.7134E+03
0000943   2.0718E+06  2.3102E+04 -2.6376E+04
0000944   2.0362E+06  1.3719E+04 -5.5946E+04
0000945   2.0115E+06  9.2783E+03  7.5269E+04
0000946   2.0572E+06 -1.1319E+05  1.7933E+04
0000947   1.9868E+06 -9.9355E+04 -6.3960E+04
0000948   1.9981E+06 -2.8551E+04  2.1814E+04
0000949   2.0222E+06  5.5856E+03 -2.1718E+04
0000950   2.0020E+06  1.6549E+05  7.9605E+04
0000951   2.0120E+06  5.3240E+04  2.5627E+03
0000952   2.0049E+06 -4.8406E+04 -9.2354E+04
0000953   2.0253E+06 -7.0647E+04 -1.3577E+05
0000954   1.9885E+06 -5.9548E+04 -9.5914E+04
0000955   2.0236E+06  3.0971E+04 -7.3237E+04
0000956   2.0978E+06 -8.5997E+04  1.9473E+04
0000957   2.0801E+06  6.1656E+04  2.1350E+04
0000958   2.0568E+06 -4.7198E+04  2.0622E+05
0000959   2.0569E+06  5.1821E+04 -8.7695E+04
0000960   1.9891E+06  3.6547E+04 -9.4261E+04
0000961   2.0617E+06 -4.4570E+04  3.9312E+04
0000962   2.0382E+06  4.0110E+04  3.1343E+04
0000963   2.0704E+06 -2.3383E+04  1.0932E+04
0000964   1.7889E+06  6.1641E+04  7.3263E+05
0000965   2.0059E+06 -2.7123E+04 -1.3377E+05
0000966   2.0634E+06 -1.8376E+04  1.0824E+05
0000967   2.0251E+06  2.8350E+03  7.3556E+04
0000968   2.0603E+06  3.3413E+04  3.6231E+04
0000969   2.0652E+06  3.1061E+04 -9.6861E+04
0000970   2.0846E+06  4.4559E+04 -4.7635E+04
0000971   2.0699E+06  7.7440E+04 -3.1504E+04
0000972   2.0111E+06 -1.2137E+04  3.1671E+04
0000973   2.0252E+06 -4.0046E+04  4.1457E+04
0000974   2.0036E+06 -3.0539E+03  2.1255E+04
0000975   2.0443E+06 -1.0388E+05  5.6734E+04
0000976   2.0411E+06 -4.3152E+03 -6.1512E+04
0000977   2.0409E+06  1.0951E+04  4.9469E+04
0000978   1.9679E+06  5.8240E+04  3.9676E+04
0000979   2.0334E+06 -8.6743E+03  1.0080E+04
0000980   2.0463E+06 -7.8779E+04 -1.4965E+05
0000981   2.0206E+06 -1.3068E+04 -1.7512E+04
0000982   2.0057E+06 -2.3196E+04  3.7735E+04
0000983   1.9727E+06  1.4421E+05  1.6543E+03
0000984   2.0390E+06 -8.1562E+04 -1.1816E+05
0000985   2.0381E+06  1.9421E+03 -7.4510E+04
0000986   1.8730E+06 -1.0430E+05 -3.2565E+05
0000987   2.0339E+06 -4.0592E+04 -6.0808E+04
0000988   2.0120E+06 -8.5647E+04  1.1247E+04
0000989   1.9741E+06 -2.7007E+05  1.1685E+05
0000990   2.0633E+06 -2.3677E+04 -8.0560E+04
0000991   2.0411E+06  1.7584E+04  1.3611E+04
0000992   2.0556E+06 -6.5351E+04 -2.5958E+04
0000993   2.0695E+06 -8.5782E+04  7.8070E+04
0000994   2.0213E+06  4.4816E+04  5.8146E+04
0000995   2.0816E+06  5.1355E+03 -1.4800E+04
0000996   2.0319E+06  8.9025E+04 -1.7418E+04
0000997   2.0110E+06 -5.2505E+04 -7.2730E+04
0000998   2.0070E+06  1.0579E+05 -5.9631E+03
0000999   2.0488E+06  7.6830E+04  7.0925E+04
0001000   2.0779E+06  3.8740E+04  3.9009E+04
