============================== SRIM-2013.00 ==============================
==============================================================================
====== SRIM Outputs\RANGE_3D.txt : File of Final Ion Positions =====

Ion =  H (01)   Ion Mass= 001.0080
Energy  = 4300000.E-03 keV
Ion Angle to Surface = 00.0 degrees
==================== TARGET =======================
  Layer # 1 - Si_Top    
  Layer # 1 - Bottom Depth=300000.E+01 A
  Layer # 1 - Density =0002.3210 g/cm3
  Layer # 1 -  100 % of Si
икикикикикикикикикикикикикикикикикикикикикикикикикикикикикикикикикикикикикикикикикикикикикикикикикикикик
  Layer # 2 - Si_Bottom 
  Layer # 2 - Bottom Depth=600000.E+01 A
  Layer # 2 - Density =0002.3210 g/cm3
  Layer # 2 -  100 % of Si
икикикикикикикикикикикикикикикикикикикикикикикикикикикикикикикикикикикикикикикикикикикикикикикикикикикик
                                            
Ion       Depth  X   Lateral Y   Lateral Z  
Number    (Angstrom) (Angstrom)  (Angstrom) 
-------  ----------- ----------- -----------
0000001   1.6815E+06 -5.5756E+04 -6.4970E+03
0000002   1.7349E+06 -1.5749E+04 -4.0385E+04
0000003   1.7034E+06  6.5001E+04 -3.0109E+04
0000004   1.6831E+06  6.7199E+04 -2.6251E+03
0000005   1.6570E+06  6.7606E+04  4.7128E+03
0000006   1.7228E+06 -1.4615E+05  6.8104E+04
0000007   1.6684E+06  7.3612E+04  5.5570E+04
0000008   1.6918E+06  2.4516E+04 -2.9022E+04
0000009   1.6745E+06 -7.0927E+04  6.0859E+04
0000010   1.6904E+06 -9.9253E+04  9.5505E+01
0000011   1.7113E+06 -2.4015E+04 -2.3458E+04
0000012   1.6783E+06  2.5558E+04 -5.3421E+04
0000013   1.6865E+06  2.5001E+04  1.9906E+04
0000014   1.6933E+06 -2.1773E+04 -8.9097E+04
0000015   1.6521E+06  3.7762E+04 -2.1926E+04
0000016   1.6767E+06 -2.8085E+04 -6.4472E+03
0000017   1.6912E+06 -8.7583E+04 -3.0030E+04
0000018   1.6416E+06  3.1279E+05 -1.5998E+05
0000019   1.7500E+06 -5.3775E+04 -6.5816E+04
0000020   1.7017E+06  1.4544E+04 -8.9859E+04
0000021   1.7264E+06 -4.6742E+04 -2.3305E+04
0000022   1.7024E+06 -6.0153E+03 -2.1936E+04
0000023   1.6880E+06 -6.0233E+04  1.8524E+04
0000024   1.6556E+06  2.6754E+04 -4.7992E+04
0000025   1.7211E+06 -7.5046E+04  7.5307E+04
0000026   1.6984E+06  8.4524E+04 -4.7433E+04
0000027   1.6625E+06 -5.1164E+04  1.2338E+05
0000028   1.6917E+06  1.3911E+05 -7.9891E+04
0000029   1.5924E+06 -1.6992E+05  1.6911E+05
0000030   1.6632E+06 -9.6814E+04 -1.6262E+05
0000031   1.7142E+06 -3.3282E+04 -7.2231E+04
0000032   1.7080E+06 -2.3866E+04 -7.3249E+03
0000033   1.7279E+06  1.0207E+05  1.1979E+05
0000034   1.6633E+06  1.0220E+05 -2.8529E+04
0000035   1.7251E+06  5.9656E+04  2.9891E+03
0000036   1.7035E+06 -1.2178E+05 -7.9351E+03
0000037   1.7011E+06 -1.3942E+04 -7.0871E+04
0000038   1.7126E+06  2.6931E+04 -6.2234E+03
0000039   1.6760E+06 -1.4611E+05 -3.4178E+04
0000040   1.6576E+06  7.2068E+04  1.0608E+05
0000041   1.7005E+06  4.6065E+04  3.1426E+04
0000042   1.7028E+06  5.2377E+04  3.7667E+04
0000043   1.6939E+06  5.4651E+04  5.3700E+04
0000044   1.7444E+06 -2.4460E+04  4.9476E+04
0000045   1.6826E+06 -9.1698E+04 -9.5787E+04
0000046   1.7056E+06 -7.4356E+03  1.1775E+05
0000047   1.7268E+06 -5.1337E+04  9.7613E+04
0000048   1.7071E+06  8.1467E+04  7.5548E+02
0000049   1.6697E+06  1.1910E+04 -8.9196E+04
0000050   1.7289E+06 -1.5468E+04  6.9342E+03
0000051   1.7186E+06  6.4424E+04 -5.6306E+04
0000052   1.7064E+06 -2.2584E+04  1.4979E+03
0000053   1.7542E+06 -1.0442E+05  6.8526E+04
0000054   1.5522E+06  3.3421E+05  5.7187E+05
0000055   1.6883E+06  1.1730E+05  9.3879E+04
0000056   1.7166E+06  2.0821E+04 -1.5652E+04
0000057   1.6834E+06  1.0103E+05  3.0374E+04
0000058   1.6760E+06  2.2072E+04 -3.2867E+04
0000059   1.6807E+06  4.5109E+04  9.2945E+04
0000060   1.7045E+06  9.1719E+04 -4.2907E+03
0000061   1.6779E+06  8.6489E+04  1.1567E+04
0000062   1.6826E+06  3.2165E+04 -6.3128E+04
0000063   1.6469E+06 -1.3387E+04 -5.2416E+04
0000064   1.6685E+06  3.8727E+04 -1.1327E+05
0000065   1.7109E+06  6.6552E+04 -1.2510E+05
0000066   1.6469E+06 -4.4247E+04  8.1871E+02
0000067   1.6984E+06  3.7187E+04  2.9532E+04
0000068   1.7024E+06 -1.9711E+03 -1.2974E+04
0000069   1.7023E+06 -7.5996E+04 -5.6443E+04
0000070   1.7312E+06 -7.7105E+04 -2.6566E+03
0000071   1.7626E+06  3.2991E+04 -7.2548E+04
0000072   1.7120E+06 -2.0741E+04 -3.8112E+04
0000073   1.6726E+06  4.3109E+04 -4.7285E+03
0000074   1.7074E+06 -6.0585E+04 -1.5092E+05
0000075   1.7158E+06 -4.0298E+03  2.6378E+04
0000076   1.7462E+06 -6.7772E+04 -7.3571E+04
0000077   1.6854E+06  1.0262E+05 -1.7334E+04
0000078   1.6817E+06  5.4066E+04 -3.1126E+04
0000079   1.7281E+06 -4.7023E+04  2.0344E+04
0000080   1.6971E+06 -6.3604E+04 -5.6663E+04
0000081   1.7192E+06 -7.5355E+04  5.5431E+04
0000082   1.6801E+06 -8.9254E+04  7.4984E+04
0000083   1.6918E+06 -5.1869E+04 -4.3960E+04
0000084   1.6961E+06 -1.6454E+04 -7.4516E+04
0000085   1.6705E+06  5.8423E+03  5.5135E+04
0000086   1.6899E+06 -3.2685E+03  6.6335E+04
0000087   1.7097E+06 -6.9021E+04 -1.3257E+04
0000088   1.7113E+06 -8.5182E+04 -1.6760E+04
0000089   1.6700E+06  2.2992E+04 -2.4498E+05
0000090   1.6863E+06 -1.1009E+04  9.8310E+04
0000091   1.7161E+06  3.0140E+04 -5.0228E+03
0000092   1.6967E+06 -2.0751E+04 -3.5426E+04
0000093   1.7257E+06  5.4803E+04 -1.9948E+04
0000094   1.6855E+06  6.7529E+04  4.9656E+04
0000095   1.7311E+06  1.8200E+04 -8.3983E+04
0000096   1.6922E+06  2.7136E+04 -8.2061E+04
0000097   1.7708E+06 -3.4663E+03  3.6396E+04
0000098   1.6690E+06 -8.1094E+04 -1.5100E+04
0000099   1.7326E+06  4.6599E+04 -5.4822E+04
0000100   1.7072E+06  5.9141E+04 -5.7269E+04
0000101   1.7546E+06 -1.6640E+04 -1.0331E+04
0000102   1.7120E+06  1.1553E+03  8.3070E+03
0000103   1.6794E+06 -7.2451E+04  6.2203E+03
0000104   1.6600E+06  6.0478E+04 -1.1053E+05
0000105   1.6733E+06 -1.0059E+04  1.1550E+04
0000106   1.6719E+06 -1.1552E+05  3.8266E+03
0000107   1.7036E+06 -2.2156E+04  2.9881E+04
0000108   1.7649E+06 -6.1974E+04  2.1754E+04
0000109   1.7100E+06 -2.2056E+04 -1.5539E+04
0000110   1.6575E+06 -5.6831E+04 -3.7035E+04
0000111   1.7149E+06 -3.1585E+04 -1.1657E+04
0000112   1.6721E+06  7.7084E+04  3.4877E+04
0000113   1.6871E+06 -9.6561E+04 -1.3328E+05
0000114   1.7032E+06  2.6640E+04 -3.2544E+04
0000115   1.7159E+06 -2.2204E+03 -4.4795E+04
0000116   1.6811E+06 -1.6832E+03  8.6874E+03
0000117   1.6331E+06  1.4212E+05 -1.3937E+05
0000118   1.7053E+06  2.8353E+04 -4.2537E+04
0000119   1.6296E+06  4.2998E+04  1.5541E+05
0000120   1.7015E+06 -7.8812E+04 -7.2818E+04
0000121   1.7258E+06  2.6689E+04 -1.0537E+05
0000122   1.6847E+06  2.8001E+04 -7.5299E+04
0000123   1.7117E+06  1.3980E+04 -2.6699E+04
0000124   1.7528E+06  6.0560E+04  3.5042E+04
0000125   1.7008E+06 -1.8703E+04  3.5399E+02
0000126   1.6731E+06 -6.8080E+04 -3.6944E+04
0000127   1.7468E+06 -9.7510E+04 -1.8463E+04
0000128   1.6867E+06 -2.8237E+04  2.1973E+04
0000129   1.7000E+06 -4.3927E+04 -4.0424E+03
0000130   1.7115E+06  2.2267E+02 -3.7118E+04
0000131   1.6957E+06 -3.1398E+04 -4.6496E+04
0000132   1.7176E+06 -4.0375E+04  5.0759E+04
0000133   1.6746E+06 -2.3002E+04  6.0686E+04
0000134   1.7426E+06 -2.4751E+04 -1.7481E+04
0000135   1.7024E+06  1.6532E+04  1.0499E+04
0000136   1.7575E+06  8.5945E+04  5.4296E+04
0000137   1.6963E+06 -2.7575E+04 -4.6878E+03
0000138   1.6499E+06 -3.7133E+04  3.8149E+04
0000139   1.6965E+06 -3.5776E+04  5.4005E+04
0000140   1.6568E+06  1.4825E+05 -2.1515E+04
0000141   1.6839E+06 -8.2076E+04  1.3712E+05
0000142   1.6865E+06 -4.9418E+04 -6.4580E+04
0000143   1.6343E+06  1.5862E+05  2.0321E+05
0000144   1.6735E+06 -3.0922E+03 -8.4899E+03
0000145   1.7235E+06 -3.2202E+04  3.7959E+04
0000146   1.7085E+06 -3.0939E+04 -1.6843E+04
0000147   1.7450E+06 -3.9703E+04 -1.0462E+05
0000148   1.7016E+06 -1.4310E+04 -2.1405E+04
0000149   1.7082E+06 -7.4289E+04  4.1929E+04
0000150   1.7065E+06 -9.8592E+04 -1.2127E+05
0000151   1.7327E+06 -1.0872E+05  3.0913E+04
0000152   1.7063E+06 -2.0287E+04  1.0603E+05
0000153   1.6562E+06 -1.8404E+04  5.1110E+03
0000154   1.7521E+06 -2.2500E+04 -2.1881E+04
0000155   1.6853E+06  2.6821E+04  3.3862E+04
0000156   1.7249E+06  1.0380E+05 -5.5637E+04
0000157   1.6897E+06 -3.7242E+04  3.8637E+03
0000158   1.7150E+06  2.1127E+04  6.7010E+04
0000159   1.7133E+06  2.0434E+02 -2.5877E+04
0000160   1.6943E+06 -1.9961E+04  1.6668E+04
0000161   1.7428E+06  2.3247E+04  4.5916E+04
0000162   1.7042E+06 -7.3252E+04  3.8435E+04
0000163   1.7036E+06 -2.9993E+04 -5.1083E+04
0000164   1.7318E+06 -4.0949E+04  3.8062E+04
0000165   1.6824E+06 -6.6306E+03 -1.4850E+04
0000166   1.6892E+06  2.3674E+04 -3.6969E+04
0000167   1.6531E+06  4.9148E+04 -4.2868E+04
0000168   1.6756E+06  1.0961E+05 -6.9351E+04
0000169   1.6910E+06  5.3830E+04  6.2192E+04
0000170   1.7146E+06  8.1923E+04  4.6216E+03
0000171   1.7241E+06 -9.1762E+03  4.6748E+04
0000172   1.6975E+06  8.9549E+04  1.3238E+04
0000173   1.6945E+06  3.2642E+04 -1.9487E+05
0000174   1.7301E+06  2.9122E+04  1.5622E+04
0000175   1.5864E+06 -2.9929E+05  2.4758E+05
0000176   1.6796E+06  3.7726E+04 -3.5554E+04
0000177   1.6879E+06 -7.5248E+04  1.6844E+04
0000178   1.7517E+06 -6.0030E+03  1.6866E+04
0000179   1.6925E+06 -1.1968E+05  7.9060E+04
0000180   1.6912E+06  5.1746E+04 -1.3772E+05
0000181   1.6916E+06  3.3699E+04 -4.0507E+04
0000182   1.7153E+06 -3.7654E+04 -2.7752E+04
0000183   1.6763E+06 -1.6443E+04 -4.3750E+04
0000184   1.6475E+06 -1.5163E+05  6.3928E+04
0000185   1.6717E+06  5.2602E+04 -1.1193E+05
0000186   1.6725E+06 -3.9272E+04 -5.1228E+04
0000187   1.7080E+06 -5.3822E+04 -7.8859E+04
0000188   1.7272E+06  4.3536E+04 -4.7724E+03
0000189   1.6992E+06  4.9270E+03  4.3700E+04
0000190   1.6756E+06  1.2404E+05 -6.4725E+03
0000191   1.7171E+06  1.7240E+04  1.1652E+04
0000192   1.7141E+06  3.5649E+04 -1.1456E+03
0000193   1.7252E+06  8.1534E+04  5.9817E+04
0000194   1.6450E+06 -5.7318E+04  7.6008E+04
0000195   1.6836E+06  8.4357E+04 -2.7173E+04
0000196   1.7826E+06 -3.2615E+03 -5.4573E+04
0000197   1.6803E+06 -1.1802E+04  3.7575E+04
0000198   1.6879E+06  2.8203E+04 -4.5920E+04
0000199   1.7159E+06  1.5757E+04 -3.2440E+03
0000200   1.7003E+06  6.0542E+04  1.3626E+05
0000201   1.7188E+06  3.4576E+04  7.4355E+04
0000202   1.6592E+06 -1.9468E+04  1.7339E+05
0000203   1.6930E+06 -7.3904E+04  2.6994E+04
0000204   1.6929E+06 -5.8844E+03 -2.9048E+04
0000205   1.6622E+06 -2.7149E+05  1.6831E+04
0000206   1.7180E+06  6.6747E+04 -8.6836E+04
0000207   1.6499E+06 -3.3825E+04 -1.6346E+05
0000208   1.6867E+06 -3.9672E+04 -8.0914E+04
0000209   1.6725E+06 -1.2500E+05 -7.0678E+04
0000210   1.7696E+06 -5.3982E+03  6.1502E+04
0000211   1.7227E+06 -1.3849E+04 -3.8613E+04
0000212   1.7026E+06 -2.5951E+04  2.1023E+04
0000213   1.7049E+06  1.8166E+03 -5.0645E+04
0000214   1.6437E+06  1.2374E+05 -4.7414E+04
0000215   1.7026E+06  5.5805E+04  8.4359E+04
0000216   1.6930E+06  5.7025E+04  3.3188E+04
0000217   1.7210E+06  8.1527E+04  5.1132E+03
0000218   1.6912E+06 -6.3740E+04 -1.8640E+04
0000219   1.7124E+06 -1.7993E+04 -9.2552E+04
0000220   1.6866E+06 -2.1146E+05 -8.5945E+04
0000221   1.7052E+06  3.2129E+04  1.1050E+05
0000222   1.7015E+06 -3.2789E+04 -3.4102E+03
0000223   1.6921E+06 -4.7817E+04  6.7732E+04
0000224   1.6592E+06 -1.0292E+05 -7.8825E+04
0000225   1.6768E+06  1.2690E+04 -6.7771E+04
0000226   1.7483E+06 -2.0193E+04 -1.8365E+04
0000227   1.6602E+06 -4.1003E+03  2.0170E+04
0000228   1.6821E+06 -7.8967E+04  8.5336E+04
0000229   1.6472E+06  6.1569E+04  1.2662E+05
0000230   1.7261E+06 -5.1281E+04  3.5861E+03
0000231   1.6759E+06  4.0853E+03 -1.7587E+04
0000232   1.7117E+06  3.1441E+04  2.2551E+03
0000233   1.6930E+06  4.1550E+04  5.4933E+04
0000234   1.6962E+06 -1.2616E+04 -5.8911E+04
0000235   1.7198E+06 -3.6602E+04 -1.1881E+04
0000236   1.7272E+06 -3.1296E+04 -3.5991E+04
0000237   1.7238E+06 -1.1202E+05  1.7054E+03
0000238   1.6757E+06 -6.9366E+03 -5.6205E+04
0000239   1.6682E+06 -7.3353E+03  8.7984E+04
0000240   1.6860E+06  6.9079E+03 -8.2466E+04
0000241   1.7132E+06 -9.5529E+04 -2.7822E+04
0000242   1.7011E+06  1.2122E+04  3.0843E+03
0000243   1.6759E+06  3.0584E+04  3.6794E+04
0000244   1.7248E+06 -8.6065E+03  2.6312E+03
0000245   1.6648E+06 -2.8070E+04 -3.0903E+04
0000246   1.7092E+06  6.5124E+03 -9.2492E+04
0000247   1.6887E+06  1.4671E+04 -2.2665E+04
0000248   1.6944E+06  3.0152E+04  8.2836E+03
0000249   1.6890E+06  3.8492E+04 -5.3661E+03
0000250   1.6862E+06 -6.7734E+04 -8.4184E+04
0000251   1.7125E+06  5.1903E+03  1.8993E+04
0000252   1.7110E+06  5.1808E+04 -6.5665E+04
0000253   1.7146E+06 -5.7215E+04  3.4318E+03
0000254   1.7047E+06  5.3137E+04  1.3589E+05
0000255   1.7225E+06  9.0895E+04 -3.1853E+04
0000256   1.7328E+06 -4.2837E+04  4.7755E+04
0000257   1.7180E+06 -6.0315E+04 -6.0857E+03
0000258   1.7076E+06  3.8296E+03  3.6198E+04
0000259   1.7156E+06  1.6182E+04  2.6279E+04
0000260   1.6589E+06  5.5217E+04 -1.1842E+05
0000261   1.7152E+06  1.4193E+04 -8.9702E+04
0000262   1.6843E+06  2.1485E+04  3.0890E+04
0000263   1.6786E+06  8.8577E+04  7.5565E+04
0000264   1.7385E+06  1.0588E+04 -6.6134E+04
0000265   1.7360E+06  2.0969E+04  2.9876E+04
0000266   1.7085E+06  1.0210E+04 -7.5428E+03
0000267   1.6953E+06 -5.6647E+04 -4.2737E+04
0000268   1.7283E+06  7.4484E+04 -4.6711E+04
0000269   1.7131E+06 -2.3352E+04 -2.6624E+04
0000270   1.6987E+06  7.0009E+04  1.2856E+05
0000271   1.7382E+06  2.3282E+04  2.5221E+04
0000272   1.6887E+06 -8.1531E+04  3.5326E+04
0000273   1.7382E+06  5.2659E+04 -6.5956E+04
0000274   1.7049E+06  3.3237E+04 -1.8723E+04
0000275   1.6801E+06  7.1005E+04  1.4806E+04
0000276   1.7450E+06  1.4046E+04 -8.5167E+04
0000277   1.7236E+06  7.7163E+03  4.3112E+04
0000278   1.7195E+06  4.8771E+04 -2.5854E+04
0000279   1.6642E+06 -5.6057E+04  6.5264E+04
0000280   1.6516E+06  5.6257E+04 -3.9428E+04
0000281   1.7270E+06  1.6579E+05 -3.4306E+04
0000282   1.6724E+06 -8.2474E+04  9.4529E+04
0000283   1.7115E+06 -4.6687E+03  5.4074E+03
0000284   1.7289E+06 -9.5867E+04 -5.6342E+03
0000285   1.6836E+06 -5.7861E+03  2.1609E+04
0000286   1.7267E+06 -1.8046E+04  5.7488E+03
0000287   1.7018E+06  1.5141E+04 -1.0175E+04
0000288   1.7016E+06  3.7921E+04 -4.4999E+01
0000289   1.6839E+06 -1.7698E+04  5.2283E+04
0000290   1.7112E+06 -8.5355E+04 -3.7588E+04
0000291   1.6715E+06 -1.3277E+05  8.8303E+04
0000292   1.7114E+06  7.4488E+03  2.4094E+04
0000293   1.6445E+06 -4.1241E+04  6.7473E+04
0000294   1.7222E+06 -9.5537E+04 -2.4723E+04
0000295   1.6954E+06 -1.4232E+04 -6.5468E+04
0000296   1.6508E+06  5.7394E+04 -4.8156E+04
0000297   1.7123E+06 -4.7699E+04 -2.7923E+04
0000298   1.6579E+06 -9.0630E+04  8.6130E+04
0000299   1.6853E+06  1.3048E+04  3.9970E+04
0000300   1.6952E+06 -1.4999E+05 -2.8584E+03
0000301   1.6960E+06 -1.5678E+04  4.7406E+04
0000302   1.7050E+06  5.6033E+04 -8.0705E+04
0000303   1.6649E+06 -9.8950E+03  7.5892E+04
0000304   1.7259E+06  6.8989E+04  3.2287E+04
0000305   1.6919E+06 -2.5057E+04  1.9961E+04
0000306   1.7179E+06  5.3334E+03  5.1353E+04
0000307   1.6642E+06 -5.9764E+04  1.3595E+05
0000308   1.6786E+06  1.0208E+04  9.8710E+03
0000309   1.7283E+06  2.4864E+04  6.8139E+04
0000310   1.6559E+06 -1.1128E+05  8.3983E+04
0000311   1.6947E+06 -5.3848E+04  1.1009E+02
0000312   1.6533E+06  4.4933E+04  1.6113E+05
0000313   1.6905E+06  6.6638E+04 -1.6848E+05
0000314   1.7431E+06  1.8244E+04  7.5337E+03
0000315   1.6743E+06 -5.0663E+04  1.5425E+04
0000316   1.7040E+06  6.8394E+04  1.9881E+04
0000317   1.7004E+06  7.0578E+04 -1.1889E+04
0000318   1.6980E+06 -2.5532E+03 -1.5985E+04
0000319   1.6840E+06 -3.2124E+04  7.7696E+04
0000320   1.6907E+06  2.2759E+04  4.0227E+04
0000321   1.7124E+06 -2.0065E+04  6.4745E+04
0000322   1.7109E+06 -2.9586E+04 -6.7087E+03
0000323   1.6717E+06  2.1763E+04 -3.4203E+01
0000324   1.6883E+06  2.1598E+04  1.4290E+05
0000325   1.7270E+06 -6.5342E+04 -8.2194E+04
0000326   1.7137E+06  1.3363E+04  6.3584E+03
0000327   1.6509E+06 -9.2155E+03 -1.7609E+04
0000328   1.6804E+06 -3.1615E+04  1.1169E+04
0000329   1.6861E+06  2.4940E+04  1.5322E+04
0000330   1.6837E+06 -8.4991E+03  7.9978E+04
0000331   1.7445E+06 -1.7695E+04 -1.2252E+04
0000332   1.7288E+06  5.4435E+04  1.0778E+03
0000333   1.7110E+06 -5.9496E+04 -7.3890E+04
0000334   1.6657E+06  5.5680E+04  2.8503E+04
0000335   1.6544E+06 -5.2811E+04 -3.3291E+04
0000336   1.6867E+06 -6.1646E+04 -8.4832E+03
0000337   1.6822E+06 -1.4607E+04  4.8623E+04
0000338   1.6817E+06 -1.4316E+04 -2.7833E+04
0000339   1.6688E+06  4.0404E+04  9.6415E+04
0000340   1.6980E+06 -1.9301E+04  4.5516E+04
0000341   1.6889E+06 -3.4696E+04  1.1437E+05
0000342   1.7160E+06 -1.2856E+05  3.6997E+04
0000343   1.6821E+06  1.1886E+05 -1.3261E+04
0000344   1.6633E+06  3.7694E+04  6.7157E+04
0000345   1.7243E+06  3.0595E+04 -3.3156E+04
0000346   1.6684E+06 -2.1380E+04 -1.2478E+05
0000347   1.6583E+06 -3.2937E+04 -4.5159E+04
0000348   1.6984E+06  7.2387E+04 -5.5083E+04
0000349   1.7509E+06  3.6993E+04  1.4609E+04
0000350   1.6997E+06 -4.2439E+04  2.2954E+03
0000351   1.6799E+06  1.5196E+04  4.2576E+04
0000352   1.6781E+06  2.5908E+03  4.6794E+04
0000353   1.6404E+06  2.2682E+04  2.7173E+04
0000354   1.6966E+06 -3.2302E+04 -7.4029E+04
0000355   1.6991E+06  3.4764E+04 -1.0719E+05
0000356   1.7185E+06  5.6907E+04  6.0702E+04
0000357   1.6843E+06  5.4705E+04  6.7347E+04
0000358   1.7065E+06 -6.7401E+04 -3.3802E+03
0000359   1.6726E+06  4.4378E+04 -1.2012E+04
0000360   1.6907E+06 -1.6825E+02  1.9503E+03
0000361   1.6429E+06  6.2831E+04  9.2290E+04
0000362   1.6997E+06 -1.0360E+04 -4.3562E+04
0000363   1.7387E+06  6.0735E+04 -1.6784E+04
0000364   1.7077E+06 -6.3120E+04 -5.3604E+04
0000365   1.6839E+06  1.7792E+04 -2.2829E+04
0000366   1.7178E+06 -5.9814E+04 -2.4465E+04
0000367   1.6608E+06  1.1509E+05 -1.1863E+03
0000368   1.7309E+06 -3.2695E+04  1.9070E+04
0000369   1.7117E+06 -2.5643E+04 -1.5897E+04
0000370   1.6697E+06 -2.7374E+04 -9.4298E+04
0000371   1.6761E+06  1.5120E+04  3.7105E+04
0000372   1.7649E+06  1.9868E+04 -5.6725E+04
0000373   1.6825E+06  5.7554E+04  3.5579E+04
0000374   1.7083E+06 -3.5666E+04  5.4456E+03
0000375   1.6025E+06 -2.2709E+05 -1.5540E+03
0000376   1.6738E+06 -3.6713E+04 -7.9930E+04
0000377   1.7092E+06  4.7889E+04 -5.4051E+04
0000378   1.6952E+06  7.5840E+04 -2.9150E+04
0000379   1.6432E+06  2.0319E+04  5.3849E+04
0000380   1.7276E+06  1.5424E+04  5.3073E+04
0000381   1.7083E+06  1.8476E+04  4.9081E+04
0000382   1.6857E+06  3.1848E+04 -4.4943E+04
0000383   1.6959E+06  7.7825E+04  5.5906E+04
0000384   1.6985E+06 -1.3399E+05  1.4986E+04
0000385   1.7317E+06 -4.0600E+04  5.6327E+03
0000386   1.6859E+06  1.8067E+04  1.1286E+04
0000387   1.6725E+06  4.0929E+04  2.6710E+03
0000388   1.6939E+06 -6.4927E+03  1.4154E+04
0000389   1.6904E+06  7.7345E+04 -4.8306E+04
0000390   1.6420E+06  6.1106E+04  1.5320E+05
0000391   1.6766E+06  1.3987E+04  3.0365E+04
0000392   1.6811E+06  1.9077E+04  1.0209E+04
0000393   1.7141E+06 -5.0908E+04  2.5493E+04
0000394   1.7118E+06  5.3655E+04 -6.6530E+04
0000395   1.7041E+06  8.1423E+04  1.1954E+05
0000396   1.6763E+06 -7.9382E+04 -4.4965E+04
0000397   1.7181E+06  5.3123E+04 -1.7683E+03
0000398   1.7236E+06 -4.7222E+04 -4.2160E+04
0000399   1.6499E+06 -1.6373E+04 -2.6388E+04
0000400   1.6602E+06 -7.0752E+04  2.1945E+04
0000401   1.7067E+06  6.0542E+04  3.1597E+04
0000402   1.6657E+06  9.6058E+04  1.1193E+05
0000403   1.6671E+06 -1.5886E+03  4.2718E+04
0000404   1.6627E+06  8.8803E+04  1.0594E+05
0000405   1.6912E+06 -6.6310E+04  1.3486E+04
0000406   1.6946E+06 -1.1032E+04 -1.3819E+04
0000407   1.6915E+06  1.1699E+05  4.0943E+04
0000408   1.6684E+06  2.7364E+04  1.2041E+05
0000409   1.7349E+06  9.0513E+03 -5.9206E+04
0000410   1.7130E+06  5.8210E+04 -1.6391E+05
0000411   1.6912E+06 -2.9932E+04 -2.8149E+04
0000412   1.7399E+06 -1.1780E+04  4.3806E+04
0000413   1.6772E+06  1.7637E+05  6.7629E+04
0000414   1.7047E+06  1.8767E+04 -8.2745E+04
0000415   1.6992E+06  2.8998E+04 -4.6259E+04
0000416   1.6833E+06 -5.4209E+04 -6.1643E+04
0000417   1.7012E+06 -5.9007E+04 -4.1933E+04
0000418   1.7337E+06 -8.9747E+03  3.0228E+04
0000419   1.7470E+06 -7.4318E+04 -3.0987E+04
0000420   1.7339E+06 -6.3387E+04 -2.3073E+04
0000421   1.6666E+06 -2.0871E+04 -2.0394E+04
0000422   1.6483E+06 -7.4629E+04 -8.1102E+04
0000423   1.7159E+06  2.1716E+04  3.3806E+04
0000424   1.6991E+06  8.1766E+03  3.5915E+03
0000425   1.6861E+06  5.6044E+04  2.1980E+02
0000426   1.6500E+06  1.8802E+04 -2.0890E+05
0000427   1.7365E+06  2.0034E+04 -8.5796E+04
0000428   1.7180E+06  1.5487E+04 -6.9001E+04
0000429   1.6784E+06  9.4123E+04  2.8919E+04
0000430   1.7211E+06 -8.9849E+03 -2.5974E+04
0000431   1.7006E+06  1.0507E+05 -3.9238E+04
0000432   1.6736E+06  3.5527E+03  9.6345E+04
0000433   1.6844E+06  1.6093E+04  2.2481E+04
0000434   1.6476E+06  2.2672E+05  2.7147E+05
0000435   1.6411E+06  1.8972E+05 -1.2335E+05
0000436   1.7185E+06 -2.7315E+04 -5.8901E+04
0000437   1.6800E+06  1.4849E+04 -1.8244E+04
0000438   1.2435E+06 -3.2189E+05 -5.0234E+05
0000439   1.7028E+06 -1.5353E+04 -4.2637E+04
0000440   1.6942E+06  2.7472E+04  6.2299E+03
0000441   1.7424E+06 -2.4440E+04  1.3891E+04
0000442   1.6817E+06 -1.7505E+03  6.0695E+04
0000443   1.6509E+06  1.9103E+04 -3.0380E+04
0000444   1.6513E+06 -1.8727E+04 -4.4546E+04
0000445   1.6734E+06 -2.9383E+04  7.6983E+04
0000446   1.7460E+06 -5.5872E+03 -9.0741E+04
0000447   1.6484E+06  8.1325E+04  7.7660E+02
0000448   1.7059E+06 -5.4954E+04  4.9066E+04
0000449   1.7582E+06 -5.5648E+04  7.4837E+04
0000450   1.7062E+06  1.1297E+05  3.2636E+04
0000451   1.7161E+06  1.7597E+04 -1.7439E+05
0000452   1.6613E+06 -9.8368E+04 -3.2765E+04
0000453   1.7048E+06  2.6526E+04  4.2831E+04
0000454   1.6518E+06 -6.7567E+03 -7.7082E+04
0000455   1.7422E+06 -1.8991E+04  4.0501E+04
0000456   1.7285E+06  1.1011E+05 -9.9291E+03
0000457   1.6928E+06  4.0313E+04  4.1588E+04
0000458   1.6438E+06  3.7738E+04  5.3600E+03
0000459   1.7230E+06  4.2939E+04  4.3143E+04
0000460   1.6584E+06  3.4909E+03  7.1048E+02
0000461   1.7177E+06  5.4702E+03  8.6492E+03
0000462   1.6848E+06  4.1897E+03 -4.2071E+04
0000463   1.7288E+06  2.5131E+04  1.0702E+04
0000464   1.6726E+06 -3.4969E+04  7.3478E+04
0000465   1.6895E+06  3.8557E+04 -3.9478E+04
0000466   1.7282E+06 -1.4820E+02  7.3306E+03
0000467   1.7150E+06 -7.5627E+04 -3.7198E+04
0000468   1.7346E+06 -1.1237E+05 -1.0483E+05
0000469   1.6692E+06  1.5381E+04  2.3022E+04
0000470   1.6970E+06 -8.0260E+03 -5.7028E+04
0000471   1.6730E+06  3.2881E+04  5.0754E+03
0000472   1.6598E+06  7.8777E+04  1.0042E+05
0000473   1.7323E+06  3.5471E+04 -1.1873E+04
0000474   1.6560E+06 -6.6566E+03 -3.0383E+04
0000475   1.6648E+06 -2.2304E+04  1.9126E+04
0000476   1.7114E+06  1.1503E+05  2.0088E+04
0000477   1.6638E+06  9.6743E+03  2.9066E+04
0000478   1.6803E+06 -2.7990E+03 -9.4364E+04
0000479   1.7318E+06 -2.0686E+04  1.6023E+04
0000480   1.6870E+06 -7.7601E+04  9.1915E+03
0000481   1.7167E+06 -6.9851E+04 -6.9462E+04
0000482   1.7453E+06 -8.7361E+04  3.5433E+04
0000483   1.6987E+06  1.6041E+04  4.7625E+03
0000484   1.6994E+06  5.4258E+04  5.4973E+04
0000485   1.6406E+06  8.1479E+04 -5.0605E+03
0000486   1.6965E+06  6.4266E+04  2.6494E+04
0000487   1.6808E+06 -4.0544E+04  1.2825E+04
0000488   1.6215E+06  4.1151E+03  1.8493E+04
0000489   1.7208E+06 -3.6346E+04  4.1183E+04
0000490   1.6930E+06  4.7398E+04 -2.9354E+04
0000491   1.7241E+06 -2.5925E+04 -5.8272E+04
0000492   1.6789E+06  1.3774E+04 -2.4634E+04
0000493   1.7509E+06  1.7589E+04 -3.3049E+04
0000494   1.6734E+06 -1.7180E+05  9.2036E+04
0000495   1.6995E+06  2.2948E+04 -3.1647E+03
0000496   1.7026E+06  4.2689E+03 -4.3201E+04
0000497   1.6488E+06  1.0003E+05  2.1667E+04
0000498   1.7126E+06 -3.5894E+04  2.7757E+03
0000499   1.6731E+06  7.3506E+04 -4.1846E+04
0000500   1.6674E+06  2.7679E+04  1.1669E+04
0000501   1.6606E+06  9.2527E+04  3.4535E+04
0000502   1.7206E+06 -4.4228E+01  7.2558E+04
0000503   1.7183E+06  8.5981E+04  6.1530E+04
0000504   1.7098E+06 -4.7610E+03 -1.4476E+04
0000505   1.7246E+06  2.9633E+03  2.5363E+04
0000506   1.7032E+06  1.8068E+04 -1.0758E+05
0000507   1.6561E+06 -3.4517E+04 -6.3215E+03
0000508   1.7267E+06  1.8618E+04 -1.7237E+04
0000509   1.6912E+06 -3.2647E+04  8.1763E+04
0000510   1.6916E+06  9.1061E+03  5.3160E+04
0000511   1.6717E+06 -2.5966E+04 -4.6727E+04
0000512   1.7359E+06 -3.3385E+04  7.8741E+03
0000513   1.7192E+06  4.0171E+04 -1.0004E+05
0000514   1.6445E+06  8.5224E+04 -5.0669E+02
0000515   1.7451E+06 -3.2481E+04  1.4716E+04
0000516   1.7412E+06  3.7777E+04 -1.8214E+04
0000517   1.7207E+06 -6.7301E+04 -9.7147E+03
0000518   1.7289E+06 -7.0973E+04  9.6541E+03
0000519   1.7050E+06  6.9341E+04  3.8594E+04
0000520   1.6691E+06 -7.6993E+04  2.2111E+04
0000521   1.6713E+06  8.7940E+04  1.7265E+04
0000522   1.6917E+06 -4.3508E+04  5.5709E+04
0000523   1.6757E+06 -1.1776E+05  1.0251E+05
0000524   1.7384E+06 -6.0738E+03  4.2268E+04
0000525   1.7550E+06 -5.3318E+04 -1.3978E+04
0000526   1.7283E+06  8.7076E+04 -6.8877E+04
0000527   1.7076E+06  3.5647E+04  5.4521E+04
0000528   1.6995E+06  1.5300E+04  7.4271E+04
0000529   1.6999E+06 -2.8079E+04 -7.6232E+04
0000530   1.6892E+06  6.7673E+04 -3.5440E+04
0000531   1.7307E+06 -6.1117E+04 -3.1004E+04
0000532   1.6732E+06  1.3300E+04 -3.8677E+03
0000533   1.7288E+06 -2.1701E+04 -8.3653E+04
0000534   1.6928E+06  1.0694E+05  3.4426E+04
0000535   1.6743E+06  1.4836E+05 -9.3236E+04
0000536   1.7305E+06 -1.0271E+05  3.2438E+04
0000537   1.7163E+06  6.1584E+04 -3.7505E+04
0000538   1.6595E+06  1.0765E+05  2.3508E+04
0000539   1.6859E+06 -4.8257E+04  1.0098E+05
0000540   1.7103E+06  2.3387E+04 -7.4429E+04
0000541   1.6770E+06 -2.4091E+04 -2.8452E+04
0000542   1.7160E+06  9.7999E+03  2.0454E+04
0000543   1.7044E+06 -1.0564E+05 -8.7716E+04
0000544   1.7042E+06 -7.9307E+04  5.3798E+04
0000545   1.6922E+06  5.4109E+04  1.8343E+04
0000546   1.7092E+06  3.8247E+03 -7.8353E+03
0000547   1.7318E+06  5.4801E+04 -2.6138E+04
0000548   1.7014E+06  1.0937E+05 -1.2480E+05
0000549   1.7147E+06  2.2388E+04  3.4381E+04
0000550   1.7131E+06  1.6404E+04  6.8389E+04
0000551   1.7007E+06  5.6666E+03 -8.2806E+03
0000552   1.7230E+06  4.1392E+04  3.5774E+04
0000553   1.6892E+06 -7.1118E+04 -1.5769E+04
0000554   1.6722E+06  3.4260E+04  1.5240E+05
0000555   1.7138E+06 -3.4624E+04  1.3014E+05
0000556   1.7054E+06  6.4250E+04 -3.9190E+04
0000557   1.7347E+06 -1.6053E+05 -6.5858E+04
0000558   1.6434E+06  4.9312E+04  5.8617E+04
0000559   1.7300E+06  1.4157E+05 -1.0767E+05
0000560   1.7342E+06 -5.5103E+04 -1.0216E+05
0000561   1.6588E+06  1.2572E+04 -9.2973E+03
0000562   1.6882E+06 -1.3072E+02  7.7601E+03
0000563   1.6423E+06  9.7845E+04  2.4608E+04
0000564   1.6747E+06  1.4066E+04  1.3473E+04
0000565   1.6842E+06  3.1268E+01  1.8765E+04
0000566   1.6773E+06 -4.2796E+04  3.2330E+04
0000567   1.6923E+06  9.9927E+03 -2.7248E+04
0000568   1.6820E+06 -3.3220E+04  4.7837E+04
0000569   1.7429E+06  1.8998E+04 -2.6478E+04
0000570   1.7137E+06 -3.3265E+04  1.3279E+04
0000571   1.6980E+06  6.0223E+04 -3.9453E+04
0000572   1.7065E+06 -4.2619E+04  4.1418E+04
0000573   1.6545E+06 -6.3782E+04  8.4454E+03
0000574   1.6720E+06 -8.3422E+04 -9.9560E+04
0000575   1.6530E+06 -2.9468E+05 -2.7017E+04
0000576   1.6982E+06  4.7068E+04 -2.5901E+04
0000577   1.6889E+06 -5.9314E+04  7.4956E+04
0000578   1.6668E+06 -2.5292E+03  5.3819E+04
0000579   1.6792E+06  5.4230E+04 -1.8429E+04
0000580   1.7212E+06  2.1846E+04 -3.4947E+04
0000581   1.6708E+06 -5.8748E+04  1.9569E+04
0000582   1.7422E+06  5.9868E+04 -1.3614E+05
0000583   1.6779E+06 -3.1822E+04  5.8095E+04
0000584   1.6699E+06  1.1586E+04 -5.2480E+04
0000585   1.6713E+06  9.4444E+04 -6.5380E+04
0000586   1.6915E+06  2.6751E+04  3.3740E+04
0000587   1.7209E+06 -1.6598E+04 -4.3613E+03
0000588   1.6913E+06  2.5489E+04  3.0899E+04
0000589   1.6814E+06  1.3600E+04  1.6525E+04
0000590   1.7000E+06 -8.2623E+03 -5.0992E+04
0000591   1.6926E+06  7.4073E+04  2.0150E+04
0000592   1.6864E+06 -9.8340E+04  4.8498E+04
0000593   1.7064E+06 -1.6893E+04  1.2902E+05
0000594   1.6542E+06  7.2952E+04  8.9136E+04
0000595   1.6512E+06 -5.5712E+04 -4.7100E+04
0000596   1.6915E+06  9.1721E+04  8.3391E+02
0000597   1.6351E+06 -5.6060E+04  5.7239E+04
0000598   1.7027E+06 -2.2962E+04  4.6899E+04
0000599   1.6600E+06 -1.6487E+05 -1.4776E+05
0000600   1.7087E+06 -6.3361E+04  9.6761E+03
0000601   1.6898E+06  1.7112E+04  1.2821E+03
0000602   1.7071E+06 -2.5668E+05 -1.8664E+05
0000603   1.7086E+06 -1.6280E+04  7.7259E+04
0000604   1.7173E+06 -6.8444E+03 -5.9246E+04
0000605   1.7040E+06  3.2382E+04 -7.8889E+04
0000606   1.7203E+06  4.5652E+04  5.1624E+04
0000607   1.6251E+06 -7.0348E+04 -1.4328E+04
0000608   1.7275E+06 -4.2779E+03  2.8897E+04
0000609   1.6691E+06  1.2243E+04 -6.0763E+04
0000610   1.7481E+06 -9.1382E+04 -1.2874E+05
0000611   1.7157E+06 -4.8659E+04 -1.4982E+04
0000612   1.7008E+06  4.9253E+04 -2.2792E+03
0000613   1.6968E+06  3.2250E+04 -6.6946E+04
0000614   1.7506E+06 -2.0915E+04 -3.9562E+04
0000615   1.6917E+06 -9.8653E+04 -3.6917E+04
0000616   1.6969E+06 -3.5089E+03 -1.2353E+04
0000617   1.6637E+06  8.9230E+04 -1.4748E+04
0000618   1.6664E+06  1.1234E+05 -7.7008E+03
0000619   1.6592E+06  2.8528E+04  4.4749E+04
0000620   1.6888E+06 -4.0745E+04 -1.9622E+04
0000621   1.6791E+06  2.8027E+04  2.0126E+05
0000622   1.7359E+06 -5.1218E+04 -2.3073E+02
0000623   1.7213E+06 -1.0999E+04  8.3905E+04
0000624   1.7378E+06  7.3527E+04  7.5150E+04
0000625   1.6897E+06  3.0860E+04 -1.4277E+05
0000626   1.6944E+06  3.4220E+04  1.1015E+05
0000627   1.7095E+06  6.7062E+03  4.7068E+04
0000628   1.6858E+06 -1.5518E+04 -2.0437E+04
0000629   1.6554E+06  1.4112E+04  1.9314E+04
0000630   1.7191E+06 -6.4485E+04  4.7637E+04
0000631   1.7360E+06  2.8225E+03  5.1306E+04
0000632   1.6835E+06  7.5438E+03  3.3441E+04
0000633   1.7253E+06 -2.7519E+03  2.5386E+04
0000634   1.6969E+06 -4.1169E+04 -5.4042E+04
0000635   1.7029E+06 -5.0757E+03 -4.2977E+04
0000636   1.7022E+06  2.4970E+03 -2.9215E+04
0000637   1.6646E+06  1.8237E+04 -1.1567E+04
0000638   1.6976E+06  1.4043E+04  7.9207E+03
0000639   1.6835E+06 -4.6858E+04 -4.1949E+04
0000640   1.6951E+06 -1.6995E+04  3.5839E+04
0000641   1.6827E+06  1.1088E+04  9.8595E+04
0000642   1.7408E+06 -1.9550E+04  7.1204E+03
0000643   1.6430E+06  3.1230E+04  1.8853E+04
0000644   1.6829E+06 -8.2964E+03  7.2964E+04
0000645   1.6620E+06  8.4994E+04 -3.5536E+04
0000646   1.6882E+06 -3.7799E+04 -1.4448E+04
0000647   1.6943E+06 -7.8910E+03 -4.8224E+04
0000648   1.7084E+06 -4.8104E+04 -3.6679E+04
0000649   1.6933E+06  3.3898E+04  3.8162E+04
0000650   1.6820E+06 -1.1768E+05  1.0119E+04
0000651   1.6884E+06  1.3416E+04  2.9174E+04
0000652   1.7033E+06 -1.5134E+04  1.9948E+04
0000653   1.7159E+06  8.3582E+04 -1.5411E+04
0000654   1.7034E+06  9.1634E+04  2.4309E+04
0000655   1.6496E+06  5.4623E+03  2.3129E+04
0000656   1.7248E+06  2.8580E+04 -2.4677E+04
0000657   1.6953E+06 -5.8550E+04 -4.0326E+04
0000658   1.6795E+06  2.8813E+04  2.8084E+04
0000659   1.7048E+06 -2.9677E+02 -1.0534E+03
0000660   1.7163E+06 -1.0528E+04 -6.5414E+04
0000661   1.7137E+06  6.4408E+04 -2.6220E+03
0000662   1.7359E+06  6.7494E+04  2.0819E+04
0000663   1.6763E+06 -1.0419E+04  7.0563E+04
0000664   1.6883E+06 -7.3188E+03 -1.8405E+04
0000665   1.6502E+06  3.3937E+04  3.1920E+04
0000666   1.6412E+06  1.7746E+05 -6.6201E+04
0000667   1.6882E+06 -2.8393E+04 -1.1899E+05
0000668   1.6654E+06 -1.5460E+05  1.0839E+04
0000669   1.6760E+06  4.0551E+04  5.4033E+04
0000670   1.6972E+06  1.5986E+04 -2.5738E+04
0000671   1.6694E+06  6.5020E+04  3.0834E+04
0000672   1.6824E+06  1.0317E+05 -1.0207E+05
0000673   1.6346E+06 -8.9130E+04 -7.3934E+03
0000674   1.6578E+06  2.0571E+04  1.1116E+03
0000675   1.7098E+06  6.0779E+04 -1.3761E+04
0000676   1.6632E+06  1.8292E+04  5.2291E+04
0000677   1.6902E+06 -1.2900E+04 -1.5424E+05
0000678   1.6250E+06 -1.3704E+04 -6.4087E+04
0000679   1.6928E+06  5.9783E+04  9.0389E+03
0000680   1.6977E+06  4.4787E+04 -7.4912E+04
0000681   1.7258E+06  1.6410E+04 -4.8068E+03
0000682   1.7255E+06  2.0028E+05  1.0181E+05
0000683   1.7464E+06 -5.2514E+03 -9.5120E+03
0000684   1.6793E+06 -1.2420E+04  5.6753E+03
0000685   1.6821E+06 -1.9183E+03 -3.2216E+04
0000686   1.6996E+06  1.8983E+03 -9.3823E+04
0000687   1.6478E+06 -6.2146E+03  5.7498E+04
0000688   1.7173E+06  8.9942E+04  8.8478E+03
0000689   1.6635E+06  8.2282E+04 -6.0023E+04
0000690   1.7358E+06  3.1162E+03 -1.2567E+04
0000691   1.7154E+06  1.1467E+04  3.5931E+03
0000692   1.7247E+06  7.5952E+03 -4.2464E+04
0000693   1.6673E+06 -1.7043E+03 -2.0353E+04
0000694   1.6964E+06  1.6378E+03  3.4346E+04
0000695   1.6879E+06  1.0709E+04  1.1465E+05
0000696   1.6838E+06  3.5749E+04  1.1782E+04
0000697   1.7160E+06 -7.9701E+04 -5.5412E+04
0000698   1.7364E+06 -1.5589E+04  8.3931E+04
0000699   1.6229E+06  9.9000E+04  6.6367E+04
0000700   1.6954E+06 -3.3779E+04 -3.2671E+04
0000701   1.7018E+06  4.1253E+04 -4.8415E+04
0000702   1.7447E+06 -5.2159E+04 -1.2242E+03
0000703   1.6654E+06 -7.4481E+04  8.8091E+04
0000704   1.7090E+06 -2.9918E+04  1.4814E+04
0000705   1.6776E+06  2.1401E+04 -1.0609E+05
0000706   1.7209E+06  5.0176E+04  2.4309E+04
0000707   1.6924E+06 -7.7667E+04  1.3122E+04
0000708   1.7186E+06 -1.7103E+04  3.3647E+02
0000709   1.7155E+06 -1.2341E+05  2.0210E+04
0000710   1.6768E+06 -7.1715E+04  4.7609E+04
0000711   1.6911E+06  9.8700E+03 -7.8235E+04
0000712   1.6954E+06 -6.2842E+04 -3.8102E+04
0000713   1.6995E+06  9.0623E+04 -1.8297E+04
0000714   1.6789E+06  1.9192E+04  7.3804E+04
0000715   1.7599E+06  6.8090E+04  6.2175E+04
0000716   1.6749E+06  3.9247E+03 -8.9630E+04
0000717   1.7001E+06  2.6006E+04  5.0216E+04
0000718   1.7068E+06  5.2955E+04 -8.5885E+04
0000719   1.6802E+06 -5.4292E+03  4.5967E+04
0000720   1.7658E+06 -1.8085E+04  5.6799E+04
0000721   1.7171E+06 -1.0857E+04  2.2662E+04
0000722   1.6648E+06  1.3304E+05  2.9936E+05
0000723   1.6931E+06 -1.5535E+04  1.0690E+05
0000724   1.6715E+06  1.0787E+03 -4.6005E+04
0000725   1.6955E+06 -3.4259E+04  9.6851E+02
0000726   1.6810E+06 -4.3959E+04 -9.8717E+04
0000727   1.6544E+06  1.5528E+04  1.0239E+04
0000728   1.6957E+06  1.1066E+05 -1.4626E+05
0000729   1.6651E+06 -1.5140E+04  8.5229E+04
0000730   1.7381E+06  5.1587E+04  2.3069E+04
0000731   1.6826E+06  6.2783E+04  1.3413E+05
0000732   1.7373E+06  1.1367E+05 -3.3241E+04
0000733   1.7600E+06 -1.0597E+05  8.2014E+04
0000734   1.7298E+06 -4.4416E+04  4.5977E+04
0000735   1.6939E+06 -8.0760E+04 -2.3739E+04
0000736   1.7060E+06 -3.1570E+04 -1.5203E+04
0000737   1.6712E+06 -1.9897E+04  1.4436E+05
0000738   1.6097E+06 -8.3234E+04 -1.2281E+04
0000739   1.7045E+06  3.9813E+04 -4.2449E+04
0000740   1.6711E+06  7.9135E+04  5.7475E+04
0000741   1.6816E+06 -1.6199E+03 -2.5011E+04
0000742   1.7144E+06  3.8975E+04  2.2494E+04
0000743   1.6622E+06 -6.9226E+04  1.2955E+05
0000744   1.7003E+06  7.2863E+04 -3.6440E+04
0000745   1.6519E+06  8.3687E+04  7.0174E+04
0000746   1.7017E+06 -3.8613E+04 -2.5696E+04
0000747   1.6893E+06 -1.3604E+05 -3.6094E+04
0000748   1.6768E+06  5.1140E+04 -1.4949E+04
0000749   1.7059E+06 -9.8339E+03  2.8925E+04
0000750   1.7560E+06 -6.1799E+04 -4.6632E+03
0000751   1.6962E+06 -7.7817E+04 -6.9444E+04
0000752   1.7250E+06  2.3556E+04 -1.9304E+04
0000753   1.6730E+06 -9.7468E+04 -1.0739E+05
0000754   1.7171E+06 -5.3774E+04 -5.5575E+04
0000755   1.7344E+06 -1.2430E+05 -1.6247E+04
0000756   1.6985E+06  3.8417E+04  4.8505E+04
0000757   1.6844E+06 -7.6843E+04  7.1953E+04
0000758   1.6665E+06  2.2963E+04  5.1032E+04
0000759   1.7498E+06 -1.4690E+04  1.0413E+05
0000760   1.6968E+06 -2.0903E+04  5.6095E+04
0000761   1.6618E+06  5.5038E+04  1.4947E+05
0000762   1.6605E+06  2.2433E+04 -1.1796E+04
0000763   1.7223E+06 -1.1484E+04 -2.9993E+03
0000764   1.7225E+06 -6.8658E+04 -1.0385E+04
0000765   1.7068E+06 -1.8656E+04 -3.8106E+04
0000766   1.7091E+06 -3.8693E+04  6.6757E+04
0000767   1.7098E+06 -1.0378E+05  4.9852E+03
0000768   1.6954E+06 -4.7144E+04  8.1133E+03
0000769   1.6830E+06  5.8114E+04 -3.5158E+04
0000770   1.6792E+06 -1.0922E+03  4.7723E+04
0000771   1.6531E+06 -5.7441E+04 -1.2036E+05
0000772   1.6965E+06 -7.5242E+04 -3.6038E+04
0000773   1.6732E+06  7.8317E+03 -1.6756E+04
0000774   1.6989E+06 -6.1377E+04 -4.5639E+03
0000775   1.6845E+06 -2.9922E+04 -5.6605E+04
0000776   1.6834E+06 -2.8635E+04  1.1952E+05
0000777   1.6929E+06  2.2281E+04  6.5874E+04
0000778   1.7154E+06  9.1164E+04 -6.9286E+04
0000779   1.6411E+06 -1.8337E+05  1.0493E+05
0000780   1.6919E+06  4.8311E+03  3.1131E+04
0000781   1.6865E+06 -4.2366E+04  9.4573E+04
0000782   1.6855E+06 -5.5341E+04  2.3928E+04
0000783   1.6953E+06 -2.1974E+04  4.4236E+04
0000784   1.6558E+06 -8.2032E+04  4.2781E+04
0000785   1.7341E+06 -1.9817E+04  6.3714E+04
0000786   1.7263E+06 -1.4105E+04  1.2305E+04
0000787   1.7112E+06 -4.2935E+04  6.3633E+04
0000788   1.6304E+06  5.6051E+04  6.7203E+04
0000789   1.6819E+06  7.5267E+03 -1.2591E+05
0000790   1.6739E+06 -1.4078E+04  2.5260E+03
0000791   1.6801E+06  6.6109E+03 -3.0624E+04
0000792   1.7046E+06  6.3509E+04  3.1380E+04
0000793   1.6832E+06 -5.7528E+04  7.5515E+04
0000794   1.7216E+06 -2.8280E+04 -3.8910E+04
0000795   1.7848E+06 -6.5714E+04 -7.1349E+04
0000796   1.6970E+06  2.7066E+04  3.4099E+04
0000797   1.6565E+06  1.0336E+04 -4.7407E+04
0000798   1.6632E+06 -5.5959E+03 -1.2736E+05
0000799   1.7532E+06  1.1844E+05  3.1518E+03
0000800   1.7038E+06  5.6825E+04 -1.0467E+05
0000801   1.6438E+06 -1.9190E+04  7.6884E+04
0000802   1.6803E+06  2.0717E+04  1.4623E+05
0000803   1.7395E+06  6.0624E+04 -2.9804E+03
0000804   1.7036E+06 -1.1356E+05  8.0455E+03
0000805   1.7043E+06 -1.1419E+05  3.0622E+04
0000806   1.7235E+06  3.8897E+04  5.6110E+04
0000807   1.6224E+06  5.9660E+04  2.0434E+04
0000808   1.7000E+06 -6.7236E+03 -2.9345E+04
0000809   1.6772E+06 -1.4174E+05  1.1172E+05
0000810   1.7108E+06 -3.4014E+04 -1.5632E+04
0000811   1.6494E+06 -3.1742E+04  2.6477E+03
0000812   1.7274E+06 -3.1717E+04  1.2723E+04
0000813   1.7118E+06 -2.1269E+04 -7.8954E+04
0000814   1.7147E+06 -8.2342E+04  1.6419E+05
0000815   1.7186E+06 -6.3157E+04  5.6321E+04
0000816   1.6686E+06 -1.9428E+04 -1.0494E+05
0000817   1.6725E+06 -4.9382E+03 -3.0613E+04
0000818   1.7074E+06  2.0147E+04  1.8965E+04
0000819   1.6731E+06  1.1441E+05  2.4386E+05
0000820   1.7182E+06 -5.7840E+04 -4.0501E+04
0000821   1.6995E+06  2.2799E+04  5.2391E+03
0000822   1.6633E+06 -3.1778E+04 -3.1000E+03
0000823   1.7302E+06 -6.9478E+04 -8.4851E+03
0000824   1.6732E+06  2.7865E+04 -3.6992E+04
0000825   1.6537E+06  1.7427E+05 -2.6890E+04
0000826   1.6577E+06  6.9230E+04 -7.5235E+04
0000827   1.7008E+06  1.6087E+04 -8.5340E+03
0000828   1.7027E+06 -6.4152E+04  1.9536E+05
0000829   1.7053E+06  2.7942E+04  4.5593E+03
0000830   1.7198E+06  3.0921E+04  3.2988E+04
0000831   1.6982E+06 -1.2859E+04 -1.2955E+05
0000832   1.6599E+06 -8.4541E+03 -6.7845E+04
0000833   1.6836E+06 -1.4235E+05  2.1467E+03
0000834   1.6924E+06  5.7520E+04  4.7699E+03
0000835   1.7313E+06 -5.0004E+03  3.2802E+04
0000836   1.6977E+06  5.5270E+04 -7.6984E+03
0000837   1.7054E+06 -3.2053E+04  6.3880E+02
0000838   1.5860E+06  6.5742E+03  2.9952E+04
0000839   1.6430E+06  3.4075E+04  5.7858E+04
0000840   1.7189E+06 -1.4539E+05 -5.0546E+04
0000841   1.7412E+06  1.0077E+05 -1.1889E+05
0000842   1.6848E+06  1.9403E+03  8.3179E+03
0000843   1.7327E+06 -3.0242E+04 -2.2500E+04
0000844   1.6751E+06 -2.4942E+04 -8.4824E+04
0000845   1.7006E+06  2.3267E+03  8.0766E+03
0000846   1.6938E+06  4.0379E+04 -2.5152E+04
0000847   1.6582E+06  6.3064E+04  1.2530E+04
0000848   1.6969E+06 -3.4948E+04  6.9977E+03
0000849   1.6988E+06 -9.9165E+04 -2.7777E+04
0000850   1.7076E+06 -1.2202E+05  5.2422E+04
0000851   1.7170E+06 -4.0251E+04 -5.7978E+04
0000852   1.6577E+06 -1.4833E+04  3.3547E+04
0000853   1.6677E+06 -5.1122E+04  9.6589E+04
0000854   1.7386E+06  2.8912E+04 -6.0468E+04
0000855   1.6602E+06  8.4741E+04 -5.9041E+03
0000856   1.7540E+06 -2.1165E+04 -9.8679E+04
0000857   1.6861E+06 -5.4930E+04 -1.0153E+03
0000858   1.7140E+06  1.3252E+05 -2.7727E+04
0000859   1.6950E+06 -6.7704E+04  1.0073E+05
0000860   1.6784E+06 -4.9147E+04  3.9106E+04
0000861   1.6614E+06  2.6700E+04 -1.2219E+05
0000862   1.7164E+06 -7.8870E+04  1.0897E+04
0000863   1.6883E+06  2.4627E+03  3.7699E+04
0000864   1.7015E+06 -2.0328E+04 -1.2283E+04
0000865   1.6576E+06 -3.0988E+04  3.7247E+04
0000866   1.7218E+06  1.5280E+05 -6.6197E+04
0000867   1.7206E+06  4.1037E+04 -1.4527E+05
0000868   1.6865E+06 -5.4566E+03  7.8663E+04
0000869   1.7148E+06  5.1911E+04  3.6364E+04
0000870   1.7230E+06  6.8426E+04  2.5859E+03
0000871   1.6822E+06  7.6303E+04  2.0632E+04
0000872   1.7140E+06  3.3198E+04  5.0902E+04
0000873   1.6610E+06 -7.1458E+04 -2.0882E+04
0000874   1.7234E+06  2.4251E+04  3.1761E+04
0000875   1.7003E+06  1.5296E+05 -5.3440E+04
0000876   1.7382E+06  6.0902E+04 -1.9323E+04
0000877   1.6253E+06 -5.6964E+04  1.0365E+05
0000878   1.7274E+06 -4.7953E+04 -2.8805E+04
0000879   1.7715E+06  1.6067E+04  5.4799E+04
0000880   1.7048E+06  9.1742E+04 -1.2974E+05
0000881   1.5616E+06 -1.5474E+05 -5.2540E+05
0000882   1.6971E+06  4.3034E+04 -1.6710E+04
0000883   1.6799E+06 -1.0776E+04 -1.2858E+04
0000884   1.5879E+06  7.4275E+03  1.0864E+05
0000885   1.6998E+06 -4.9212E+04 -2.6299E+04
0000886   1.7387E+06  5.0285E+04  8.4606E+04
0000887   1.6877E+06  1.5354E+04  1.3571E+05
0000888   1.6775E+06  4.0177E+03 -1.2737E+04
0000889   1.6864E+06 -7.9507E+03  1.2837E+04
0000890   1.7074E+06  1.3238E+05  5.9890E+04
0000891   1.7416E+06  1.8560E+04  1.5419E+04
0000892   1.6827E+06  1.2884E+04  2.8151E+04
0000893   1.6926E+06  2.7278E+04 -8.0983E+04
0000894   1.6865E+06 -1.3035E+05 -1.8672E+04
0000895   1.6603E+06 -1.2983E+04 -7.6673E+04
0000896   1.7257E+06  2.3160E+04  4.1634E+04
0000897   1.7091E+06  2.3750E+03 -1.3426E+04
0000898   1.6991E+06  1.1820E+05 -8.1320E+04
0000899   1.7228E+06 -7.3469E+04 -1.2120E+04
0000900   1.6871E+06  3.3568E+04 -4.1274E+02
0000901   1.7186E+06  2.1942E+04 -3.7527E+04
0000902   1.7204E+06 -1.8635E+03  7.5473E+03
0000903   1.6532E+06 -1.0961E+05 -1.0497E+05
0000904   1.6839E+06 -1.4710E+05 -4.0250E+04
0000905   1.6567E+06 -3.8253E+04 -7.0760E+04
0000906   1.6890E+06  8.9969E+04 -3.7028E+04
0000907   1.6678E+06  8.6410E+04 -3.4348E+04
0000908   1.6406E+06  2.6014E+04  9.5690E+04
0000909   1.6841E+06  4.0452E+03  1.2893E+05
0000910   1.6971E+06  1.7332E+03  6.0806E+04
0000911   1.7268E+06 -1.9838E+04  2.9481E+03
0000912   1.6569E+06  7.8839E+04  3.3124E+04
0000913   1.6614E+06  3.5384E+04  6.1240E+04
0000914   1.7414E+06  1.5153E+04 -1.2379E+04
0000915   1.7333E+06  2.2746E+02  6.1952E+03
0000916   1.6927E+06  3.7576E+04 -9.6752E+04
0000917   1.7038E+06 -2.5832E+04 -2.9317E+04
0000918   1.6824E+06  9.9631E+04 -8.2462E+04
0000919   1.7217E+06  4.3796E+04 -3.1856E+04
0000920   1.7257E+06 -1.4745E+05 -9.4521E+04
0000921   1.7265E+06 -6.3267E+03  5.7698E+03
0000922   1.6948E+06  6.4504E+04  1.6709E+04
0000923   1.6710E+06  1.5077E+02  2.4092E+04
0000924   1.6605E+06  4.2378E+04  2.5240E+04
0000925   1.6971E+06 -1.1168E+05  1.2138E+05
0000926   1.6631E+06 -3.4782E+04  1.0230E+05
0000927   1.7289E+06  3.4568E+04  4.2916E+03
0000928   1.7629E+06  9.8429E+04 -1.0860E+05
0000929   1.6794E+06  4.2114E+02 -2.1203E+03
0000930   1.6854E+06  1.2745E+05  4.0781E+04
0000931   1.7000E+06 -2.0505E+01  6.5592E+04
0000932   1.7197E+06 -6.1737E+04  1.2552E+04
0000933   1.6826E+06 -8.0705E+04 -4.0334E+04
0000934   1.6869E+06  3.3020E+04 -6.6888E+02
0000935   1.6891E+06  1.9222E+04  1.2137E+04
0000936   1.7228E+06  1.3822E+03  5.4784E+04
0000937   1.7124E+06 -1.2191E+05 -2.0476E+04
0000938   1.6946E+06  3.4932E+04 -5.2765E+04
0000939   1.6975E+06  4.2362E+04  3.0826E+04
0000940   1.6525E+06  1.3096E+05  1.2337E+05
0000941   1.6767E+06 -3.3988E+04 -6.2454E+01
0000942   1.6207E+06  2.1479E+05 -5.1665E+03
0000943   1.6970E+06  2.9813E+03  1.1003E+04
0000944   1.6841E+06 -2.3943E+04  1.6415E+04
0000945   1.7355E+06  2.2548E+04 -8.0689E+04
0000946   1.6985E+06  8.2804E+04  3.3729E+04
0000947   1.7008E+06 -7.7979E+04 -5.1046E+04
0000948   1.6902E+06  5.7646E+03  1.8442E+04
0000949   1.6985E+06 -2.0132E+04  1.9958E+04
0000950   1.6632E+06  7.6497E+04  3.4963E+04
0000951   1.7242E+06  1.3148E+05 -1.3818E+04
0000952   1.6885E+06  5.2728E+03  3.2426E+03
0000953   1.6859E+06  5.0661E+04 -4.4364E+04
0000954   1.6886E+06  1.5186E+04 -9.0694E+04
0000955   1.7133E+06  4.9376E+04  5.8494E+04
0000956   1.7210E+06 -5.5081E+04  6.0400E+04
0000957   1.6862E+06 -8.0660E+04 -2.9743E+05
0000958   1.6799E+06  1.4144E+04  7.6237E+04
0000959   1.6961E+06  6.7373E+04  5.5828E+04
0000960   1.7145E+06 -1.0980E+04 -6.8021E+04
0000961   1.7057E+06 -1.1349E+05  3.5858E+04
0000962   1.7196E+06  1.7952E+04 -8.1855E+04
0000963   1.7270E+06  1.6264E+04  2.6635E+04
0000964   1.6658E+06 -3.1234E+04  4.7612E+04
0000965   1.7299E+06  2.6393E+03  1.4431E+04
0000966   1.7055E+06 -6.0727E+04 -1.7914E+04
0000967   1.6714E+06  5.9633E+04 -4.7261E+04
0000968   1.6920E+06 -2.8442E+04  8.6407E+04
0000969   1.6738E+06 -7.2450E+04  7.8864E+03
0000970   1.6915E+06  7.3809E+04 -4.4911E+04
0000971   1.6807E+06 -1.1689E+04 -1.2256E+04
0000972   1.7055E+06 -3.3393E+03 -3.1645E+04
0000973   1.6948E+06  1.9052E+04 -6.5336E+04
0000974   1.6706E+06  1.7359E+04 -7.7765E+04
0000975   1.7070E+06 -1.2115E+05 -1.0850E+04
0000976   1.6648E+06  5.1063E+04  7.7905E+04
0000977   1.6705E+06  5.2825E+04  3.8894E+03
0000978   1.7138E+06  1.0936E+04 -3.5827E+03
0000979   1.6886E+06 -3.3746E+04  5.4398E+04
0000980   1.6519E+06 -2.2216E+05 -1.3152E+05
0000981   1.7617E+06  4.1947E+03  9.7772E+04
0000982   1.7101E+06 -4.2525E+04  4.8600E+04
0000983   1.6853E+06  5.9344E+03  4.1577E+04
0000984   1.6408E+06 -2.0711E+04  5.9703E+03
0000985   1.6555E+06 -2.0428E+04 -2.6493E+04
0000986   1.6965E+06  7.2986E+04 -3.9219E+04
0000987   1.6990E+06  7.0106E+04 -5.9514E+04
0000988   1.6676E+06 -9.3791E+04 -1.2784E+05
0000989   1.6936E+06 -1.7071E+04 -8.2033E+04
0000990   1.6494E+06 -2.6493E+04  1.3390E+04
0000991   1.7315E+06 -4.0364E+04 -2.9795E+04
0000992   1.7001E+06 -4.8551E+03  2.4999E+04
0000993   1.6654E+06  1.7866E+05 -1.0244E+05
0000994   1.7362E+06  5.5725E+03 -3.7799E+03
0000995   1.6981E+06  5.7396E+03  8.3792E+04
0000996   1.6578E+06  3.1931E+04  4.5201E+04
0000997   1.6960E+06 -1.9837E+04  4.1928E+04
0000998   1.6895E+06  4.4942E+04  1.0130E+04
0000999   1.6801E+06 -7.9929E+04 -3.7942E+04
0001000   1.6890E+06 -8.6538E+04  4.1737E+04
