0   	   24.7020	  0.994899	  133.6597	    6.1456
1   	   13.4442	  0.998103	   43.1435	   17.9673
2   	   43.8731	  0.995165	   58.1856	  236.3272
3   	   21.0978	  0.997508	   53.7423	    0.0000
4   	  -21.4018	  1.002585	   86.3035	    0.0000
5   	    5.3395	  0.999383	   49.5379	   39.5681
6   	  -43.4999	  1.005727	  100.0860	    2.1363
7   	   10.2580	  0.998558	   43.9564	   15.7594
8   	  -91.8783	  1.011123	   41.8862	  131.4739
9   	   31.2164	  0.997014	   36.7200	  203.0928
10  	   -9.2668	  1.001368	   31.5602	    1.5043
11  	  -85.8927	  1.010735	   31.8734	   88.9971
12  	  -90.3549	  1.010735	   21.7388	  124.7754
13  	   73.7311	  0.990963	   64.0192	  270.0564
14  	  110.1178	  0.987475	  115.3652	    2.6530
15  	   69.4342	  0.989780	  132.8875	   40.0889
16  	   -4.7362	  1.001037	   50.2693	   11.4109
17  	   81.7241	  0.989874	   52.3470	  244.3993
18  	   18.8808	  0.997962	   45.6674	   15.2593
19  	   83.8965	  0.991092	   49.0683	    0.7320
20  	   62.6574	  0.990535	   65.4107	   58.9059
21  	   40.2343	  0.993033	   30.1781	  149.7941
22  	   -9.8217	  1.001645	   54.9306	    1.8429
23  	  -39.2927	  1.005416	   26.4707	  234.3406
24  	  -90.7595	  1.010147	   29.4744	   12.3697
25  	   50.6995	  0.994163	   62.6194	  256.6016
26  	  -20.8771	  1.002423	   67.9418	   10.3470
27  	   94.9325	  0.987075	  121.1515	    5.1298
28  	   23.7604	  0.996539	   27.5407	   13.6837
29  	 -106.0562	  1.012223	  111.4642	   22.8139
30  	  -97.7289	  1.010743	  106.4921	    1.9526
31  	   76.3896	  0.989022	   52.0074	    9.5187
32  	  -50.5938	  1.005655	   28.2932	  210.9583
33  	 -171.8957	  1.021964	   29.4877	   58.8016
34  	 -120.6968	  1.015831	   50.9376	  420.3087
35  	  -16.1173	  1.002456	   29.7162	  129.0782
36  	   10.1998	  0.998378	   85.9898	   56.5231
37  	   77.4934	  0.988953	  139.0626	    8.5509
38  	  -55.1870	  1.008360	  166.2289	    1.0096
39  	   87.7990	  0.989715	   83.4841	   94.1716
40  	   37.6045	  0.995880	   43.0547	  282.2602
41  	  -40.0424	  1.006958	   31.8023	  157.6222
42  	 -177.4094	  1.021822	  102.6308	    4.5239
43  	   49.3437	  0.993649	   96.6886	    0.0592
44  	   40.8447	  0.993782	  116.4864	    5.3844
45  	  197.7528	  0.975296	  125.2273	   10.3189
46  	 -117.5724	  1.015571	   33.9158	  150.6827
47  	  -15.8264	  1.002204	   69.0838	    1.2555
48  	  -30.3017	  1.003977	  132.1125	    6.6359
49  	  -29.6652	  1.003347	  105.2201	   27.4700
50  	   32.3601	  0.995572	   56.9915	   48.6461
51  	  -19.3850	  1.002417	   40.3988	   30.8987
52  	   37.0644	  0.994739	   71.0355	  835.4630
53  	 -107.1993	  1.014463	   72.9924	   26.2906
54  	   41.7431	  0.995026	   81.5055	    0.3182
55  	  -51.3541	  1.005400	   41.0232	  121.5558
56  	  161.3614	  0.979314	   69.2520	   74.6729
57  	  -44.9377	  1.005937	   35.9682	    2.8939
58  	  -41.4337	  1.005408	   68.8856	    4.0668
59  	  -75.9738	  1.010940	  103.4597	    1.3573
60  	  -17.6957	  1.002112	   30.6994	    0.1496
61  	  -27.5305	  1.003596	  100.6255	  629.0916
62  	  -26.8804	  1.003823	   31.7711	  213.9604
63  	  -27.9348	  1.001729	   55.9304	   40.3175
64  	  -40.6357	  1.006381	  125.2508	  363.7368
65  	  -40.8594	  1.005263	   42.4206	    1.9708
66  	  -69.1134	  1.010182	   62.6147	    2.1016
67  	  -65.0721	  1.008842	   48.6014	    0.1370
68  	 -134.0794	  1.017431	   53.7822	  206.5186
69  	  -70.6306	  1.009993	  108.1502	  905.5578
70  	   11.5314	  0.999215	  133.0321	  368.2600
71  	    1.2878	  1.000223	   39.7947	    1.3270
72  	  -21.0138	  1.002418	  104.9759	    5.4860
73  	   36.3658	  0.994835	  133.6692	  834.9345
74  	  115.7355	  0.985769	  134.5940	  117.3798
75  	   27.3479	  0.994743	   38.7621	  213.9329
76  	  -46.9032	  1.005996	  100.0812	    3.5885
77  	  -41.2485	  1.004580	   57.5879	  271.2078
78  	  -25.2921	  1.002965	   78.4183	   18.3236
79  	   79.3686	  0.989112	  165.4168	   80.0155
80  	   10.7382	  0.998799	  236.5950	   14.7376
81  	   52.7079	  0.993982	  131.4004	  227.5312
82  	  -19.9998	  1.000000	   79.6924	    0.0000
83  	  -20.5638	  1.002063	  127.8533	    3.9509
84  	   84.5362	  0.989109	   46.7628	    5.3176
85  	 -131.0883	  1.015354	   88.1087	    3.9918
86  	   25.1218	  0.996396	   56.5557	    3.9895
87  	  -38.5857	  1.005513	   53.2977	  174.1188
88  	   53.8184	  0.991635	   51.0795	    4.7851
89  	   48.9106	  0.992028	   46.2555	  195.4022
90  	   86.8636	  0.989647	   87.9341	  135.5400
91  	    9.6436	  0.998004	  131.7302	   18.7453
92  	  -59.1611	  1.006972	   39.0720	    0.3748
93  	 -121.2406	  1.014922	   30.1054	   66.7408
94  	  -10.2650	  1.000622	  167.5806	  390.5149
95  	   -0.9556	  0.999649	  128.1409	   62.0615
96  	    7.6390	  0.998965	   46.5174	   67.1550
97  	  -16.3096	  1.002015	   57.5672	  724.5137
98  	   50.1003	  0.994762	   54.6012	  119.1197
99  	   22.5788	  0.998266	   42.1105	  184.5841
100 	  114.4717	  0.984892	  111.1662	  449.9565
101 	   41.8302	  0.992848	   59.3378	  157.7389
102 	   -6.8275	  0.998483	   54.8403	    7.5855
103 	   -1.2423	  1.000963	   98.1209	   59.4610
104 	   58.9608	  0.993195	  134.8767	  206.9715
105 	  -44.2655	  1.004893	   71.5820	  240.3625
106 	  -11.3304	  1.001057	   37.5690	    0.6406
107 	   -1.0254	  1.001383	   96.7052	  218.2127
108 	  -23.3746	  1.002654	  102.2088	   38.7558
109 	   70.3666	  0.990369	   64.0376	  144.7462
110 	 -141.3427	  1.018433	   47.8421	    6.2276
111 	  -87.5666	  1.012243	   51.4798	    9.9417
112 	  111.8346	  0.985094	   47.8891	   60.6529
113 	  -44.6513	  1.007171	   61.1584	  278.2138
114 	 -114.7344	  1.015341	   28.1849	   11.6113
115 	  -53.9356	  1.005833	   76.0086	  139.4618
116 	  -17.4013	  1.001345	   36.2286	  155.3901
117 	  -24.9282	  1.002849	   49.8821	    9.1689
118 	 -128.7881	  1.016794	   86.8807	  255.1025
119 	    5.8438	  0.999064	  232.8783	  810.2331
120 	  119.1583	  0.984353	  216.0163	  408.2150
121 	 -138.3612	  1.017888	   33.8837	  291.5851
122 	   -5.2685	  1.000369	   77.1690	  539.6146
123 	    4.5940	  0.997274	   76.1585	   58.9323
124 	  -34.3420	  1.004113	   55.6503	    0.9342
125 	  -57.0765	  1.006590	  102.2478	  225.5511
126 	  -40.3963	  1.006999	   49.1104	  159.5171
127 	 -111.5968	  1.014988	  133.4867	    8.5552
128 	 -106.8065	  1.014483	  131.8014	    2.2042
129 	 -145.2182	  1.018686	  104.9851	  247.8542
130 	  -98.8239	  1.013576	  126.9685	    3.6801
131 	    0.0000	  1.000000	    0.0000	  999.0000
132 	   21.7064	  0.997889	  146.0439	    5.2126
133 	  -10.5702	  1.001345	   49.8523	   15.2500
134 	  120.8340	  0.984055	  196.2159	   33.3285
135 	  -28.6470	  1.003422	   82.8653	  480.3164
136 	   -1.8365	  1.001266	  160.5644	  289.4958
137 	  -29.8182	  1.003820	  171.4284	  677.5719
138 	  -44.9844	  1.004437	   91.3720	  101.9543
139 	   42.7719	  0.994351	   51.9721	   57.5726
140 	  -10.4669	  1.001648	   73.7599	  826.5040
141 	 -177.8360	  1.022480	  133.5554	   87.3895
142 	  -40.5148	  1.005486	   76.2324	  773.7851
143 	  -67.9759	  1.008794	  104.9843	  483.7277
144 	  -70.6296	  1.009993	  106.6714	  905.5756
145 	   51.1648	  0.993806	  145.1245	    9.8809
146 	   10.4245	  1.000106	  121.4375	  140.9004
147 	    0.9073	  0.999173	   85.3245	   78.5795
148 	 -106.7808	  1.014666	  157.1894	  722.6005
149 	   63.6449	  0.993214	   52.3162	   61.7478
150 	  -60.6912	  1.008112	  117.6202	   33.3079
151 	  -54.4123	  1.006210	  128.4814	  220.8295
152 	   55.4195	  0.994156	   36.7612	   86.4108
153 	  -45.3590	  1.005368	  131.4451	  348.8966
154 	 -139.6195	  1.016533	  130.7469	    4.6250
155 	  -57.3440	  1.008959	  170.9949	  263.4647
156 	 -204.0298	  1.025522	  134.0881	   17.2692
157 	 -191.5150	  1.024150	  108.2777	    2.9344
158 	  -50.0369	  1.008071	  173.1482	   83.6281
159 	  -66.4422	  1.010010	   95.7028	  330.3707
160 	   -5.4264	  1.000951	  126.1630	  820.9280
161 	   89.6466	  0.987529	   62.0366	    3.2022
162 	  -78.5286	  1.009312	  131.9945	  169.7649
163 	   19.9997	  1.000000	  167.9970	    0.0000
164 	  -50.9348	  1.005472	  122.2629	  150.6888
165 	   44.0864	  0.996168	  165.4945	   22.8321
166 	 -103.3112	  1.013970	  104.0653	   98.8374
167 	   49.3911	  0.992284	  211.6167	  451.0358
168 	  -81.2933	  1.011581	  171.7823	    6.0553
169 	  -51.5921	  1.004609	  129.0044	    8.7208
170 	  -86.3521	  1.009911	  128.3993	   71.5776
171 	  -64.7397	  1.007755	  173.4612	  261.8016
172 	  -52.8838	  1.006332	  106.9524	  342.4640
173 	 -179.0584	  1.022763	  104.8988	   30.5742
174 	  -28.0885	  1.002182	  131.7964	  111.8809
175 	  153.0999	  0.980223	  194.0709	  129.7694
176 	    0.0000	  1.000000	    0.0000	  999.0000
177 	  -84.3827	  1.010954	    0.0000	    0.0000
178 	    0.0000	  1.000000	    0.0000	  999.0000
179 	    0.0000	  1.000000	    0.0000	  999.0000
180 	    0.0000	  1.000000	    0.0000	  999.0000
181 	    0.0000	  1.000000	    0.0000	  999.0000
182 	 -656.4181	  1.091079	    0.0000	    0.0000
183 	    0.0000	  1.000000	    0.0000	  999.0000
184 	    0.0000	  1.000000	    0.0000	  999.0000
185 	    3.8132	  0.999135	   66.5970	    0.4229
186 	    0.0000	  1.000000	    0.0000	  999.0000
187 	    0.0000	  1.000000	    0.0000	  999.0000
188 	    0.0000	  1.000000	    0.0000	  999.0000
189 	   14.6991	  0.998223	   67.2070	    0.0000
190 	   71.5295	  0.989528	   61.3213	    0.0000
191 	    0.0000	  1.000000	    0.0000	  999.0000
192 	  -44.6993	  1.006044	    0.0000	    0.0000
193 	    0.0000	  1.000000	    0.0000	  999.0000
194 	    0.0000	  1.000000	    0.0000	  999.0000
195 	    0.0000	  1.000000	    0.0000	  999.0000
196 	    0.0000	  1.000000	    0.0000	  999.0000
197 	    0.0000	  1.000000	    0.0000	  999.0000
198 	    0.0000	  1.000000	    0.0000	  999.0000
199 	    0.0000	  1.000000	    0.0000	  999.0000
200 	    0.0000	  1.000000	    0.0000	  999.0000
201 	    0.0000	  1.000000	    0.0000	  999.0000
202 	    0.0000	  1.000000	    0.0000	  999.0000
203 	 -246.7667	  1.034248	    0.0000	    0.0000
204 	    0.0000	  1.000000	    0.0000	  999.0000
205 	    0.0000	  1.000000	    0.0000	  999.0000
206 	    0.0000	  1.000000	    0.0000	  999.0000
207 	   14.4987	  0.998656	    0.0000	    0.0000
208 	    0.0000	  1.000000	    0.0000	  999.0000
209 	  -64.3718	  1.007013	    0.0000	    0.0000
210 	    0.0000	  1.000000	    0.0000	  999.0000
211 	    3.5504	  0.999012	   88.0167	    0.0000
212 	    0.0000	  1.000000	    0.0000	  999.0000
213 	    0.0000	  1.000000	    0.0000	  999.0000
214 	    0.0000	  1.000000	    0.0000	  999.0000
215 	    0.0000	  1.000000	    0.0000	  999.0000
216 	    0.0000	  1.000000	    0.0000	  999.0000
217 	    0.0000	  1.000000	    0.0000	  999.0000
218 	    0.0000	  1.000000	    0.0000	  999.0000
219 	    0.0000	  1.000000	    0.0000	  999.0000
220 	    0.0000	  1.000000	    0.0000	  999.0000
221 	    0.0000	  1.000000	    0.0000	  999.0000
222 	    0.0000	  1.000000	    0.0000	  999.0000
223 	  216.4441	  0.969669	    0.0000	    0.0000
