Ch	b		k		FWHM	Peak_RMS_Err
0	-14.5365	0.9975	30.1054	3.4753
1	-18.0615	0.9987	27.3650	3.4753
2	-13.1374	0.9977	27.2586	3.4753
3	-24.9943	0.9997	28.9833	3.4753
4	-22.1700	0.9993	28.5573	3.4753
5	-19.4275	0.9988	30.9680	3.4753
6	-17.8797	0.9985	34.9722	3.4753
7	-31.1149	1.0006	30.9930	3.4753
8	-21.5707	0.9990	29.7788	3.4753
9	-21.3058	0.9990	26.5349	3.4753
10	-18.1730	0.9983	35.1561	3.4753
11	-19.1521	0.9986	26.6768	3.4753
12	-17.1250	0.9982	25.2939	3.4753
13	-19.9562	0.9991	29.7854	3.4753
14	-22.3974	0.9993	33.7295	3.4753
15	-26.0803	0.9998	28.0652	3.4753
16	-26.3139	0.9997	27.4980	3.4753
17	-21.1611	0.9989	35.6181	3.4753
18	-20.0280	0.9986	29.7633	3.4753
19	-28.8486	1.0003	34.0110	3.4753
20	-18.4082	0.9984	26.9160	3.4753
21	-16.3568	0.9978	26.7490	3.4753
22	-28.9788	1.0003	26.8722	3.4753
23	-21.9357	0.9990	27.1929	3.4753
24	-25.4900	0.9994	30.8090	3.4753
25	-20.6492	0.9989	28.5531	3.4753
26	-25.1216	0.9996	21.8938	3.4753
27	-24.8096	0.9997	34.2362	3.4753
28	-20.7646	0.9987	25.9428	3.4753
29	-5.5888	0.9962	34.9734	3.4753
30	-14.8719	0.9979	34.4685	3.4753
31	-13.5785	0.9974	32.6605	3.4753
32	-29.5594	1.0004	35.7023	3.4753
33	-19.5632	0.9986	31.1900	3.4753
34	-22.7160	0.9993	29.3509	3.4753
35	-22.1039	0.9991	31.5438	3.4753
36	-20.2007	0.9983	28.7272	3.4753
37	-24.4744	0.9996	23.5544	3.4753
38	-27.8596	1.0008	39.7177	3.4753
39	-23.0943	0.9993	28.6014	3.4753
40	-20.1144	0.9986	30.8798	3.4753
41	-27.2123	1.0000	31.2280	3.4753
42	-16.2292	0.9980	27.0710	3.4753
43	-26.9176	1.0000	24.2006	3.4753
44	-17.0264	0.9982	26.3131	3.4753
45	-15.8759	0.9983	26.1400	3.4753
46	-20.3272	0.9991	25.3869	3.4753
47	-29.0083	1.0001	23.1880	3.4753
48	-16.7006	0.9984	26.4619	3.4753
49	-20.9487	0.9988	32.6971	3.4753
50	-16.4255	0.9983	25.4281	3.4753
51	-24.4402	0.9995	42.4584	3.4753
52	-12.0411	0.9970	29.2250	3.4753
53	-24.6066	0.9995	31.4715	3.4753
54	-26.9202	1.0002	31.0612	3.4753
55	-20.6109	0.9990	30.3868	3.4753
56	-13.1786	0.9977	25.5406	3.4753
57	-21.4278	0.9990	26.6296	3.4753
58	-18.4484	0.9985	30.3050	3.4753
59	-18.5059	0.9986	12.8350	3.4753
60	-21.0852	0.9993	37.9091	3.4753
61	-24.0596	0.9996	24.8436	3.4753
62	-18.0530	0.9986	20.0161	3.4753
63	-11.1888	0.9974	22.5562	3.4753
64	-27.3650	1.0003	36.9841	3.4753
65	-19.3956	0.9989	38.1986	3.4753
66	-20.4363	0.9993	28.6381	3.4753
67	-17.0726	0.9985	38.5451	3.4753
68	-10.8045	0.9974	15.3259	3.4753
69	-21.8042	0.9991	40.5837	3.4753
70	-25.4130	1.0000	31.1120	3.4753
71	-15.1290	0.9982	26.3451	3.4753
72	-14.8534	0.9983	26.0374	3.4753
73	-4.6390	0.9962	28.6813	3.4753
74	-24.1941	0.9998	32.7218	3.4753
75	-18.0978	0.9986	27.9437	3.4753
76	-14.9394	0.9982	31.4359	3.4753
77	-13.8986	0.9981	41.5648	3.4753
78	-15.2460	0.9983	39.0779	3.4753
79	-18.7771	0.9990	31.4577	3.4753
80	-23.3392	0.9995	38.6974	3.4753
81	-19.8506	0.9991	23.6800	3.4753
82	-11.3409	0.9977	30.4787	3.4753
83	-19.5759	0.9986	35.0911	3.4753
84	-18.1671	0.9988	34.2989	3.4753
85	-19.8849	0.9990	28.1881	3.4753
86	-12.6969	0.9977	31.5297	3.4753
87	-21.4219	0.9992	30.6608	3.4753
88	-10.0568	0.9971	38.6966	3.4753
89	-14.9756	0.9980	33.6781	3.4753
90	-24.9353	0.9999	45.0418	3.4753
91	-12.7324	0.9977	8.2247	3.4753
92	-15.5142	0.9984	32.2345	3.4753
93	-19.3619	0.9987	39.9822	3.4753
94	-7.7098	0.9969	15.1372	3.4753
95	-10.4070	0.9973	23.2020	3.4753
96	-13.3558	0.9977	43.6039	3.4753
97	-25.8027	1.0001	44.6225	3.4753
98	-19.8352	0.9990	36.9179	3.4753
99	-24.8724	1.0001	10.6762	3.4753
100	-18.4004	0.9988	26.6298	3.4753
101	-16.7115	0.9983	19.3809	3.4753
102	-22.5201	0.9996	23.4503	3.4753
103	-28.6182	1.0007	23.9507	3.4753
104	-20.3765	0.9990	24.5038	3.4753
105	-22.3742	0.9997	33.0612	3.4753
106	-10.5466	0.9975	23.4561	3.4753
107	-20.3314	0.9994	25.0318	3.4753
108	-20.1500	0.9991	26.0035	3.4753
109	-18.6731	0.9989	30.7258	3.4753
110	-13.1414	0.9979	28.1473	3.4753
111	-16.1155	0.9984	23.3171	3.4753
112	-21.7304	0.9995	7.6484	3.4753
113	-16.2886	0.9978	27.0755	3.4753
114	-10.3514	0.9974	21.0618	3.4753
115	-17.2125	0.9983	32.0098	3.4753
116	-14.4819	0.9983	26.3629	3.4753
117	-26.3942	0.9997	29.9916	3.4753
118	-10.0980	0.9973	37.7246	3.4753
119	-14.2000	0.9977	28.5341	3.4753
120	-12.3297	0.9979	27.8338	3.4753
121	-20.1540	0.9986	58.6336	3.4753
122	-16.1899	0.9988	29.4867	3.4753
123	-11.5818	0.9971	20.7422	3.4753
124	-16.8097	0.9985	25.4409	3.4753
125	-19.7617	0.9984	49.3291	3.4753
126	-14.5359	0.9985	0.0000	3.4753
127	-17.5965	0.9980	32.2519	3.4753
128	-21.9876	0.9994	21.6142	4.1621
129	-22.1715	0.9994	31.0230	4.1621
130	-23.8853	0.9998	42.5582	4.1621
131	-20.1909	0.9992	0.0000	4.1621
132	-25.9595	1.0002	41.7749	4.1621
133	-23.3030	0.9997	27.7361	4.1621
134	-19.2587	0.9987	37.4160	4.1621
135	-27.7597	1.0005	35.2546	4.1621
136	-24.2258	1.0000	38.4532	4.1621
137	-22.9683	0.9995	38.3819	4.1621
138	-21.8417	0.9991	34.8423	4.1621
139	-20.5249	0.9992	33.5914	4.1621
140	-24.6035	1.0000	54.8447	4.1621
141	-28.9627	1.0006	30.2070	4.1621
142	-22.4680	0.9996	52.2079	4.1621
143	-26.7697	1.0003	28.3365	4.1621
144	-24.9574	1.0001	21.3661	4.1621
145	-23.6740	0.9998	23.3473	4.1621
146	-29.6468	1.0008	0.0000	4.1621
147	-18.8454	0.9990	35.7231	4.1621
148	-26.6462	1.0005	45.1710	4.1621
149	-21.7547	0.9995	42.1701	4.1621
150	-23.5017	0.9998	39.9013	4.1621
151	-18.5279	0.9990	25.5724	4.1621
152	-23.8225	0.9997	37.4756	4.1621
153	-19.1210	0.9996	32.7480	4.1621
154	-24.7111	1.0001	40.9666	4.1621
155	-25.0555	1.0002	26.3661	4.1621
156	-20.7330	0.9990	43.5031	4.1621
157	-22.3485	0.9995	34.1063	4.1621
158	-27.3274	1.0007	41.3789	4.1621
159	-15.6727	0.9985	0.0000	4.1621
160	-26.3998	1.0001	34.7963	4.1621
161	-18.2037	0.9986	56.6378	4.1621
162	-16.4121	0.9984	55.3113	4.1621
163	-15.1173	0.9980	35.4021	4.1621
164	-21.0233	0.9994	32.7293	4.1621
165	-22.8009	0.9995	33.2042	4.1621
166	-21.3237	0.9992	31.7382	4.1621
167	-23.6965	0.9995	70.7581	4.1621
168	-24.1907	0.9998	40.0847	4.1621
169	-22.7535	0.9996	51.3669	4.1621
170	-19.7709	0.9990	38.3303	4.1621
171	-12.4517	0.9977	31.9818	4.1621
172	-7.2728	0.9965	49.4136	4.1621
173	-28.2827	0.9996	65.2059	4.1621
174	-19.9956	0.9986	51.0462	4.1621
175	-16.0881	0.9978	46.8402	4.1621
176	23.2538	0.9920	0.0000	0.0000
177	23.2538	0.9920	0.0000	0.0000
178	23.2538	0.9920	0.0000	0.0000
179	23.2538	0.9920	0.0000	0.0000
180	23.2538	0.9920	0.0000	0.0000
181	23.2538	0.9920	0.0000	0.0000
182	23.2538	0.9920	0.0000	0.0000
183	23.2538	0.9920	0.0000	0.0000
184	23.2538	0.9920	0.0000	0.0000
185	23.2538	0.9920	0.0000	0.0000
186	23.2538	0.9920	0.0000	0.0000
187	23.2538	0.9920	0.0000	0.0000
188	23.2538	0.9920	0.0000	0.0000
189	23.2538	0.9920	0.0000	0.0000
190	23.2538	0.9920	0.0000	0.0000
191	23.2538	0.9920	0.0000	0.0000
192	23.2538	0.9920	0.0000	0.0000
193	23.2538	0.9920	0.0000	0.0000
194	23.2538	0.9920	0.0000	0.0000
195	23.2538	0.9920	0.0000	0.0000
196	23.2538	0.9920	0.0000	0.0000
197	23.2538	0.9920	0.0000	0.0000
198	23.2538	0.9920	0.0000	0.0000
199	23.2538	0.9920	0.0000	0.0000
200	23.2538	0.9920	0.0000	0.0000
201	23.2538	0.9920	0.0000	0.0000
202	23.2538	0.9920	0.0000	0.0000
203	23.2538	0.9920	0.0000	0.0000
204	23.2538	0.9920	0.0000	0.0000
205	23.2538	0.9920	0.0000	0.0000
206	23.2538	0.9920	0.0000	0.0000
207	23.2538	0.9920	0.0000	0.0000
208	23.2538	0.9920	0.0000	0.0000
209	23.2538	0.9920	0.0000	0.0000
210	23.2538	0.9920	0.0000	0.0000
211	23.2538	0.9920	0.0000	0.0000
212	23.2538	0.9920	0.0000	0.0000
213	23.2538	0.9920	0.0000	0.0000
214	23.2538	0.9920	0.0000	0.0000
215	23.2538	0.9920	0.0000	0.0000
216	23.2538	0.9920	0.0000	0.0000
217	23.2538	0.9920	0.0000	0.0000
218	23.2538	0.9920	0.0000	0.0000
219	23.2538	0.9920	0.0000	0.0000
220	23.2538	0.9920	0.0000	0.0000
221	23.2538	0.9920	0.0000	0.0000
222	23.2538	0.9920	0.0000	0.0000
223	23.2538	0.9920	0.0000	0.0000
