Ch	b		k		FWHM	Peak_RMS_Err
0	-25.3711	0.9988	31.9458	1.5202
1	-28.9008	1.0000	29.9672	1.5202
2	-23.9702	0.9990	27.2924	1.5202
3	-35.8428	1.0011	29.4148	1.5202
4	-33.0148	1.0006	29.6956	1.5202
5	-30.2686	1.0001	28.5840	1.5202
6	-28.7187	0.9998	28.4864	1.5202
7	-41.9715	1.0020	31.5051	1.5202
8	-32.4147	1.0003	27.8872	1.5202
9	-32.1494	1.0003	25.3470	1.5202
10	-29.0125	0.9996	31.6363	1.5202
11	-29.9929	0.9999	30.8720	1.5202
12	-27.9631	0.9995	26.9592	1.5202
13	-30.7981	1.0004	27.8720	1.5202
14	-33.2424	1.0006	31.5239	1.5202
15	-36.9302	1.0011	26.7824	1.5202
16	-37.1641	1.0010	28.4898	1.5202
17	-32.0045	1.0002	32.8682	1.5202
18	-30.8699	0.9999	30.2135	1.5202
19	-39.7022	1.0016	33.1166	1.5202
20	-29.2480	0.9997	23.6379	1.5202
21	-27.1939	0.9991	27.1712	1.5202
22	-39.8325	1.0016	25.9325	1.5202
23	-32.7801	1.0004	25.7403	1.5202
24	-36.3391	1.0008	26.4479	1.5202
25	-31.4920	1.0002	28.5384	1.5202
26	-35.9703	1.0009	21.7926	1.5202
27	-35.6578	1.0010	37.0390	1.5202
28	-31.6075	1.0000	28.7563	1.5202
29	-16.4117	0.9976	32.5690	1.5202
30	-25.7070	0.9992	36.7514	1.5202
31	-24.4119	0.9988	30.7682	1.5202
32	-40.4139	1.0017	37.9759	1.5202
33	-30.4045	0.9999	29.9822	1.5202
34	-33.5615	1.0006	32.6019	1.5202
35	-32.9485	1.0004	27.7850	1.5202
36	-31.0429	0.9997	28.1916	1.5202
37	-35.3222	1.0010	22.9985	1.5202
38	-38.7119	1.0021	40.5343	1.5202
39	-33.9403	1.0007	28.9893	1.5202
40	-30.9564	0.9999	35.5877	1.5202
41	-38.0637	1.0013	31.1249	1.5202
42	-27.0661	0.9994	23.1755	1.5202
43	-37.7687	1.0013	19.2586	1.5202
44	-27.8644	0.9995	17.6100	1.5202
45	-26.7124	0.9997	36.3690	1.5202
46	-31.1695	1.0005	23.7156	1.5202
47	-39.8621	1.0014	22.3359	1.5202
48	-27.5382	0.9997	23.6624	1.5202
49	-31.7918	1.0001	25.4954	1.5202
50	-27.2627	0.9996	23.9446	1.5202
51	-35.2879	1.0008	40.4350	1.5202
52	-22.8725	0.9984	30.7605	1.5202
53	-35.4546	1.0009	31.3468	1.5202
54	-37.7712	1.0015	26.2187	1.5202
55	-31.4536	1.0004	30.1172	1.5202
56	-24.0114	0.9990	27.6859	1.5202
57	-32.2716	1.0003	34.4367	1.5202
58	-29.2882	0.9998	33.5266	1.5202
59	-29.3458	0.9999	19.1577	1.5202
60	-31.9286	1.0006	32.2414	1.5202
61	-34.9068	1.0009	27.6053	1.5202
62	-28.8923	0.9999	24.4872	1.5202
63	-22.0191	0.9988	39.8931	1.5202
64	-38.2166	1.0016	29.8674	1.5202
65	-30.2367	1.0003	38.4228	1.5202
66	-31.2787	1.0006	28.8374	1.5202
67	-27.9107	0.9998	25.5766	1.5202
68	-21.6343	0.9988	10.6349	1.5202
69	-32.6485	1.0004	19.6378	1.5202
70	-36.2620	1.0013	31.5496	1.5202
71	-25.9644	0.9995	23.9361	1.5202
72	-25.6885	0.9996	24.0706	1.5202
73	-15.4606	0.9975	22.9195	1.5202
74	-35.0416	1.0011	31.4975	1.5202
75	-28.9371	1.0000	29.6368	1.5202
76	-25.7746	0.9995	30.1740	1.5202
77	-24.7324	0.9994	34.4299	1.5202
78	-26.0816	0.9996	0.0000	1.5202
79	-29.6174	1.0004	35.9313	1.5202
80	-34.1855	1.0008	40.9405	1.5202
81	-30.6923	1.0004	26.7205	1.5202
82	-22.1714	0.9990	32.8223	1.5202
83	-30.4172	0.9999	28.7418	1.5202
84	-29.0065	1.0001	19.5494	1.5202
85	-30.7266	1.0003	31.6281	1.5202
86	-23.5292	0.9991	35.3104	1.5202
87	-32.2657	1.0005	26.6825	1.5202
88	-20.8856	0.9984	50.5149	1.5202
89	-25.8109	0.9994	29.6056	1.5202
90	-35.7837	1.0012	55.2712	1.5202
91	-23.5647	0.9990	10.4864	1.5202
92	-26.3502	0.9998	31.3094	1.5202
93	-30.2030	1.0001	37.4640	1.5202
94	-18.5355	0.9982	12.5266	1.5202
95	-21.2362	0.9986	29.2991	1.5202
96	-24.1889	0.9990	20.2119	1.5202
97	-36.6523	1.0015	47.2323	1.5202
98	-30.6768	1.0004	37.9900	1.5202
99	-35.7207	1.0014	17.8082	1.5202
100	-29.2402	1.0001	26.4006	1.5202
101	-27.5490	0.9996	22.3131	1.5202
102	-33.3653	1.0009	25.5739	1.5202
103	-39.4714	1.0020	26.8618	1.5202
104	-31.2189	1.0003	24.7231	1.5202
105	-33.2193	1.0010	36.0060	1.5202
106	-21.3760	0.9988	15.9311	1.5202
107	-31.1737	1.0007	43.2675	1.5202
108	-30.9921	1.0004	15.2693	1.5202
109	-29.5132	1.0002	38.8981	1.5202
110	-23.9742	0.9992	28.5678	1.5202
111	-26.9523	0.9997	24.4928	1.5202
112	-32.5746	1.0009	7.9283	1.5202
113	-27.1256	0.9991	31.4268	1.5202
114	-21.1805	0.9987	16.4531	1.5202
115	-28.0507	0.9996	29.5505	1.5202
116	-25.3165	0.9997	13.9002	1.5202
117	-37.2446	1.0010	25.1918	1.5202
118	-20.9268	0.9986	35.3502	1.5202
119	-25.0342	0.9990	31.9304	1.5202
120	-23.1614	0.9992	20.3378	1.5202
121	-30.9961	1.0000	45.6095	1.5202
122	-27.0268	1.0001	29.0518	1.5202
123	-22.4126	0.9984	20.7242	1.5202
124	-27.6474	0.9998	35.3878	1.5202
125	-30.6032	0.9998	56.3624	1.5202
126	-25.3705	0.9998	39.7612	1.5202
127	-28.4352	0.9993	40.5418	1.5202
128	-138.6586	1.0154	35.6848	18.8884
129	-138.8454	1.0154	25.0208	18.8884
130	-140.5867	1.0158	16.0858	18.8884
131	-136.8332	1.0152	0.0000	18.8884
132	-142.6941	1.0162	35.1440	18.8884
133	-139.9951	1.0157	39.9369	18.8884
134	-135.8860	1.0147	41.0755	18.8884
135	-144.5232	1.0165	31.1724	18.8884
136	-140.9327	1.0160	38.0475	18.8884
137	-139.6551	1.0155	25.3288	18.8884
138	-138.5104	1.0151	45.0539	18.8884
139	-137.1725	1.0152	38.6947	18.8884
140	-141.3165	1.0161	28.1005	18.8884
141	-145.7455	1.0166	24.3674	18.8884
142	-139.1467	1.0156	46.8565	18.8884
143	-143.5173	1.0163	27.1231	18.8884
144	-141.6760	1.0162	67.6555	18.8884
145	-140.3720	1.0158	30.7035	18.8884
146	-146.4406	1.0168	46.6798	18.8884
147	-135.4661	1.0150	31.2337	18.8884
148	-143.3919	1.0165	37.2626	18.8884
149	-138.4220	1.0156	39.5211	18.8884
150	-140.1970	1.0158	33.3537	18.8884
151	-135.1435	1.0150	36.5055	18.8884
152	-140.5229	1.0157	40.5527	18.8884
153	-135.7461	1.0156	0.0000	18.8884
154	-141.4258	1.0161	61.6087	18.8884
155	-141.7757	1.0163	35.7579	18.8884
156	-137.3839	1.0150	40.2691	18.8884
157	-139.0253	1.0155	42.1331	18.8884
158	-144.0839	1.0167	43.2709	18.8884
159	-132.2426	1.0145	40.2828	18.8884
160	-143.1415	1.0161	47.8554	18.8884
161	-134.8141	1.0146	82.3427	18.8884
162	-132.9938	1.0144	43.7571	18.8884
163	-131.6782	1.0140	61.4002	18.8884
164	-137.6788	1.0154	43.9648	18.8884
165	-139.4850	1.0155	29.7478	18.8884
166	-137.9841	1.0152	35.1566	18.8884
167	-140.3949	1.0155	44.4664	18.8884
168	-140.8970	1.0158	39.6982	18.8884
169	-139.4368	1.0156	40.9959	18.8884
170	-136.4064	1.0150	45.0766	18.8884
171	-128.9700	1.0137	36.4141	18.8884
172	-123.7081	1.0124	0.0000	18.8884
173	-145.0546	1.0156	27.0314	18.8884
174	-136.6348	1.0146	0.0000	18.8884
175	-132.6647	1.0138	0.0000	18.8884
176	262.2553	0.9626	0.0000	30.9688
177	262.2553	0.9626	0.0000	30.9688
178	262.2553	0.9626	0.0000	30.9688
179	262.2553	0.9626	0.0000	30.9688
180	262.2553	0.9626	0.0000	30.9688
181	262.2553	0.9626	0.0000	30.9688
182	262.2553	0.9626	0.0000	30.9688
183	262.2553	0.9626	0.0000	30.9688
184	262.2553	0.9626	0.0000	30.9688
185	262.2553	0.9626	0.0000	30.9688
186	262.2553	0.9626	0.0000	30.9688
187	262.2553	0.9626	0.0000	30.9688
188	262.2553	0.9626	0.0000	30.9688
189	262.2553	0.9626	0.0000	30.9688
190	262.2553	0.9626	0.0000	30.9688
191	262.2553	0.9626	0.0000	30.9688
192	262.2553	0.9626	0.0000	30.9688
193	262.2553	0.9626	0.0000	30.9688
194	262.2553	0.9626	0.0000	30.9688
195	262.2553	0.9626	0.0000	30.9688
196	262.2553	0.9626	0.0000	30.9688
197	262.2553	0.9626	0.0000	30.9688
198	262.2553	0.9626	0.0000	30.9688
199	262.2553	0.9626	0.0000	30.9688
200	262.2553	0.9626	0.0000	30.9688
201	262.2553	0.9626	0.0000	30.9688
202	262.2553	0.9626	0.0000	30.9688
203	262.2553	0.9626	0.0000	30.9688
204	262.2553	0.9626	0.0000	30.9688
205	262.2553	0.9626	0.0000	30.9688
206	262.2553	0.9626	0.0000	30.9688
207	262.2553	0.9626	0.0000	30.9688
208	262.2553	0.9626	0.0000	30.9688
209	262.2553	0.9626	0.0000	30.9688
210	262.2553	0.9626	0.0000	30.9688
211	262.2553	0.9626	0.0000	30.9688
212	262.2553	0.9626	0.0000	30.9688
213	262.2553	0.9626	0.0000	30.9688
214	262.2553	0.9626	0.0000	30.9688
215	262.2553	0.9626	0.0000	30.9688
216	262.2553	0.9626	0.0000	30.9688
217	262.2553	0.9626	0.0000	30.9688
218	262.2553	0.9626	0.0000	30.9688
219	262.2553	0.9626	0.0000	30.9688
220	262.2553	0.9626	0.0000	30.9688
221	262.2553	0.9626	0.0000	30.9688
222	262.2553	0.9626	0.0000	30.9688
223	262.2553	0.9626	0.0000	30.9688
