#  Z    N    A    Qalpha(MeV)
 104  143  247    11.000503
 104  145  249    10.790696
 104  146  250    10.695446
 104  147  251    10.619273
 104  148  252    10.543045
 104  149  253    10.425249
 104  150  254    10.307402
 104  151  255    10.201006
 104  152  256    10.093938
 104  153  257    10.124537
 104  154  258    10.153679
 104  155  259     9.964347
 104  156  260     9.773138
 104  157  261     9.380071
 104  158  262     8.985518
 104  159  263     8.762859
 104  160  264     8.538068
 104  161  265     8.522163
 104  162  266     8.506164
 104  163  267     8.506478
 104  164  268     8.518020
 104  165  269     8.456498
 104  166  270     8.419717
 104  167  271     8.243638
 104  168  272     8.094811
 104  169  273     7.897022
 104  170  274     7.720552
 104  171  275     7.295999
 104  172  276     6.877020
 104  173  277     7.016582
 104  174  278     7.054774
 104  175  279     6.904706
 104  176  280     6.637427
 104  177  281     6.537846
 104  178  282     6.400666
 104  179  283     6.600813
 104  180  284     6.739360
 104  181  285     6.643605
 104  182  286     6.433824
 104  183  287     6.157870
 104  184  288     5.796658
 104  185  289     6.551422
 104  186  290     7.578536
 104  187  291     6.233924
 104  188  292     5.464275
 104  189  293     4.765797
 104  190  294     4.362622
 104  191  295     2.835631
 104  192  296     1.384737
 104  193  297     2.560240
 104  194  298     3.812280
 104  195  299     3.705921
 104  196  300     3.614266
 104  197  301     3.348307
 104  198  302     3.090896
 104  199  303     2.952032
 104  200  304     2.821480
 104  201  305     2.710709
 104  202  306     2.615217
 104  203  307     2.510988
 104  204  308     2.424677
 104  205  309     2.324432
 104  206  310     2.242123
 104  207  311     2.124164
 104  208  312     2.023436
 104  209  313     1.898101
 104  210  314     1.791900
 104  211  315     1.625413
 104  212  316     1.483006
 104  213  317     1.246814
 104  214  318     1.041651
 104  215  319     0.784377
 104  216  320     0.565306
 104  217  321     0.403553
 104  218  322     0.286012
 104  219  323     0.211727
 104  220  324     0.186457
 104  221  325     0.086424
 104  222  326     0.038562
 104  223  327    -0.129788
 104  224  328    -0.245143
 104  225  329    -0.430130
 104  226  330    -0.563262
 104  227  331    -0.718383
 104  228  332    -0.823105
 104  229  333    -0.906599
 104  230  334    -0.940152
 104  231  335    -0.972779
 104  232  336    -0.956367
 104  233  337    -1.012959
 104  234  338    -1.024658
 104  235  339    -1.124462
 104  236  340    -1.188705
 104  237  341    -1.313338
 104  238  342    -1.415965
 104  239  343    -1.566966
 104  240  344    -1.719610
 104  241  345    -1.953331
 104  242  346    -2.213740
 104  243  347    -2.395252
 104  244  348    -2.528564
 104  245  349    -2.614774
 104  246  350    -2.568603
 104  247  351    -2.524151
 104  248  352    -2.442898
 104  249  353    -2.554503
 104  250  354    -2.729298
 104  251  355    -2.932907
 104  252  356    -3.071473
 104  254  358    -3.080380
 104  256  360    -3.462478
 104  258  362    -3.777591
 105  146  251    11.037611
 105  148  253    10.838598
 105  150  255    10.541197
 105  151  256    10.432792
 105  152  257    10.345096
 105  153  258    10.390509
 105  154  259    10.456456
 105  155  260    10.271965
 105  156  261    10.107835
 105  157  262     9.694174
 105  158  263     9.302603
 105  159  264     9.060703
 105  160  265     8.843907
 105  161  266     8.813313
 105  162  267     8.811698
 105  163  268     8.840588
 105  164  269     8.904329
 105  165  270     8.838171
 105  166  271     8.810181
 105  167  272     8.600391
 105  168  273     8.427324
 105  169  274     8.201931
 105  170  275     8.012673
 105  171  276     7.724783
 105  172  277     7.471761
 105  173  278     7.442040
 105  174  279     7.374042
 105  175  280     7.226996
 105  176  281     7.004312
 105  177  282     6.905407
 105  178  283     6.767420
 105  179  284     6.925425
 105  180  285     7.026157
 105  181  286     6.935372
 105  182  287     6.739894
 105  183  288     6.508073
 105  184  289     6.200798
 105  185  290     6.942439
 105  186  291     7.966860
 105  187  292     6.644296
 105  188  293     5.766157
 105  189  294     5.221245
 105  190  295     4.835413
 105  191  296     3.974459
 105  192  297     3.157341
 105  193  298     3.724792
 105  194  299     4.333612
 105  195  300     4.281648
 105  196  301     4.239865
 105  197  302     4.097954
 105  198  303     3.963750
 105  199  304     3.831767
 105  200  305     3.706643
 105  201  306     3.598786
 105  202  307     3.502708
 105  203  308     3.391836
 105  204  309     3.298342
 105  205  310     3.186314
 105  206  311     3.094307
 105  207  312     2.975528
 105  208  313     2.876108
 105  209  314     2.754324
 105  210  315     2.651296
 105  211  316     2.492179
 105  212  317     2.355043
 105  213  318     2.131747
 105  214  319     1.937143
 105  215  320     1.695838
 105  216  321     1.490297
 105  217  322     1.330577
 105  218  323     1.212322
 105  219  324     1.117535
 105  220  325     1.068382
 105  221  326     0.946806
 105  222  327     0.873299
 105  223  328     0.685518
 105  224  329     0.546366
 105  225  330     0.337034
 105  226  331     0.175833
 105  227  332    -0.001882
 105  228  333    -0.131846
 105  229  334    -0.230845
 105  230  335    -0.282119
 105  231  336    -0.334792
 105  232  337    -0.341755
 105  233  338    -0.428403
 105  234  339    -0.476320
 105  235  340    -0.617332
 105  236  341    -0.731376
 105  237  342    -0.886009
 105  238  343    -1.025622
 105  239  344    -1.184386
 105  240  345    -1.337818
 105  241  346    -1.545450
 105  242  347    -1.770385
 105  243  348    -1.882989
 105  244  349    -1.990767
 105  245  350    -2.028587
 105  246  351    -2.063965
 105  247  352    -2.014490
 105  248  353    -2.059047
 105  249  354    -2.418961
 105  250  355    -2.810485
 105  252  357    -2.559341
 105  254  359    -2.734553
 105  256  361    -3.021815
 105  257  362    -3.250063
 105  258  363    -3.404437
 105  269  374    -4.518356
 105  270  375    -5.566298
 106  147  253    11.257804
 106  148  254    11.153503
 106  149  255    10.953730
 106  150  256    10.795368
 106  151  257    10.675635
 106  152  258    10.597994
 106  153  259    10.671327
 106  154  260    10.787181
 106  155  261    10.585587
 106  156  262    10.426592
 106  157  263    10.013449
 106  158  264     9.645969
 106  159  265     9.383252
 106  160  266     9.172873
 106  161  267     9.132124
 106  162  268     9.149429
 106  163  269     9.202260
 106  164  270     9.313567
 106  165  271     9.229034
 106  166  272     9.196096
 106  167  273     8.953715
 106  168  274     8.757529
 106  169  275     8.509960
 106  170  276     8.313342
 106  171  277     8.178184
 106  172  278     8.107190
 106  173  279     7.974306
 106  174  280     7.866240
 106  175  281     7.658247
 106  176  282     7.416191
 106  177  283     7.287576
 106  178  284     7.118396
 106  179  285     7.295852
 106  180  286     7.420363
 106  181  287     7.303254
 106  182  288     7.090782
 106  183  289     6.804302
 106  184  290     6.452172
 106  185  291     7.041919
 106  186  292     7.924875
 106  187  293     6.757490
 106  188  294     5.903993
 106  189  295     5.623667
 106  190  296     5.366198
 106  191  297     5.164590
 106  192  298     4.974555
 106  193  299     4.935519
 106  194  300     4.902682
 106  195  301     4.898418
 106  196  302     4.899811
 106  197  303     4.881340
 106  198  304     4.869733
 106  199  305     4.746909
 106  200  306     4.629489
 106  201  307     4.517977
 106  202  308     4.414743
 106  203  309     4.291157
 106  204  310     4.184409
 106  205  311     4.056575
 106  206  312     3.950846
 106  207  313     3.826811
 106  208  314     3.724260
 106  209  315     3.606182
 106  210  316     3.506485
 106  211  317     3.356048
 106  212  318     3.225492
 106  213  319     3.017760
 106  214  320     2.836383
 106  215  321     2.614249
 106  216  322     2.425442
 106  217  323     2.268586
 106  218  324     2.150446
 106  219  325     2.040094
 106  220  326     1.971993
 106  221  327     1.829891
 106  222  328     1.731757
 106  223  329     1.523972
 106  224  330     1.360449
 106  225  331     1.129300
 106  226  332     0.942555
 106  227  333     0.740337
 106  228  334     0.583220
 106  229  335     0.459317
 106  230  336     0.380922
 106  231  337     0.301835
 106  232  338     0.265129
 106  233  339     0.145962
 106  234  340     0.059366
 106  235  341    -0.117256
 106  236  342    -0.275503
 106  237  343    -0.452115
 106  238  344    -0.620694
 106  239  345    -0.759010
 106  240  346    -0.885021
 106  241  347    -1.077333
 106  242  348    -1.277560
 106  243  349    -1.389612
 106  244  350    -1.540210
 106  245  351    -1.471941
 106  246  352    -1.531170
 106  247  353    -1.405052
 106  248  354    -1.503802
 106  249  355    -2.246241
 106  250  356    -2.988709
 106  253  359    -2.086087
 106  254  360    -2.182991
 106  255  361    -2.504483
 106  256  362    -2.791238
 106  257  363    -3.045787
 106  258  364    -3.084238
 106  269  375    -4.935738
 106  270  376    -6.730054
 107  150  257    11.031099
 107  152  259    10.865296
 107  153  260    10.974245
 107  154  261    11.086847
 107  155  262    10.917402
 107  156  263    10.758513
 107  157  264    10.348320
 107  158  265     9.957321
 107  159  266     9.696221
 107  160  267     9.463102
 107  161  268     9.427624
 107  162  269     9.426254
 107  163  270     9.517142
 107  164  271     9.645117
 107  165  272     9.585526
 107  166  273     9.563501
 107  167  274     9.331005
 107  168  275     9.138909
 107  169  276     8.906990
 107  170  277     8.723119
 107  171  278     8.626890
 107  172  279     8.589223
 107  173  280     8.435478
 107  174  281     8.269259
 107  175  282     8.040178
 107  176  283     7.743166
 107  177  284     7.617884
 107  178  285     7.453730
 107  179  286     7.578705
 107  180  287     7.660240
 107  181  288     7.556027
 107  182  289     7.369872
 107  183  290     7.122355
 107  184  291     6.823750
 107  185  292     7.565858
 107  186  293     8.594548
 107  187  294     7.380145
 107  188  295     6.456806
 107  189  296     6.215654
 107  190  297     5.988774
 107  191  298     5.788004
 107  192  299     5.600595
 107  193  300     5.516303
 107  194  301     5.443025
 107  195  302     5.389011
 107  196  303     5.341281
 107  197  304     5.299970
 107  198  305     5.259608
 107  199  306     5.155012
 107  200  307     5.048039
 107  201  308     4.924859
 107  202  309     4.800882
 107  203  310     4.709332
 107  204  311     4.620216
 107  205  312     4.521750
 107  206  313     4.422785
 107  207  314     4.301688
 107  208  315     4.168686
 107  209  316     4.013441
 107  210  317     3.842653
 107  211  318     3.698245
 107  212  319     3.549012
 107  213  320     3.370220
 107  214  321     3.197696
 107  215  322     3.008869
 107  216  323     2.832347
 107  217  324     2.691173
 107  218  325     2.564212
 107  219  326     2.456506
 107  220  327     2.363006
 107  221  328     2.236803
 107  222  329     2.123952
 107  223  330     1.943543
 107  224  331     1.775124
 107  225  332     1.566056
 107  226  333     1.368259
 107  227  334     1.187910
 107  228  335     1.019299
 107  229  336     0.911969
 107  230  337     0.817390
 107  231  338     0.734577
 107  232  339     0.663483
 107  233  340     0.532308
 107  234  341     0.407933
 107  235  342     0.240217
 107  236  343     0.073646
 107  237  344    -0.076235
 107  238  345    -0.226040
 107  239  346    -0.342538
 107  240  347    -0.451422
 107  241  348    -0.595957
 107  242  349    -0.737121
 107  243  350    -0.934574
 107  244  351    -1.156114
 107  245  352    -1.163195
 107  246  353    -1.253133
 107  247  354    -1.182988
 107  248  355    -1.247464
 107  249  356    -1.638146
 107  250  357    -2.050137
 107  251  358    -1.685166
 107  252  359    -1.360055
 107  253  360    -1.576652
 107  254  361    -1.976178
 107  255  362    -2.318281
 107  256  363    -2.551310
 107  257  364    -2.696856
 107  258  365    -2.748824
 107  269  376    -4.922730
 107  270  377    -6.734478
 108  151  259    11.244948
 108  152  260    11.147607
 108  153  261    11.301566
 108  154  262    11.420310
 108  155  263    11.253378
 108  156  264    11.064960
 108  157  265    10.680906
 108  158  266    10.289576
 108  159  267    10.035331
 108  160  268     9.784709
 108  161  269     9.755372
 108  162  270     9.736197
 108  163  271     9.862168
 108  164  272    10.003836
 108  165  273     9.950083
 108  166  274     9.919867
 108  167  275     9.706577
 108  168  276     9.527890
 108  169  277     9.314580
 108  170  278     9.146412
 108  171  279     9.070159
 108  172  280     9.046864
 108  173  281     8.956571
 108  174  282     8.816510
 108  175  283     8.524571
 108  176  284     8.130831
 108  177  285     7.976417
 108  178  286     7.784826
 108  179  287     7.917552
 108  180  288     8.016343
 108  181  289     7.894476
 108  182  290     7.704084
 108  183  291     7.389028
 108  184  292     7.037445
 108  185  293     7.813317
 108  186  294     8.869146
 108  187  295     7.817888
 108  188  296     7.034870
 108  189  297     6.843002
 108  190  298     6.656823
 108  191  299     6.460678
 108  192  300     6.279682
 108  193  301     6.151632
 108  194  302     6.039411
 108  195  303     5.931692
 108  196  304     5.830884
 108  197  305     5.756413
 108  198  306     5.676975
 108  199  307     5.588412
 108  200  308     5.489689
 108  201  309     5.357774
 108  202  310     5.215985
 108  203  311     5.152309
 108  204  312     5.076659
 108  205  313     5.002510
 108  206  314     4.905256
 108  207  315     4.789110
 108  208  316     4.627668
 108  209  317     4.438902
 108  210  318     4.200667
 108  211  319     4.059404
 108  212  320     3.888612
 108  213  321     3.738535
 108  214  322     3.574637
 108  215  323     3.419857
 108  216  324     3.256360
 108  217  325     3.131009
 108  218  326     2.995365
 108  219  327     2.891977
 108  220  328     2.774751
 108  221  329     2.665292
 108  222  330     2.538571
 108  223  331     2.385004
 108  224  332     2.211155
 108  225  333     2.026053
 108  226  334     1.819086
 108  227  335     1.658745
 108  228  336     1.476777
 108  229  337     1.379403
 108  230  338     1.262019
 108  231  339     1.176937
 108  232  340     1.072910
 108  233  341     0.935252
 108  234  342     0.778625
 108  235  343     0.623065
 108  236  344     0.451421
 108  237  345     0.336130
 108  238  346     0.212957
 108  239  347     0.115252
 108  240  348     0.020469
 108  241  349    -0.080831
 108  242  350    -0.167474
 108  243  351    -0.440981
 108  244  352    -0.724118
 108  245  353    -0.753688
 108  246  354    -0.821477
 108  247  355    -0.792548
 108  248  356    -0.807996
 108  249  357    -0.983637
 108  250  358    -1.201868
 108  251  359    -0.699487
 108  252  360    -0.371735
 108  253  361    -0.879483
 108  254  362    -1.565949
 108  255  363    -2.228148
 108  256  364    -2.706939
 108  258  366    -2.254652
 108  268  376    -2.999008
 108  269  377    -5.028657
 108  270  378    -6.821553
 109  156  265    12.402411
 109  158  267    11.637159
 109  160  269    11.101024
 109  161  270    11.043968
 109  162  271    10.976819
 109  163  272    11.097716
 109  164  273    11.215355
 109  165  274    11.161750
 109  166  275    11.114620
 109  167  276    10.871913
 109  168  277    10.648166
 109  169  278    10.390148
 109  170  279    10.162119
 109  171  280    10.050281
 109  172  281     9.973730
 109  173  282     9.640940
 109  174  283     9.259429
 109  175  284     8.811930
 109  176  285     8.309319
 109  177  286     8.201982
 109  178  287     8.098474
 109  179  288     8.170486
 109  180  289     8.224797
 109  181  290     8.093471
 109  182  291     7.914678
 109  183  292     7.641542
 109  184  293     7.356698
 109  185  294     8.213253
 109  186  295     9.257093
 109  187  296     8.553630
 109  188  297     8.000857
 109  189  298     8.095636
 109  190  299     8.167951
 109  191  300     7.425776
 109  192  301     6.677293
 109  193  302     6.538012
 109  194  303     6.409621
 109  195  304     6.295847
 109  196  305     6.191817
 109  197  306     6.122775
 109  198  307     6.061883
 109  199  308     6.006079
 109  200  309     5.959190
 109  201  310     5.824458
 109  202  311     5.697192
 109  203  312     5.629209
 109  204  313     5.558862
 109  205  314     5.551946
 109  206  315     5.514114
 109  207  316     5.270744
 109  208  317     4.972677
 109  209  318     4.745037
 109  210  319     4.472695
 109  211  320     4.358294
 109  212  321     4.216761
 109  213  322     4.104994
 109  214  323     3.972036
 109  215  324     3.868558
 109  216  325     3.743249
 109  217  326     3.665050
 109  218  327     3.563070
 109  219  328     3.498545
 109  220  329     3.410409
 109  221  330     3.341938
 109  222  331     3.251137
 109  223  332     3.152613
 109  224  333     3.032247
 109  225  334     2.914535
 109  226  335     2.774358
 109  227  336     2.675201
 109  228  337     2.552180
 109  229  338     2.471554
 109  230  339     2.365890
 109  231  340     2.243360
 109  232  341     2.096478
 109  233  342     1.916227
 109  234  343     1.714677
 109  235  344     1.533947
 109  236  345     1.338612
 109  237  346     1.183034
 109  238  347     1.022037
 109  239  348     0.875130
 109  240  349     0.727315
 109  241  350     0.571639
 109  242  351     0.412701
 109  243  352     0.067810
 109  244  353    -0.296040
 109  245  354    -0.423372
 109  246  355    -0.541878
 109  247  356    -0.563146
 109  248  357    -0.542832
 109  249  358    -0.712195
 109  250  359    -0.873185
 109  251  360    -0.704889
 109  252  361    -0.622262
 109  253  362    -0.890469
 109  254  363    -1.248563
 109  255  364    -1.647035
 109  256  365    -1.964673
 109  257  366    -1.805262
 109  258  367    -1.771845
 109  269  378    -4.313853
 109  270  379    -6.452091
 109  278  387    -3.827280
 110  157  267    13.372734
 110  159  269    12.739409
 110  160  270    12.450251
 110  161  271    12.365400
 110  162  272    12.250204
 110  163  273    12.367080
 110  164  274    12.461744
 110  165  275    12.388897
 110  166  276    12.305466
 110  167  277    12.047050
 110  168  278    11.791955
 110  169  279    11.489776
 110  170  280    11.202433
 110  171  281    11.036746
 110  172  282    10.888677
 110  173  283    10.421022
 110  174  284     9.905694
 110  175  285     9.233160
 110  176  286     8.552204
 110  177  287     8.461395
 110  178  288     8.415423
 110  179  289     8.481177
 110  180  290     8.545465
 110  181  291     8.375604
 110  182  292     8.179335
 110  183  293     7.831896
 110  184  294     7.497569
 110  185  295     8.394760
 110  186  296     9.386567
 110  187  297     9.180064
 110  188  298     9.006699
 110  189  299     9.379486
 110  190  300     9.701659
 110  191  301     8.427417
 110  192  302     7.125410
 110  193  303     6.977924
 110  194  304     6.836385
 110  195  305     6.713385
 110  196  306     6.602959
 110  197  307     6.531297
 110  198  308     6.480900
 110  199  309     6.445884
 110  200  310     6.438858
 110  201  311     6.308066
 110  202  312     6.202076
 110  203  313     6.132408
 110  204  314     6.069983
 110  205  315     6.124904
 110  206  316     6.141099
 110  207  317     5.783480
 110  208  318     5.361765
 110  209  319     5.099408
 110  210  320     4.797116
 110  211  321     4.704157
 110  212  322     4.586464
 110  213  323     4.510089
 110  214  324     4.405153
 110  215  325     4.351039
 110  216  326     4.261982
 110  217  327     4.228496
 110  218  328     4.157739
 110  219  329     4.129979
 110  220  330     4.068835
 110  221  331     4.041602
 110  222  332     3.986973
 110  223  333     3.938834
 110  224  334     3.867296
 110  225  335     3.814078
 110  226  336     3.737794
 110  227  337     3.696952
 110  228  338     3.630010
 110  229  339     3.566069
 110  230  340     3.472061
 110  231  341     3.316150
 110  232  342     3.130479
 110  233  343     2.915123
 110  234  344     2.676134
 110  235  345     2.473937
 110  236  346     2.258612
 110  237  347     2.067894
 110  238  348     1.874220
 110  239  349     1.675424
 110  240  350     1.471887
 110  241  351     1.261701
 110  242  352     1.030336
 110  243  353     0.645665
 110  244  354     0.232704
 110  245  355    -0.026902
 110  246  356    -0.230634
 110  247  357    -0.287385
 110  248  358    -0.216594
 110  249  359    -0.386776
 110  250  360    -0.497621
 110  251  361    -0.601267
 110  252  362    -0.701621
 110  253  363    -0.794737
 110  254  364    -0.888911
 110  255  365    -1.132106
 110  256  366    -1.397045
 110  257  367    -1.058942
 110  258  368    -0.943883
 110  260  370    -0.618017
 110  269  379    -3.625093
 110  270  380    -6.077593
 110  272  382    -3.058219
 110  274  384    -3.310539
 110  278  388    -3.522077
 110  280  390    -3.623479
 111  160  271    12.551938
 111  162  273    12.302967
 111  163  274    12.437258
 111  164  275    12.554480
 111  165  276    12.518765
 111  166  277    12.471752
 111  167  278    12.229246
 111  168  279    11.982240
 111  169  280    11.705036
 111  170  281    11.425772
 111  171  282    11.350762
 111  172  283    11.226013
 111  173  284    10.617686
 111  174  285     9.910681
 111  175  286     9.452771
 111  176  287     8.973140
 111  177  288     8.889364
 111  178  289     8.808029
 111  179  290     8.767878
 111  180  291     8.716229
 111  181  292     8.470478
 111  182  293     8.237494
 111  183  294     7.999447
 111  184  295     7.817718
 111  185  296     8.706647
 111  186  297     9.716636
 111  187  298     9.623399
 111  188  299     9.616852
 111  189  300     9.592203
 111  190  301     9.575464
 111  191  302     8.875684
 111  192  303     8.157080
 111  193  304     7.695734
 111  194  305     7.230902
 111  195  306     7.126849
 111  196  307     7.021723
 111  197  308     6.992639
 111  198  309     6.962810
 111  199  310     6.978640
 111  200  311     6.993443
 111  201  312     6.929858
 111  202  313     6.859410
 111  203  314     6.796477
 111  204  315     6.711423
 111  205  316     6.729213
 111  206  317     6.691411
 111  207  318     6.284437
 111  208  319     5.819561
 111  209  320     5.695346
 111  210  321     5.540467
 111  211  322     5.504426
 111  212  323     5.441157
 111  213  324     5.397411
 111  214  325     5.319119
 111  215  326     5.257093
 111  216  327     5.155275
 111  217  328     5.072478
 111  218  329     4.952803
 111  219  330     4.859457
 111  220  331     4.737288
 111  221  332     4.649534
 111  222  333     4.539489
 111  223  334     4.458655
 111  224  335     4.357842
 111  225  336     4.282235
 111  226  337     4.185815
 111  227  338     4.100089
 111  228  339     3.991766
 111  229  340     3.850413
 111  230  341     3.686795
 111  231  342     3.471704
 111  232  343     3.238072
 111  233  344     3.022687
 111  234  345     2.793797
 111  235  346     2.626684
 111  236  347     2.452816
 111  237  348     2.294103
 111  238  349     2.135597
 111  239  350     1.960867
 111  240  351     1.787645
 111  241  352     1.585621
 111  242  353     1.382076
 111  243  354     1.016256
 111  244  355     0.653517
 111  245  356     0.398071
 111  246  357     0.187253
 111  247  358     0.136319
 111  248  359     0.160959
 111  249  360     0.015384
 111  250  361    -0.120807
 111  251  362    -0.239634
 111  252  363    -0.371566
 111  253  364    -0.488964
 111  254  365    -0.586728
 111  255  366    -0.886365
 111  256  367    -1.175935
 111  257  368    -1.058752
 111  258  369    -1.010015
 111  260  371    -0.273306
 111  269  380    -2.552232
 111  270  381    -3.990945
 111  272  383    -0.238741
 111  273  384    -1.509841
 111  274  385    -2.808596
 111  278  389    -4.510406
 111  282  393    -3.331070
 112  161  273    12.546014
 112  162  274    12.393413
 112  163  275    12.548553
 112  164  276    12.691769
 112  165  277    12.673563
 112  166  278    12.643343
 112  167  279    12.427161
 112  168  280    12.198659
 112  169  281    11.949496
 112  170  282    11.681379
 112  171  283    11.691262
 112  172  284    11.584053
 112  173  285    10.913979
 112  174  286    10.094226
 112  175  287     9.791303
 112  176  288     9.453358
 112  177  289     9.355004
 112  178  290     9.216694
 112  179  291     9.108025
 112  180  292     8.977827
 112  181  293     8.630091
 112  182  294     8.334299
 112  183  295     8.088538
 112  184  296     7.942302
 112  185  297     8.843905
 112  186  298     9.893018
 112  187  299     9.936605
 112  188  300    10.120434
 112  189  301     9.734122
 112  190  302     9.414242
 112  191  303     9.303388
 112  192  304     9.182651
 112  193  305     8.443347
 112  194  306     7.691124
 112  195  307     7.602798
 112  196  308     7.499754
 112  197  309     7.503292
 112  198  310     7.484074
 112  199  311     7.539738
 112  200  312     7.565356
 112  201  313     7.564004
 112  202  314     7.524120
 112  203  315     7.473308
 112  204  316     7.371012
 112  205  317     7.352533
 112  206  318     7.261598
 112  207  319     6.825165
 112  208  320     6.337025
 112  209  321     6.349884
 112  210  322     6.341351
 112  211  323     6.356070
 112  212  324     6.341067
 112  213  325     6.322842
 112  214  326     6.264086
 112  215  327     6.189316
 112  216  328     6.069904
 112  217  329     5.934786
 112  218  330     5.763183
 112  219  331     5.603739
 112  220  332     5.420032
 112  221  333     5.272134
 112  222  334     5.107048
 112  223  335     4.987343
 112  224  336     4.851078
 112  225  337     4.749444
 112  226  338     4.629247
 112  227  339     4.495959
 112  228  340     4.343577
 112  229  341     4.126214
 112  230  342     3.894389
 112  231  343     3.624356
 112  232  344     3.346999
 112  233  345     3.141613
 112  234  346     2.932848
 112  235  347     2.804914
 112  236  348     2.676597
 112  237  349     2.550136
 112  238  350     2.427043
 112  239  351     2.275855
 112  240  352     2.132420
 112  241  353     1.947725
 112  242  354     1.781168
 112  243  355     1.461432
 112  244  356     1.176145
 112  245  357     0.897159
 112  246  358     0.651556
 112  247  359     0.605670
 112  248  360     0.583390
 112  249  361     0.461990
 112  250  362     0.300025
 112  251  363     0.157971
 112  252  364    -0.013584
 112  253  365    -0.152447
 112  254  366    -0.250983
 112  255  367    -0.615870
 112  256  368    -0.938883
 112  257  369    -0.992839
 112  258  370    -0.960646
 112  260  372    -0.005648
 112  268  380    -0.883627
 112  269  381    -1.495332
 112  270  382    -1.914553
 112  271  383     0.304399
 112  272  384     2.556163
 112  273  385     0.181081
 112  274  386    -2.254724
 112  276  388    -2.521001
 112  278  390    -5.408287
 112  282  394    -2.918473
 112  284  396    -3.058616
 113  164  277    12.839409
 113  165  278    12.850522
 113  166  279    12.869899
 113  167  280    12.665449
 113  168  281    12.467897
 113  169  282    12.230924
 113  170  283    11.990787
 113  171  284    11.864358
 113  172  285    11.643491
 113  173  286    10.976943
 113  174  287    10.236478
 113  175  288    10.015612
 113  176  289     9.791174
 113  177  290     9.637999
 113  178  291     9.426757
 113  179  292     9.295200
 113  180  293     9.165530
 113  181  294     8.812865
 113  182  295     8.538422
 113  183  296     8.484812
 113  184  297     8.536343
 113  185  298     9.402759
 113  186  299    10.403680
 113  187  300    10.468451
 113  188  301    10.663569
 113  189  302    10.278614
 113  190  303     9.987979
 113  191  304     9.733199
 113  192  305     9.518078
 113  193  306     8.858552
 113  194  307     8.219365
 113  195  308     9.134087
 113  196  309    10.045487
 113  197  310     9.197435
 113  198  311     8.317249
 113  199  312     8.413903
 113  200  313     8.468084
 113  201  314     8.465076
 113  202  315     8.408553
 113  203  316     8.329327
 113  204  317     8.186947
 113  205  318     8.038570
 113  206  319     7.822339
 113  207  320     7.407188
 113  208  321     6.949999
 113  209  322     6.931930
 113  210  323     6.888875
 113  211  324     6.876200
 113  212  325     6.822239
 113  213  326     6.788044
 113  214  327     6.699707
 113  215  328     6.612339
 113  216  329     6.469952
 113  217  330     6.314775
 113  218  331     6.118513
 113  219  332     5.938697
 113  220  333     5.734241
 113  221  334     5.570754
 113  222  335     5.392948
 113  223  336     5.270536
 113  224  337     5.140707
 113  225  338     5.033845
 113  226  339     4.926616
 113  227  340     4.759695
 113  228  341     4.599516
 113  229  342     4.334901
 113  230  343     4.084931
 113  231  344     3.787896
 113  232  345     3.512559
 113  233  346     3.318172
 113  234  347     3.149283
 113  235  348     3.051601
 113  236  349     2.981950
 113  237  350     2.875882
 113  238  351     2.799489
 113  239  352     2.651425
 113  240  353     2.534508
 113  241  354     2.354604
 113  242  355     2.210535
 113  243  356     1.930278
 113  244  357     1.691005
 113  245  358     1.431918
 113  246  359     1.167304
 113  247  360     1.110721
 113  248  361     1.006165
 113  249  362     0.840709
 113  250  363     0.608974
 113  251  364     0.463713
 113  252  365     0.308354
 113  253  366     0.143338
 113  254  367     0.044336
 113  255  368    -0.321460
 113  256  369    -0.618725
 113  257  370    -0.561429
 113  258  371    -0.406903
 113  259  372    -0.020267
 113  260  373     0.482953
 113  268  381    -0.376003
 113  269  382    -0.852558
 113  270  383    -1.169165
 113  271  384    -0.138494
 113  272  385     0.920926
 113  273  386    -0.338456
 113  274  387    -1.619406
 113  275  388    -1.594655
 113  276  389    -1.588692
 113  278  391    -3.167016
 113  284  397    -2.628944
 113  286  399    -2.771176
 113  288  401    -2.977034
 114  164  278    13.039970
 114  165  279    13.055339
 114  166  280    13.099250
 114  167  281    12.909076
 114  168  282    12.745018
 114  169  283    12.522111
 114  170  284    12.311829
 114  171  285    12.053964
 114  172  286    11.724316
 114  173  287    11.102641
 114  174  288    10.482811
 114  175  289    10.322759
 114  176  290    10.190583
 114  177  291     9.964485
 114  178  292     9.662208
 114  179  293     9.523398
 114  180  294     9.409890
 114  181  295     9.042166
 114  182  296     8.778944
 114  183  297     8.801186
 114  184  298     8.934185
 114  185  299     9.782818
 114  186  300    10.752952
 114  187  301    10.791457
 114  188  302    10.950415
 114  189  303    10.628963
 114  190  304    10.429719
 114  191  305    10.098375
 114  192  306     9.856233
 114  193  307     9.323951
 114  194  308     8.845264
 114  195  309    10.706722
 114  196  310    12.576253
 114  197  311    10.899936
 114  198  312     9.182109
 114  199  313     9.310844
 114  200  314     9.384678
 114  201  315     9.373452
 114  202  316     9.293726
 114  203  317     9.193723
 114  204  318     9.018898
 114  205  319     8.749052
 114  206  320     8.415953
 114  207  321     8.032238
 114  208  322     7.616155
 114  209  323     7.563027
 114  210  324     7.481317
 114  211  325     7.434646
 114  212  326     7.335124
 114  213  327     7.275376
 114  214  328     7.147872
 114  215  329     7.041918
 114  216  330     6.870564
 114  217  331     6.692937
 114  218  332     6.469624
 114  219  333     6.272525
 114  220  334     6.050407
 114  221  335     5.873502
 114  222  336     5.685151
 114  223  337     5.556862
 114  224  338     5.430298
 114  225  339     5.314279
 114  226  340     5.216087
 114  227  341     5.013714
 114  228  342     4.843923
 114  229  343     4.536102
 114  230  344     4.272032
 114  231  345     3.958773
 114  232  346     3.696232
 114  233  347     3.518709
 114  234  348     3.395560
 114  235  349     3.329686
 114  236  350     3.320256
 114  237  351     3.228743
 114  238  352     3.193212
 114  239  353     3.044863
 114  240  354     2.951058
 114  241  355     2.779520
 114  242  356     2.661515
 114  243  357     2.433094
 114  244  358     2.252190
 114  245  359     2.022958
 114  246  360     1.749288
 114  247  361     1.672112
 114  248  362     1.475382
 114  249  363     1.265070
 114  250  364     0.962762
 114  251  365     0.803056
 114  252  366     0.652654
 114  253  367     0.457189
 114  254  368     0.353427
 114  255  369    -0.016732
 114  256  370    -0.291704
 114  257  371    -0.172045
 114  258  372     0.055921
 114  259  373     0.412170
 114  260  374     0.881464
 114  262  376     1.185621
 114  264  378     0.850259
 114  268  382     0.046969
 114  269  383    -0.277057
 114  270  384    -0.473670
 114  271  385    -0.638094
 114  272  386    -0.777829
 114  273  387    -0.885826
 114  274  388    -0.976240
 114  275  389    -0.787309
 114  276  390    -0.610849
 114  277  391    -0.697306
 114  278  392    -0.821794
 114  280  394    -0.939818
 114  284  398    -2.207704
 114  286  400    -2.276894
 114  288  402    -2.432334
 114  290  404    -2.625368
 115  166  281    13.397373
 115  168  283    13.084906
 115  169  284    12.843072
 115  170  285    12.628733
 115  171  286    12.215893
 115  172  287    11.759163
 115  173  288    11.248745
 115  174  289    10.738580
 115  175  290    10.487043
 115  176  291    10.258892
 115  177  292    10.094608
 115  178  293     9.912457
 115  179  294     9.850849
 115  180  295     9.866323
 115  181  296     9.633458
 115  182  297     9.516767
 115  183  298     9.655568
 115  184  299     9.905908
 115  185  300    10.706802
 115  186  301    11.625145
 115  187  302    11.671074
 115  188  303    11.836852
 115  189  304    11.479242
 115  190  305    11.245709
 115  191  306    10.590025
 115  192  307    10.050988
 115  193  308     9.476596
 115  194  309     8.980663
 115  195  310     9.852379
 115  196  311    10.751738
 115  197  312    10.268070
 115  198  313     9.791287
 115  199  314     9.804411
 115  200  315     9.785463
 115  201  316     9.757646
 115  202  317     9.650632
 115  203  318     9.641999
 115  204  319     9.559315
 115  205  320     9.176581
 115  206  321     8.746943
 115  207  322     8.419185
 115  208  323     8.064910
 115  209  324     7.987743
 115  210  325     7.878485
 115  211  326     7.806935
 115  212  327     7.689099
 115  213  328     7.608352
 115  214  329     7.477649
 115  215  330     7.354709
 115  216  331     7.189313
 115  217  332     7.015458
 115  218  333     6.815179
 115  219  334     6.638391
 115  220  335     6.447292
 115  221  336     6.296572
 115  222  337     6.136835
 115  223  338     6.036416
 115  224  339     5.932113
 115  225  340     5.831643
 115  226  341     5.733486
 115  227  342     5.543367
 115  228  343     5.363345
 115  229  344     5.062834
 115  230  345     4.782230
 115  231  346     4.485148
 115  232  347     4.217343
 115  233  348     4.072844
 115  234  349     3.966549
 115  235  350     3.930226
 115  236  351     3.941006
 115  237  352     3.867889
 115  238  353     3.848397
 115  239  354     3.709360
 115  240  355     3.626957
 115  241  356     3.479125
 115  242  357     3.387224
 115  243  358     3.017483
 115  244  359     2.656821
 115  245  360     2.359039
 115  246  361     1.986948
 115  247  362     1.879865
 115  248  363     1.715461
 115  249  364     1.513493
 115  250  365     1.319281
 115  251  366     1.200303
 115  252  367     1.144513
 115  253  368     1.035340
 115  254  369     1.033241
 115  255  370     0.694212
 115  256  371     0.463173
 115  257  372     0.623591
 115  258  373     0.897908
 115  259  374     1.208356
 115  260  375     1.635217
 115  262  377     1.918099
 115  264  379     1.576603
 115  266  381     1.190926
 115  268  383     0.645098
 115  269  384     0.157368
 115  270  385    -0.225917
 115  271  386    -0.454314
 115  272  387    -0.647708
 115  273  388    -1.390418
 115  274  389    -2.130551
 115  275  390    -2.163197
 115  276  391    -2.234374
 115  277  392    -1.332160
 115  278  393    -0.473635
 115  283  398    -1.071722
 115  284  399    -1.554164
 115  286  401    -1.688946
 115  288  403    -1.868982
 115  290  405    -2.062262
 115  292  407    -2.221161
 116  167  283    13.521195
 116  168  284    13.400991
 116  169  285    13.139132
 116  170  286    12.919636
 116  171  287    12.366449
 116  172  288    11.797265
 116  173  289    11.425221
 116  174  290    11.051839
 116  175  291    10.709812
 116  176  292    10.386679
 116  177  293    10.262885
 116  178  294    10.179537
 116  179  295    10.207619
 116  180  296    10.364561
 116  181  297    10.270080
 116  182  298    10.303445
 116  183  299    10.434536
 116  184  300    10.677947
 116  185  301    11.449090
 116  186  302    12.333629
 116  187  303    12.345818
 116  188  304    12.477251
 116  189  305    12.115496
 116  190  306    11.879684
 116  191  307    11.078632
 116  192  308    10.421674
 116  193  309     9.746515
 116  194  310     9.174678
 116  195  311     9.001676
 116  196  312     8.875885
 116  197  313     9.575151
 116  198  314    10.329697
 116  199  315    10.257036
 116  200  316    10.175133
 116  201  317    10.134072
 116  202  318    10.003114
 116  203  319    10.086403
 116  204  320    10.096414
 116  205  321     9.607371
 116  206  322     9.087772
 116  207  323     8.826154
 116  208  324     8.543873
 116  209  325     8.439906
 116  210  326     8.300337
 116  211  327     8.197611
 116  212  328     8.055163
 116  213  329     7.947930
 116  214  330     7.808541
 116  215  331     7.666071
 116  216  332     7.504087
 116  217  333     7.336568
 116  218  334     7.161887
 116  219  335     7.012673
 116  220  336     6.859855
 116  221  337     6.737265
 116  222  338     6.608087
 116  223  339     6.530343
 116  224  340     6.443105
 116  225  341     6.350844
 116  226  342     6.245380
 116  227  343     6.067695
 116  228  344     5.877625
 116  229  345     5.593292
 116  230  346     5.305021
 116  231  347     5.034393
 116  232  348     4.771603
 116  233  349     4.660837
 116  234  350     4.572106
 116  235  351     4.568052
 116  236  352     4.601760
 116  237  353     4.535431
 116  238  354     4.520370
 116  239  355     4.385301
 116  240  356     4.308955
 116  241  357     4.186148
 116  242  358     4.121668
 116  243  359     3.629797
 116  244  360     3.108566
 116  245  361     2.754716
 116  246  362     2.296686
 116  247  363     2.145613
 116  248  364     1.999451
 116  249  365     1.795749
 116  250  366     1.699555
 116  251  367     1.615945
 116  252  368     1.649409
 116  253  369     1.620170
 116  254  370     1.713376
 116  255  371     1.408622
 116  256  372     1.224662
 116  257  373     1.373961
 116  258  374     1.642751
 116  259  375     1.906653
 116  260  376     2.290333
 116  261  377     2.329097
 116  262  378     2.488712
 116  263  379     2.253452
 116  264  380     2.141002
 116  265  381     1.887675
 116  266  382     1.758940
 116  267  383     1.413241
 116  268  384     1.189201
 116  269  385     0.556057
 116  270  386     0.004390
 116  271  387    -0.301561
 116  272  388    -0.562195
 116  273  389    -1.867563
 116  274  390    -3.185363
 116  275  391    -3.410099
 116  276  392    -3.699426
 116  277  393    -1.865607
 116  278  394    -0.081135
 116  281  397     1.179309
 116  282  398     0.930840
 116  283  399     0.019333
 116  284  400    -0.882657
 116  285  401    -0.987796
 116  286  402    -1.085926
 116  287  403    -1.189946
 116  288  404    -1.291305
 116  289  405    -1.389402
 116  290  406    -1.490065
 116  292  408    -1.650722
 116  294  410    -1.805801
 117  170  287    13.151893
 117  172  289    11.938991
 117  173  290    11.682752
 117  174  291    11.447371
 117  175  292    11.105149
 117  176  293    10.831936
 117  177  294    10.734575
 117  178  295    10.720360
 117  179  296    10.807375
 117  180  297    11.010502
 117  181  298    10.951525
 117  182  299    10.971125
 117  183  300    11.101078
 117  184  301    11.276128
 117  185  302    12.051020
 117  186  303    12.873860
 117  187  304    12.935370
 117  188  305    13.053418
 117  189  306    12.663358
 117  190  307    12.349028
 117  191  308    11.422701
 117  192  309    10.605440
 117  193  310     8.553025
 117  194  311     6.570842
 117  195  312     7.870016
 117  196  313     9.203267
 117  197  314     9.499378
 117  198  315     9.855425
 117  199  316    10.016818
 117  200  317    10.200219
 117  201  318    10.884206
 117  202  319    11.541760
 117  203  320    11.300389
 117  204  321    11.038422
 117  205  322    10.192970
 117  206  323     9.380786
 117  207  324     9.159847
 117  208  325     8.963278
 117  209  326     8.834517
 117  210  327     8.675966
 117  211  328     8.549630
 117  212  329     8.393867
 117  213  330     8.281007
 117  214  331     8.149820
 117  215  332     8.007559
 117  216  333     7.860945
 117  217  334     7.688507
 117  218  335     7.522078
 117  219  336     7.367233
 117  220  337     7.217876
 117  221  338     7.116624
 117  222  339     7.009392
 117  223  340     6.983893
 117  224  341     6.939181
 117  225  342     6.919568
 117  226  343     6.873098
 117  227  344     6.758412
 117  228  345     6.616332
 117  229  346     6.387148
 117  230  347     6.131771
 117  231  348     5.934777
 117  232  349     5.712988
 117  233  350     5.669768
 117  234  351     5.607185
 117  235  352     5.623844
 117  236  353     5.631854
 117  237  354     5.553783
 117  238  355     5.480483
 117  239  356     5.288166
 117  240  357     5.098985
 117  241  358     4.767230
 117  242  359     4.428663
 117  243  360     3.890438
 117  244  361     3.302814
 117  245  362     3.080216
 117  246  363     2.817072
 117  247  364     2.704453
 117  248  365     2.651238
 117  249  366     2.471571
 117  250  367     2.401093
 117  251  368     2.328910
 117  252  369     2.362657
 117  253  370     2.338838
 117  254  371     2.405025
 117  255  372     2.053047
 117  256  373     1.773646
 117  257  374     1.966326
 117  258  375     2.228011
 117  259  376     2.492489
 117  260  377     2.828006
 117  261  378     2.892869
 117  262  379     3.032168
 117  263  380     2.822422
 117  264  381     2.691278
 117  265  382     2.446187
 117  266  383     2.283689
 117  267  384     1.838213
 117  268  385     1.485920
 117  269  386     0.871431
 117  270  387     0.343129
 117  271  388    -0.250958
 117  272  389    -0.831025
 117  273  390    -1.592098
 117  274  391    -2.426859
 117  275  392    -1.943653
 117  276  393    -1.526963
 117  277  394    -0.648642
 117  278  395     0.209681
 117  280  397     0.941183
 117  283  400    -0.002902
 117  284  401    -0.536168
 117  285  402    -0.630329
 117  286  403    -0.733476
 117  287  404    -0.817523
 117  288  405    -0.911645
 117  289  406    -0.993666
 117  290  407    -1.087228
 117  291  408    -1.168042
 117  292  409    -1.261929
 117  294  411    -1.434642
 117  296  413    -1.616424
 118  170  288    13.322847
 118  171  289    12.718819
 118  172  290    12.090946
 118  173  291    11.968870
 118  174  292    11.889850
 118  175  293    11.543548
 118  176  294    11.316370
 118  177  295    11.230774
 118  178  296    11.271027
 118  179  297    11.437370
 118  180  298    11.707076
 118  181  299    11.683295
 118  182  300    11.688823
 118  183  301    11.691886
 118  184  302    11.672825
 118  185  303    12.472434
 118  186  304    13.254542
 118  187  305    13.327532
 118  188  306    13.394351
 118  189  307    13.026369
 118  190  308    12.683905
 118  191  309    11.833928
 118  192  310    11.057989
 118  193  311     7.546936
 118  194  312     4.073027
 118  195  313     6.787620
 118  196  314     9.523155
 118  197  315     9.378147
 118  198  316     9.297728
 118  199  317     9.697142
 118  200  318    10.149813
 118  201  319    11.568296
 118  202  320    13.023810
 118  203  321    12.453234
 118  204  322    11.914744
 118  205  323    10.691319
 118  206  324     9.564985
 118  207  325     9.443051
 118  208  326     9.390518
 118  209  327     9.238965
 118  210  328     9.063435
 118  211  329     8.910305
 118  212  330     8.738042
 118  213  331     8.616626
 118  214  332     8.490711
 118  215  333     8.349271
 118  216  334     8.218639
 118  217  335     8.049890
 118  218  336     7.900318
 118  219  337     7.750359
 118  220  338     7.614978
 118  221  339     7.535711
 118  222  340     7.451071
 118  223  341     7.470659
 118  224  342     7.461313
 118  225  343     7.505399
 118  226  344     7.508972
 118  227  345     7.458335
 118  228  346     7.365295
 118  229  347     7.196763
 118  230  348     6.979783
 118  231  349     6.859929
 118  232  350     6.682648
 118  233  351     6.706555
 118  234  352     6.669701
 118  235  353     6.703238
 118  236  354     6.681715
 118  237  355     6.574922
 118  238  356     6.426402
 118  239  357     6.165010
 118  240  358     5.851169
 118  241  359     5.324293
 118  242  360     4.725464
 118  243  361     4.167472
 118  244  362     3.540043
 118  245  363     3.449240
 118  246  364     3.381522
 118  247  365     3.298261
 118  248  366     3.328895
 118  249  367     3.161194
 118  250  368     3.104361
 118  251  369     3.047453
 118  252  370     3.085330
 118  253  371     3.063246
 118  254  372     3.098730
 118  255  373     2.701311
 118  256  374     2.328250
 118  257  375     2.510874
 118  258  376     2.712019
 118  259  377     2.977092
 118  260  378     3.264461
 118  261  379     3.331568
 118  262  380     3.426695
 118  263  381     3.244513
 118  264  382     3.096726
 118  265  383     2.875726
 118  266  384     2.695319
 118  267  385     2.198595
 118  268  386     1.766578
 118  269  387     1.188766
 118  270  388     0.701850
 118  271  389    -0.150918
 118  272  390    -1.020965
 118  273  391    -1.149037
 118  274  392    -1.412055
 118  275  393    -0.269412
 118  276  394     0.804789
 118  277  395     0.671345
 118  278  396     0.547253
 118  279  397     0.461255
 118  280  398     0.394443
 118  283  401    -0.035807
 118  284  402    -0.159916
 118  285  403    -0.245136
 118  286  404    -0.355338
 118  287  405    -0.422823
 118  288  406    -0.513121
 118  289  407    -0.586080
 118  290  408    -0.679559
 118  291  409    -0.764446
 118  292  410    -0.868228
 118  293  411    -0.957677
 118  294  412    -1.065716
 118  296  414    -1.265796
 119  172  291    12.430181
 119  174  293    12.431920
 119  176  295    11.935175
 119  177  296    11.909177
 119  178  297    11.967946
 119  179  298    12.140641
 119  180  299    12.372122
 119  181  300    12.268333
 119  182  301    12.166208
 119  183  302    12.162567
 119  184  303    12.145431
 119  185  304    12.908993
 119  186  305    13.681938
 119  187  306    13.761685
 119  188  307    13.862765
 119  189  308    13.509727
 119  190  309    13.199121
 119  191  310    12.435051
 119  192  311    11.745257
 119  193  312     9.970532
 119  194  313     8.246063
 119  195  314    10.655742
 119  196  315    13.122164
 119  197  316    11.466250
 119  198  317     9.893342
 119  199  318    10.886143
 119  200  319    11.931493
 119  201  320    11.844022
 119  202  321    11.755077
 119  203  322    10.673997
 119  204  323     9.632568
 119  205  324     9.047933
 119  206  325     8.626486
 119  207  326     8.762069
 119  208  327     9.007312
 119  209  328     8.898864
 119  210  329     8.843946
 119  211  330     8.732254
 119  212  331     8.710682
 119  213  332     8.617483
 119  214  333     8.618816
 119  215  334     8.492365
 119  216  335     8.462437
 119  217  336     8.309366
 119  218  337     8.248522
 119  219  338     8.096415
 119  220  339     7.993485
 119  221  340     7.897751
 119  222  341     7.803525
 119  223  342     7.813167
 119  224  343     7.810134
 119  225  344     7.850596
 119  226  345     7.868678
 119  227  346     7.707861
 119  228  347     7.559719
 119  229  348     7.388895
 119  230  349     7.258727
 119  231  350     7.236186
 119  232  351     7.231321
 119  233  352     7.150162
 119  234  353     7.072159
 119  235  354     6.957256
 119  236  355     6.840132
 119  237  356     6.620244
 119  238  357     6.391463
 119  239  358     6.076822
 119  240  359     5.732954
 119  241  360     5.282510
 119  242  361     4.791575
 119  243  362     4.459574
 119  244  363     4.092582
 119  245  364     4.063926
 119  246  365     4.044072
 119  247  366     4.011528
 119  248  367     4.038637
 119  249  368     3.905799
 119  250  369     3.838280
 119  251  370     3.785318
 119  252  371     3.789576
 119  253  372     3.692235
 119  254  373     3.631298
 119  255  374     3.234070
 119  256  375     2.863011
 119  257  376     3.050391
 119  258  377     3.269198
 119  259  378     3.505170
 119  260  379     3.776314
 119  261  380     3.836669
 119  262  381     3.937439
 119  263  382     3.754076
 119  264  383     3.616441
 119  265  384     3.361074
 119  266  385     3.156312
 119  267  386     2.585203
 119  268  387     2.076243
 119  269  388     1.657261
 119  270  389     1.305823
 119  271  390     0.803666
 119  272  391     0.311817
 119  273  392     0.558883
 119  274  393     0.803368
 119  275  394     0.942208
 119  276  395     1.109057
 119  277  396     0.968881
 119  278  397     0.851009
 119  279  398     0.774161
 119  280  399     0.723530
 119  282  401     0.537882
 119  283  402     0.313042
 119  284  403     0.085390
 119  285  404    -0.008190
 119  286  405    -0.099560
 119  287  406    -0.176976
 119  288  407    -0.248470
 119  289  408    -0.322503
 119  290  409    -0.388122
 119  291  410    -0.463669
 119  292  411    -0.529083
 119  293  412    -0.605640
 119  294  413    -0.671476
 119  295  414    -0.762766
 119  296  415    -0.843374
 119  298  417    -1.038474
 120  173  293    12.903682
 120  175  295    12.771981
 120  176  296    12.576435
 120  177  297    12.603646
 120  178  298    12.674540
 120  179  299    12.876387
 120  180  300    13.092438
 120  181  301    12.899956
 120  182  302    12.681493
 120  183  303    12.553303
 120  184  304    12.420249
 120  185  305    13.169947
 120  186  306    13.955910
 120  187  307    14.006361
 120  188  308    14.105645
 120  189  309    13.814702
 120  190  310    13.583106
 120  191  311    13.039147
 120  192  312    12.569700
 120  193  313    12.469168
 120  195  315    14.471194
 120  196  316    16.602926
 120  197  317    13.494911
 120  198  318    10.488317
 120  199  319    11.975093
 120  200  320    13.513710
 120  201  321    12.067432
 120  202  322    10.581174
 120  203  323     8.899827
 120  204  324     7.265694
 120  205  325     7.285651
 120  206  326     7.534893
 120  207  327     8.007316
 120  208  328     8.629657
 120  209  329     8.524219
 120  210  330     8.549816
 120  211  331     8.475617
 120  212  332     8.600789
 120  213  333     8.537220
 120  214  334     8.667214
 120  215  335     8.564979
 120  216  336     8.644983
 120  217  337     8.521575
 120  218  338     8.563442
 120  219  339     8.448478
 120  220  340     8.417287
 120  221  341     8.304459
 120  222  342     8.200020
 120  223  343     8.192661
 120  224  344     8.188883
 120  225  345     8.219277
 120  226  346     8.245421
 120  227  347     7.939183
 120  228  348     7.700697
 120  229  349     7.548035
 120  230  350     7.525130
 120  231  351     7.582255
 120  232  352     7.732156
 120  233  353     7.546088
 120  234  354     7.427094
 120  235  355     7.162419
 120  236  356     6.948361
 120  237  357     6.609547
 120  238  358     6.294671
 120  239  359     5.925879
 120  240  360     5.551080
 120  241  361     5.210200
 120  242  362     4.860290
 120  243  363     4.766340
 120  244  364     4.671842
 120  245  365     4.699709
 120  246  366     4.722091
 120  247  367     4.741130
 120  248  368     4.765580
 120  249  369     4.659020
 120  250  370     4.572234
 120  251  371     4.529431
 120  252  372     4.506286
 120  253  373     4.330346
 120  254  374     4.169647
 120  255  375     3.765745
 120  256  376     3.389822
 120  257  377     3.536491
 120  258  378     3.727491
 120  259  379     3.936658
 120  260  380     4.193873
 120  261  381     4.227811
 120  262  382     4.314561
 120  263  383     4.131024
 120  264  384     4.004549
 120  265  385     3.752233
 120  266  386     3.560536
 120  267  387     2.965110
 120  268  388     2.429277
 120  269  389     2.159471
 120  270  390     1.933859
 120  271  391     1.816235
 120  272  392     1.736505
 120  273  393     2.320654
 120  274  394     3.034588
 120  275  395     2.184280
 120  276  396     1.458432
 120  277  397     1.312350
 120  278  398     1.201524
 120  279  399     1.131302
 120  280  400     1.094328
 120  281  401     1.058887
 120  282  402     1.047542
 120  284  404     0.368935
 120  285  405     0.264911
 120  286  406     0.190286
 120  287  407     0.099608
 120  288  408     0.043587
 120  289  409    -0.035219
 120  290  410    -0.076680
 120  291  411    -0.147389
 120  292  412    -0.178937
 120  293  413    -0.247079
 120  294  414    -0.275187
 120  295  415    -0.366813
 120  296  416    -0.420071
 120  297  417    -0.526804
 120  298  418    -0.596142
 120  300  420    -0.806614
