#  Z    N    A    Qalpha(MeV)
 104  139  243    10.495741
 104  140  244    10.373443
 104  141  245    10.286483
 104  142  246    10.190164
 104  143  247    10.100253
 104  144  248    10.002810
 104  145  249     9.865341
 104  146  250     9.724014
 104  147  251     9.546143
 104  148  252     9.367827
 104  149  253     9.184599
 104  150  254     9.006580
 104  151  255     8.924885
 104  152  256     8.855395
 104  153  257     8.837315
 104  154  258     8.838372
 104  155  259     8.707674
 104  156  260     8.602714
 104  157  261     8.335890
 104  158  262     8.099441
 104  159  263     7.814453
 104  160  264     7.567182
 104  161  265     7.470087
 104  162  266     7.420936
 104  163  267     7.538197
 104  164  268     7.708061
 104  165  269     7.689751
 104  166  270     7.718410
 104  167  271     7.494361
 104  168  272     7.301747
 104  169  273     7.069565
 104  170  274     6.849543
 104  171  275     6.320547
 104  172  276     5.780513
 104  173  277     5.846724
 104  174  278     5.874895
 104  175  279     5.728365
 104  176  280     5.524153
 104  177  281     5.499171
 104  178  282     5.404199
 104  179  283     5.435900
 104  180  284     5.375877
 104  181  285     5.237965
 104  182  286     4.979614
 104  183  287     4.827427
 104  184  288     4.609718
 104  185  289     5.871837
 104  186  290     7.133746
 104  187  291     7.257565
 104  188  292     7.377941
 104  189  293     6.356777
 104  190  294     5.462128
 104  191  295     4.912617
 104  192  296     4.545279
 104  193  297     4.152409
 104  194  298     3.844087
 104  195  299     3.539920
 104  196  300     3.283280
 104  197  301     3.045578
 104  198  302     2.832066
 104  199  303     2.630136
 104  200  304     2.438486
 104  201  305     2.252901
 104  202  306     2.068695
 104  203  307     1.907307
 104  204  308     1.743618
 104  205  309     1.617905
 104  206  310     1.491728
 104  207  311     1.370735
 104  208  312     1.253346
 104  209  313     1.095429
 104  210  314     0.942824
 104  211  315     0.746155
 104  212  316     0.553406
 104  213  317     0.359605
 104  214  318     0.166271
 104  215  319     0.027774
 104  216  320    -0.112320
 104  217  321    -0.207385
 104  218  322    -0.302209
 104  219  323    -0.412362
 104  220  324    -0.517441
 104  221  325    -0.666557
 104  222  326    -0.803854
 104  223  327    -0.951185
 104  224  328    -1.079285
 104  225  329    -1.239990
 104  226  330    -1.375745
 104  227  331    -1.507362
 104  228  332    -1.611692
 104  229  333    -1.701645
 104  230  334    -1.763854
 104  231  335    -1.829512
 104  232  336    -1.865702
 104  233  337    -1.940891
 104  234  338    -1.983607
 104  235  339    -2.079565
 104  236  340    -2.143009
 104  237  341    -2.251396
 104  238  342    -2.328691
 104  240  344    -2.488129
 104  241  345    -2.915978
 104  242  346    -3.358641
 104  243  347    -3.457259
 104  244  348    -3.613250
 104  245  349    -3.681489
 104  246  350    -3.813733
 104  247  351    -3.901225
 104  248  352    -4.059394
 104  250  354    -4.340057
 104  252  356    -4.590689
 104  254  358    -4.897290
 104  255  359    -5.328788
 104  256  360    -5.841604
 104  258  362    -5.336799
 105  142  247    10.701282
 105  144  249    10.555761
 105  146  251    10.310331
 105  147  252    10.126719
 105  148  253     9.949963
 105  149  254     9.755143
 105  150  255     9.576361
 105  151  256     9.504105
 105  152  257     9.456588
 105  153  258     9.446830
 105  154  259     9.470088
 105  155  260     9.325574
 105  156  261     9.221459
 105  157  262     8.914815
 105  158  263     8.653370
 105  159  264     8.326417
 105  160  265     8.049880
 105  161  266     7.944207
 105  162  267     7.894086
 105  163  268     8.019500
 105  164  269     8.200256
 105  165  270     8.172663
 105  166  271     8.192237
 105  167  272     7.940719
 105  168  273     7.720681
 105  169  274     7.482722
 105  170  275     7.259812
 105  171  276     6.774442
 105  172  277     6.273096
 105  173  278     6.306905
 105  174  279     6.294396
 105  175  280     6.141801
 105  176  281     5.931852
 105  177  282     5.896636
 105  178  283     5.796050
 105  179  284     5.815363
 105  180  285     5.751803
 105  181  286     5.625933
 105  182  287     5.390775
 105  183  288     5.252684
 105  184  289     5.061375
 105  185  290     6.274696
 105  186  291     7.500712
 105  187  292     7.655392
 105  188  293     7.819579
 105  189  294     6.753879
 105  190  295     5.819226
 105  191  296     5.350233
 105  192  297     5.062183
 105  193  298     4.655633
 105  194  299     4.335981
 105  195  300     4.029171
 105  196  301     3.769149
 105  197  302     3.538065
 105  198  303     3.323890
 105  199  304     3.125187
 105  200  305     2.927452
 105  201  306     2.739447
 105  202  307     2.546256
 105  203  308     2.380391
 105  204  309     2.209229
 105  205  310     2.082412
 105  206  311     1.953685
 105  207  312     1.845788
 105  208  313     1.739220
 105  209  314     1.595133
 105  210  315     1.452368
 105  211  316     1.319829
 105  212  317     1.186881
 105  213  318     1.037554
 105  214  319     0.886394
 105  215  320     0.774916
 105  216  321     0.662402
 105  217  322     0.572027
 105  218  323     0.485323
 105  219  324     0.372532
 105  220  325     0.270164
 105  221  326     0.116808
 105  222  327    -0.019329
 105  223  328    -0.181933
 105  224  329    -0.321018
 105  225  330    -0.503007
 105  226  331    -0.657392
 105  227  332    -0.822493
 105  228  333    -0.958658
 105  229  334    -1.070833
 105  230  335    -1.154230
 105  231  336    -1.227416
 105  232  337    -1.273292
 105  233  338    -1.344246
 105  234  339    -1.392659
 105  235  340    -1.478080
 105  236  341    -1.552657
 105  237  342    -1.643234
 105  238  343    -1.745616
 105  239  344    -1.850451
 105  240  345    -2.010604
 105  241  346    -2.354562
 105  242  347    -2.813714
 105  243  348    -2.959963
 105  244  349    -3.209884
 105  245  350    -3.279450
 105  246  351    -3.411913
 105  247  352    -3.503941
 105  248  353    -3.661872
 105  249  354    -3.774636
 105  250  355    -3.955017
 105  251  356    -4.044433
 105  252  357    -4.204446
 105  254  359    -4.495776
 105  255  360    -4.926392
 105  256  361    -5.429597
 105  258  363    -4.972559
 106  143  249    11.196844
 106  145  251    11.018302
 106  146  252    10.905768
 106  147  253    10.719412
 106  148  254    10.547215
 106  149  255    10.343704
 106  150  256    10.167061
 106  151  257    10.101852
 106  152  258    10.073917
 106  153  259    10.071750
 106  154  260    10.116479
 106  155  261     9.944904
 106  156  262     9.828388
 106  157  263     9.492449
 106  158  264     9.216534
 106  159  265     8.860978
 106  160  266     8.568535
 106  161  267     8.437159
 106  162  268     8.368939
 106  163  269     8.507914
 106  164  270     8.704971
 106  165  271     8.648337
 106  166  272     8.639067
 106  167  273     8.373001
 106  168  274     8.138459
 106  169  275     7.904360
 106  170  276     7.688199
 106  171  277     7.270323
 106  172  278     6.831536
 106  173  279     6.845586
 106  174  280     6.805041
 106  175  281     6.631487
 106  176  282     6.400911
 106  177  283     6.350052
 106  178  284     6.238444
 106  179  285     6.262852
 106  180  286     6.213236
 106  181  287     6.067787
 106  182  288     5.824201
 106  183  289     5.620865
 106  184  290     5.376616
 106  185  291     6.559450
 106  186  292     7.767885
 106  187  293     7.879326
 106  188  294     8.013223
 106  189  295     7.062123
 106  190  296     6.246600
 106  191  297     5.770333
 106  192  298     5.473779
 106  193  299     5.058784
 106  194  300     4.733037
 106  195  301     4.441429
 106  196  302     4.195870
 106  197  303     3.985709
 106  198  304     3.785176
 106  199  305     3.598730
 106  200  306     3.403938
 106  201  307     3.217842
 106  202  308     3.019994
 106  203  309     2.853551
 106  204  310     2.678815
 106  205  311     2.553404
 106  206  312     2.424638
 106  207  313     2.331330
 106  208  314     2.237076
 106  209  315     2.107549
 106  210  316     1.975354
 106  211  317     1.906379
 106  212  318     1.832666
 106  213  319     1.728013
 106  214  320     1.619227
 106  215  321     1.534858
 106  216  322     1.450011
 106  217  323     1.366748
 106  218  324     1.290584
 106  219  325     1.174439
 106  220  326     1.074062
 106  221  327     0.917689
 106  222  328     0.783932
 106  223  329     0.610053
 106  224  330     0.463982
 106  225  331     0.262741
 106  226  332     0.091760
 106  227  333    -0.107695
 106  228  334    -0.276566
 106  229  335    -0.414925
 106  230  336    -0.523474
 106  231  337    -0.606901
 106  232  338    -0.665177
 106  233  339    -0.735206
 106  234  340    -0.792627
 106  235  341    -0.867939
 106  236  342    -0.954080
 106  237  343    -1.018739
 106  238  344    -1.138101
 106  239  345    -1.228966
 106  240  346    -1.458190
 106  241  347    -1.693064
 106  242  348    -2.143514
 106  243  349    -2.359267
 106  244  350    -2.724990
 106  245  351    -2.792699
 106  246  352    -2.922197
 106  247  353    -3.017238
 106  248  354    -3.173409
 106  249  355    -3.298877
 106  250  356    -3.484216
 106  251  357    -3.579755
 106  252  358    -3.736250
 106  253  359    -3.856575
 106  254  360    -4.046694
 106  255  361    -4.480711
 106  256  362    -4.978586
 106  257  363    -4.773694
 106  258  364    -4.586137
 107  148  255    10.977000
 107  150  257    10.608676
 107  151  258    10.591224
 107  152  259    10.572549
 107  153  260    10.620047
 107  154  261    10.667214
 107  155  262    10.531612
 107  156  263    10.397399
 107  157  264    10.074937
 107  158  265     9.757559
 107  159  266     9.406312
 107  160  267     9.066231
 107  161  268     8.966596
 107  162  269     8.884870
 107  163  270     9.059984
 107  164  271     9.256085
 107  165  272     9.213730
 107  166  273     9.189624
 107  167  274     8.920220
 107  168  275     8.662296
 107  169  276     8.437290
 107  170  277     8.216880
 107  171  278     7.902871
 107  172  279     7.554210
 107  173  280     7.399594
 107  174  281     7.184194
 107  175  282     7.001379
 107  176  283     6.767174
 107  177  284     6.710095
 107  178  285     6.601549
 107  179  286     6.608814
 107  180  287     6.553902
 107  181  288     6.407749
 107  182  289     6.178416
 107  183  290     6.019232
 107  184  291     5.833284
 107  185  292     6.967955
 107  186  293     8.139734
 107  187  294     8.275981
 107  188  295     8.446120
 107  189  296     7.481201
 107  190  297     6.651891
 107  191  298     6.197766
 107  192  299     5.918062
 107  193  300     5.501500
 107  194  301     5.175879
 107  195  302     4.897310
 107  196  303     4.666467
 107  197  304     4.437795
 107  198  305     4.220558
 107  199  306     4.039510
 107  200  307     3.854827
 107  201  308     3.670575
 107  202  309     3.481425
 107  203  310     3.322396
 107  204  311     3.161575
 107  205  312     3.045513
 107  206  313     2.931424
 107  207  314     2.846469
 107  208  315     2.764831
 107  209  316     2.659723
 107  210  317     2.554382
 107  211  318     2.487370
 107  212  319     2.414504
 107  213  320     2.285278
 107  214  321     2.145390
 107  215  322     2.028631
 107  216  323     1.899157
 107  217  324     1.817739
 107  218  325     1.726822
 107  219  326     1.618719
 107  220  327     1.506615
 107  221  328     1.378158
 107  222  329     1.249813
 107  223  330     1.100235
 107  224  331     0.953931
 107  225  332     0.766908
 107  226  333     0.585251
 107  227  334     0.398187
 107  228  335     0.217845
 107  229  336     0.100272
 107  230  337    -0.010226
 107  231  338    -0.089659
 107  232  339    -0.165543
 107  233  340    -0.250575
 107  234  341    -0.340843
 107  235  342    -0.444681
 107  236  343    -0.570001
 107  237  344    -0.693692
 107  238  345    -0.869922
 107  239  346    -1.047217
 107  240  347    -1.324444
 107  241  348    -1.558840
 107  242  349    -1.914795
 107  243  350    -2.096926
 107  244  351    -2.363965
 107  245  352    -2.434821
 107  246  353    -2.558535
 107  247  354    -2.657771
 107  248  355    -2.807568
 107  249  356    -2.938492
 107  250  357    -3.117812
 107  251  358    -3.216067
 107  252  359    -3.363341
 107  253  360    -3.481250
 107  254  361    -3.655998
 107  255  362    -4.089143
 107  256  363    -4.572709
 107  257  364    -4.387697
 107  258  365    -4.207785
 108  149  257    11.274485
 108  150  258    11.084562
 108  151  259    11.111760
 108  152  260    11.099239
 108  153  261    11.190094
 108  154  262    11.233390
 108  155  263    11.115001
 108  156  264    10.944328
 108  157  265    10.648552
 108  158  266    10.302921
 108  159  267     9.973814
 108  160  268     9.603925
 108  161  269     9.516672
 108  162  270     9.402081
 108  163  271     9.627880
 108  164  272     9.837571
 108  165  273     9.786052
 108  166  274     9.723668
 108  167  275     9.464379
 108  168  276     9.196528
 108  169  277     8.988809
 108  170  278     8.772343
 108  171  279     8.580859
 108  172  280     8.340985
 108  173  281     8.032823
 108  174  282     7.657689
 108  175  283     7.449021
 108  176  284     7.194598
 108  177  285     7.122909
 108  178  286     7.009039
 108  179  287     7.018824
 108  180  288     6.978282
 108  181  289     6.802204
 108  182  290     6.557903
 108  183  291     6.353892
 108  184  292     6.137268
 108  185  293     7.241640
 108  186  294     8.394628
 108  187  295     8.490512
 108  188  296     8.631720
 108  189  297     7.806096
 108  190  298     7.116114
 108  191  299     6.602638
 108  192  300     6.258291
 108  193  301     5.845365
 108  194  302     5.525069
 108  195  303     5.278632
 108  196  304     5.081596
 108  197  305     4.852768
 108  198  306     4.637181
 108  199  307     4.469196
 108  200  308     4.302286
 108  201  309     4.126300
 108  202  310     3.952271
 108  203  311     3.805689
 108  204  312     3.663815
 108  205  313     3.556362
 108  206  314     3.456209
 108  207  315     3.378704
 108  208  316     3.308776
 108  209  317     3.229094
 108  210  318     3.151614
 108  211  319     3.083418
 108  212  320     3.008249
 108  213  321     2.854609
 108  214  322     2.683778
 108  215  323     2.535279
 108  216  324     2.361828
 108  217  325     2.281872
 108  218  326     2.175819
 108  219  327     2.075703
 108  220  328     1.951812
 108  221  329     1.852980
 108  222  330     1.731756
 108  223  331     1.609802
 108  224  332     1.466587
 108  225  333     1.295364
 108  226  334     1.104613
 108  227  335     0.929241
 108  228  336     0.736729
 108  229  337     0.636835
 108  230  338     0.521278
 108  231  339     0.448430
 108  232  340     0.357527
 108  233  341     0.256529
 108  234  342     0.132451
 108  235  343     0.006167
 108  236  344    -0.152248
 108  237  345    -0.316842
 108  238  346    -0.531807
 108  239  347    -0.764551
 108  240  348    -1.058798
 108  241  349    -1.296627
 108  242  350    -1.561998
 108  243  351    -1.732692
 108  244  352    -1.923234
 108  245  353    -1.993800
 108  246  354    -2.108294
 108  247  355    -2.211883
 108  248  356    -2.355464
 108  249  357    -2.496224
 108  250  358    -2.673906
 108  251  359    -2.778101
 108  252  360    -2.919380
 108  253  361    -3.051066
 108  254  362    -3.226636
 108  255  363    -3.670644
 108  256  364    -4.151635
 108  257  365    -3.991926
 108  258  366    -3.825082
 109  152  261    11.602453
 109  154  263    11.867910
 109  156  265    11.670849
 109  157  266    11.385542
 109  158  267    11.052645
 109  159  268    10.717307
 109  160  269    10.347070
 109  161  270    10.274201
 109  162  271    10.179162
 109  163  272    10.403358
 109  164  273    10.615488
 109  165  274    10.548846
 109  166  275    10.475553
 109  167  276    10.181566
 109  168  277     9.882965
 109  169  278     9.639586
 109  170  279     9.384463
 109  171  280     9.071179
 109  172  281     8.711045
 109  173  282     8.320620
 109  174  283     7.888911
 109  175  284     7.716200
 109  176  285     7.523213
 109  177  286     7.451865
 109  178  287     7.348836
 109  179  288     7.341332
 109  180  289     7.295626
 109  181  290     7.108424
 109  182  291     6.871280
 109  183  292     6.741455
 109  184  293     6.614425
 109  185  294     7.664485
 109  186  295     8.772759
 109  187  296     8.889112
 109  188  297     9.060834
 109  189  298     8.240754
 109  190  299     7.555045
 109  191  300     7.061427
 109  192  301     6.731661
 109  193  302     6.347333
 109  194  303     6.056870
 109  195  304     5.806935
 109  196  305     5.602552
 109  197  306     5.270765
 109  198  307     4.953363
 109  199  308     4.803258
 109  200  309     4.662933
 109  201  310     4.509697
 109  202  311     4.363991
 109  203  312     4.234139
 109  204  313     4.111026
 109  205  314     3.994533
 109  206  315     3.884181
 109  207  316     3.804364
 109  208  317     3.729052
 109  209  318     3.642578
 109  210  319     3.555529
 109  211  320     3.485222
 109  212  321     3.408254
 109  213  322     3.259900
 109  214  323     3.099247
 109  215  324     2.948103
 109  216  325     2.781148
 109  217  326     2.689846
 109  218  327     2.582211
 109  219  328     2.474619
 109  220  329     2.349179
 109  221  330     2.272199
 109  222  331     2.173645
 109  223  332     2.067734
 109  224  333     1.937537
 109  225  334     1.775347
 109  226  335     1.589437
 109  227  336     1.424895
 109  228  337     1.240059
 109  229  338     1.135717
 109  230  339     1.014629
 109  231  340     0.928240
 109  232  341     0.826300
 109  233  342     0.715500
 109  234  343     0.587895
 109  235  344     0.442877
 109  236  345     0.276027
 109  237  346     0.074223
 109  238  347    -0.158808
 109  239  348    -0.406017
 109  240  349    -0.684565
 109  241  350    -0.898930
 109  242  351    -1.115242
 109  243  352    -1.268394
 109  244  353    -1.407334
 109  245  354    -1.581688
 109  246  355    -1.767495
 109  247  356    -1.871625
 109  248  357    -2.002635
 109  249  358    -2.147913
 109  250  359    -2.316624
 109  251  360    -2.423503
 109  252  361    -2.553622
 109  253  362    -2.685137
 109  254  363    -2.845617
 109  255  364    -3.297082
 109  256  365    -3.769070
 109  257  366    -3.606136
 109  258  367    -3.422346
 110  153  263    12.363037
 110  154  264    12.517378
 110  155  265    12.471219
 110  156  266    12.365123
 110  157  267    12.104887
 110  158  268    11.799329
 110  159  269    11.478381
 110  160  270    11.128418
 110  161  271    11.051574
 110  162  272    10.957728
 110  163  273    11.203497
 110  164  274    11.441244
 110  165  275    11.329619
 110  166  276    11.215560
 110  167  277    10.899802
 110  168  278    10.583379
 110  169  279    10.313259
 110  170  280    10.028396
 110  171  281     9.611870
 110  172  282     9.150036
 110  173  283     8.683765
 110  174  284     8.201897
 110  175  285     8.053105
 110  176  286     7.909515
 110  177  287     7.830344
 110  178  288     7.729992
 110  179  289     7.724117
 110  180  290     7.692165
 110  181  291     7.468835
 110  182  292     7.213846
 110  183  293     7.060051
 110  184  294     6.924459
 110  185  295     7.937936
 110  186  296     9.019224
 110  187  297     9.098569
 110  188  298     9.243328
 110  189  299     8.572774
 110  190  300     8.035318
 110  191  301     7.496345
 110  192  302     7.115943
 110  193  303     6.765117
 110  194  304     6.509390
 110  195  305     6.273435
 110  196  306     6.079181
 110  197  307     5.669571
 110  198  308     5.275489
 110  199  309     5.148902
 110  200  310     5.040799
 110  201  311     4.915424
 110  202  312     4.803151
 110  203  313     4.690670
 110  204  314     4.586957
 110  205  315     4.457213
 110  206  316     4.332451
 110  207  317     4.248938
 110  208  318     4.166855
 110  209  319     4.073127
 110  210  320     3.976045
 110  211  321     3.899057
 110  212  322     3.815719
 110  213  323     3.673167
 110  214  324     3.523207
 110  215  325     3.371160
 110  216  326     3.212444
 110  217  327     3.108202
 110  218  328     2.997389
 110  219  329     2.883787
 110  220  330     2.758263
 110  221  331     2.704844
 110  222  332     2.630668
 110  223  333     2.540338
 110  224  334     2.422699
 110  225  335     2.269451
 110  226  336     2.088291
 110  227  337     1.933926
 110  228  338     1.756112
 110  229  339     1.647217
 110  230  340     1.520491
 110  231  341     1.424840
 110  232  342     1.316141
 110  233  343     1.196381
 110  234  344     1.066089
 110  235  345     0.910142
 110  236  346     0.742664
 110  237  347     0.516311
 110  238  348     0.277876
 110  239  349     0.024798
 110  240  350    -0.229455
 110  241  351    -0.433198
 110  242  352    -0.613292
 110  243  353    -0.749905
 110  244  354    -0.838245
 110  245  355    -1.101059
 110  246  356    -1.342851
 110  247  357    -1.449321
 110  248  358    -1.569559
 110  249  359    -1.725291
 110  250  360    -1.890966
 110  251  361    -2.004151
 110  252  362    -2.126730
 110  253  363    -2.274667
 110  254  364    -2.436650
 110  255  365    -2.902263
 110  256  366    -3.371939
 110  257  367    -3.220814
 110  258  368    -3.035116
 110  276  386    -3.849046
 111  156  267    12.787470
 111  158  269    12.127715
 111  159  270    11.781970
 111  160  271    11.408015
 111  161  272    11.342300
 111  162  273    11.254683
 111  163  274    11.496164
 111  164  275    11.719637
 111  165  276    11.631667
 111  166  277    11.527268
 111  167  278    11.223407
 111  168  279    10.903290
 111  169  280    10.616076
 111  170  281    10.305597
 111  171  282     9.849251
 111  172  283     9.361583
 111  173  284     8.977593
 111  174  285     8.595172
 111  175  286     8.463899
 111  176  287     8.318145
 111  177  288     8.201355
 111  178  289     8.049207
 111  179  290     8.026466
 111  180  291     7.995578
 111  181  292     7.756241
 111  182  293     7.506446
 111  183  294     7.448434
 111  184  295     7.422816
 111  185  296     8.382114
 111  186  297     9.416207
 111  187  298     9.512206
 111  188  299     9.682324
 111  189  300     9.021382
 111  190  301     8.491811
 111  191  302     7.965607
 111  192  303     7.592972
 111  193  304     7.257532
 111  194  305     7.018261
 111  195  306     6.729153
 111  196  307     6.493391
 111  197  308     5.981035
 111  198  309     5.504569
 111  199  310     5.485103
 111  200  311     5.490643
 111  201  312     5.383265
 111  202  313     5.285929
 111  203  314     5.149772
 111  204  315     5.018888
 111  205  316     4.917769
 111  206  317     4.817671
 111  207  318     4.744564
 111  208  319     4.670813
 111  209  320     4.578214
 111  210  321     4.482387
 111  211  322     4.392582
 111  212  323     4.297724
 111  213  324     4.141055
 111  214  325     3.978622
 111  215  326     3.833800
 111  216  327     3.682785
 111  217  328     3.575937
 111  218  329     3.460703
 111  219  330     3.389381
 111  220  331     3.303033
 111  221  332     3.278697
 111  222  333     3.230573
 111  223  334     3.152474
 111  224  335     3.045758
 111  225  336     2.883098
 111  226  337     2.694644
 111  227  338     2.518163
 111  228  339     2.324074
 111  229  340     2.178526
 111  230  341     2.023893
 111  231  342     1.900399
 111  232  343     1.774495
 111  233  344     1.644782
 111  234  345     1.517951
 111  235  346     1.347318
 111  236  347     1.183203
 111  237  348     0.948002
 111  238  349     0.723258
 111  239  350     0.469814
 111  240  351     0.237992
 111  241  352     0.036065
 111  242  353    -0.125974
 111  243  354    -0.262875
 111  244  355    -0.345215
 111  245  356    -0.573937
 111  246  357    -0.814377
 111  247  358    -1.000131
 111  248  359    -1.225236
 111  249  360    -1.383408
 111  250  361    -1.535918
 111  251  362    -1.653077
 111  252  363    -1.763972
 111  253  364    -1.910136
 111  254  365    -2.053696
 111  255  366    -2.535170
 111  256  367    -3.002477
 111  257  368    -2.824677
 111  258  369    -2.598241
 111  276  387    -3.419096
 112  157  269    12.827460
 112  158  270    12.446738
 112  159  271    12.099382
 112  160  272    11.724619
 112  161  273    11.654462
 112  162  274    11.557505
 112  163  275    11.820587
 112  164  276    12.055677
 112  165  277    11.954262
 112  166  278    11.822425
 112  167  279    11.540794
 112  168  280    11.227315
 112  169  281    10.930658
 112  170  282    10.602214
 112  171  283    10.123295
 112  172  284     9.627039
 112  173  285     9.330466
 112  174  286     9.052630
 112  175  287     8.938150
 112  176  288     8.789508
 112  177  289     8.624213
 112  178  290     8.409379
 112  179  291     8.385192
 112  180  292     8.370788
 112  181  293     8.096139
 112  182  294     7.832234
 112  183  295     7.762966
 112  184  296     7.740278
 112  185  297     8.663891
 112  186  298     9.669284
 112  187  299     9.732095
 112  188  300     9.877731
 112  189  301     9.355016
 112  190  302     8.961943
 112  191  303     8.406024
 112  192  304     7.998673
 112  193  305     7.685223
 112  194  306     7.469011
 112  195  307     7.166946
 112  196  308     6.929872
 112  197  309     6.318688
 112  198  310     5.763756
 112  199  311     5.850910
 112  200  312     5.969589
 112  201  313     5.879011
 112  202  314     5.795416
 112  203  315     5.634177
 112  204  316     5.474717
 112  205  317     5.399185
 112  206  318     5.320713
 112  207  319     5.257322
 112  208  320     5.191211
 112  209  321     5.098665
 112  210  322     5.003016
 112  211  323     4.897931
 112  212  324     4.789088
 112  213  325     4.619795
 112  214  326     4.446380
 112  215  327     4.310616
 112  216  328     4.169134
 112  217  329     4.059669
 112  218  330     3.939999
 112  219  331     3.911880
 112  220  332     3.865630
 112  221  333     3.871932
 112  222  334     3.851416
 112  223  335     3.780673
 112  224  336     3.680004
 112  225  337     3.505790
 112  226  338     3.307901
 112  227  339     3.110169
 112  228  340     2.900668
 112  229  341     2.720962
 112  230  342     2.540918
 112  231  343     2.392605
 112  232  344     2.252519
 112  233  345     2.115596
 112  234  346     1.994972
 112  235  347     1.816159
 112  236  348     1.661912
 112  237  349     1.423628
 112  238  350     1.218340
 112  239  351     0.966859
 112  240  352     0.759797
 112  241  353     0.553198
 112  242  354     0.402727
 112  243  355     0.260774
 112  244  356     0.179670
 112  245  357     0.006844
 112  246  358    -0.210442
 112  247  359    -0.476484
 112  248  360    -0.807463
 112  249  361    -0.975404
 112  250  362    -1.122076
 112  251  363    -1.246491
 112  252  364    -1.348983
 112  253  365    -1.514924
 112  254  366    -1.661609
 112  255  367    -2.151365
 112  256  368    -2.608726
 112  257  369    -2.433593
 112  258  370    -2.195763
 112  274  386    -2.441369
 112  276  388    -3.004081
 112  278  390    -3.115624
 112  280  392    -3.318356
 113  160  273    11.851703
 113  162  275    11.691698
 113  163  276    11.909797
 113  164  277    12.135963
 113  165  278    12.038433
 113  166  279    11.950918
 113  167  280    11.661745
 113  168  281    11.382696
 113  169  282    11.079036
 113  170  283    10.785587
 113  171  284    10.327794
 113  172  285     9.887689
 113  173  286     9.660321
 113  174  287     9.466147
 113  175  288     9.367257
 113  176  289     9.228171
 113  177  290     8.999887
 113  178  291     8.724686
 113  179  292     8.691350
 113  180  293     8.685400
 113  181  294     8.403363
 113  182  295     8.150247
 113  183  296     8.186563
 113  184  297     8.281316
 113  185  298     9.147329
 113  186  299    10.100912
 113  187  300    10.171707
 113  188  301    10.333263
 113  189  302     9.802304
 113  190  303     9.395333
 113  191  304     8.867888
 113  192  305     8.480816
 113  193  306     8.171347
 113  194  307     7.962713
 113  195  308     7.325537
 113  196  309     6.767926
 113  197  310     6.767346
 113  198  311     6.799097
 113  199  312     6.590126
 113  200  313     6.368958
 113  201  314     6.287944
 113  202  315     6.202316
 113  203  316     6.069981
 113  204  317     5.932338
 113  205  318     5.871345
 113  206  319     5.804673
 113  207  320     5.715504
 113  208  321     5.622844
 113  209  322     5.543041
 113  210  323     5.458872
 113  211  324     5.366889
 113  212  325     5.269903
 113  213  326     5.128298
 113  214  327     4.981666
 113  215  328     4.841774
 113  216  329     4.694982
 113  217  330     4.577438
 113  218  331     4.447575
 113  219  332     4.418345
 113  220  333     4.367159
 113  221  334     4.374046
 113  222  335     4.348464
 113  223  336     4.273707
 113  224  337     4.162849
 113  225  338     3.978038
 113  226  339     3.765078
 113  227  340     3.552360
 113  228  341     3.325924
 113  229  342     3.124693
 113  230  343     2.922465
 113  231  344     2.761338
 113  232  345     2.608688
 113  233  346     2.469677
 113  234  347     2.348063
 113  235  348     2.176376
 113  236  349     2.030621
 113  237  350     1.804379
 113  238  351     1.612504
 113  239  352     1.373202
 113  240  353     1.178549
 113  241  354     0.982992
 113  242  355     0.841499
 113  243  356     0.715476
 113  244  357     0.646888
 113  245  358     0.503133
 113  246  359     0.306996
 113  247  360    -0.043839
 113  248  361    -0.457156
 113  249  362    -0.626065
 113  250  363    -0.756699
 113  251  364    -0.884962
 113  252  365    -0.974157
 113  253  366    -1.125370
 113  254  367    -1.238478
 113  255  368    -1.756512
 113  256  369    -2.223194
 113  257  370    -2.002419
 113  258  371    -1.706386
 113  274  387    -2.053176
 113  276  389    -2.519125
 113  278  391    -2.659309
 113  280  393    -2.888480
 113  282  395    -3.132056
 114  160  274    12.020850
 114  161  275    11.913202
 114  162  276    11.843255
 114  163  277    12.038797
 114  164  278    12.278466
 114  165  279    12.141616
 114  166  280    12.055217
 114  167  281    11.764062
 114  168  282    11.525004
 114  169  283    11.220907
 114  170  284    10.969021
 114  171  285    10.554282
 114  172  286    10.192257
 114  173  287    10.042461
 114  174  288     9.940315
 114  175  289     9.857367
 114  176  290     9.728189
 114  177  291     9.425944
 114  178  292     9.079403
 114  179  293     9.047113
 114  180  294     9.059813
 114  181  295     8.757876
 114  182  296     8.503033
 114  183  297     8.528722
 114  184  298     8.624703
 114  185  299     9.457831
 114  186  300    10.384318
 114  187  301    10.416648
 114  188  302    10.547673
 114  189  303    10.116797
 114  190  304     9.804253
 114  191  305     9.287715
 114  192  306     8.903357
 114  193  307     8.604620
 114  194  308     8.410312
 114  195  309     7.504108
 114  196  310     6.692042
 114  197  311     7.256022
 114  198  312     7.828412
 114  199  313     7.344111
 114  200  314     6.803888
 114  201  315     6.727310
 114  202  316     6.634521
 114  203  317     6.530927
 114  204  318     6.414937
 114  205  319     6.367764
 114  206  320     6.312171
 114  207  321     6.195286
 114  208  322     6.074136
 114  209  323     6.004218
 114  210  324     5.928671
 114  211  325     5.848141
 114  212  326     5.761361
 114  213  327     5.647709
 114  214  328     5.528128
 114  215  329     5.386359
 114  216  330     5.236507
 114  217  331     5.112580
 114  218  332     4.974219
 114  219  333     4.943736
 114  220  334     4.887470
 114  221  335     4.897040
 114  222  336     4.868491
 114  223  337     4.782282
 114  224  338     4.653797
 114  225  339     4.456088
 114  226  340     4.225753
 114  227  341     4.001371
 114  228  342     3.761323
 114  229  343     3.541819
 114  230  344     3.320660
 114  231  345     3.150024
 114  232  346     2.988116
 114  233  347     2.850832
 114  234  348     2.732042
 114  235  349     2.571379
 114  236  350     2.438014
 114  237  351     2.225436
 114  238  352     2.048592
 114  239  353     1.823648
 114  240  354     1.643579
 114  241  355     1.454836
 114  242  356     1.318090
 114  243  357     1.204520
 114  244  358     1.144971
 114  245  359     1.044475
 114  246  360     0.883676
 114  247  361     0.450721
 114  248  362    -0.042259
 114  249  363    -0.219111
 114  250  364    -0.340680
 114  251  365    -0.476729
 114  252  366    -0.556564
 114  253  367    -0.729456
 114  254  368    -0.845397
 114  255  369    -1.353891
 114  256  370    -1.792079
 114  257  371    -1.574492
 114  258  372    -1.269090
 114  260  374     0.589037
 114  274  388    -1.656332
 114  276  390    -2.048977
 114  278  392    -2.210974
 114  280  394    -2.470696
 114  282  396    -2.715378
 114  284  398    -2.941043
 115  162  277    12.213959
 115  164  279    12.630154
 115  165  280    12.545542
 115  166  281    12.487980
 115  167  282    12.230247
 115  168  283    12.002397
 115  169  284    11.724201
 115  170  285    11.485255
 115  171  286    11.077796
 115  172  287    10.717065
 115  173  288    10.577217
 115  174  289    10.476554
 115  175  290    10.292407
 115  176  291    10.059403
 115  177  292     9.755741
 115  178  293     9.420968
 115  179  294     9.392478
 115  180  295     9.426480
 115  181  296     9.135840
 115  182  297     8.907023
 115  183  298     9.026282
 115  184  299     9.226409
 115  185  300     9.996753
 115  186  301    10.868273
 115  187  302    10.917273
 115  188  303    11.074440
 115  189  304    10.612475
 115  190  305    10.276119
 115  191  306     9.754466
 115  192  307     9.370151
 115  193  308     9.024763
 115  194  309     8.779180
 115  195  310     8.219445
 115  196  311     7.723185
 115  197  312     8.292526
 115  198  313     8.834933
 115  199  314     7.767438
 115  200  315     6.645452
 115  201  316     6.971484
 115  202  317     7.291521
 115  203  318     7.168406
 115  204  319     7.026765
 115  205  320     6.950004
 115  206  321     6.857306
 115  207  322     6.744318
 115  208  323     6.616581
 115  209  324     6.553417
 115  210  325     6.474750
 115  211  326     6.400897
 115  212  327     6.312788
 115  213  328     6.205452
 115  214  329     6.084982
 115  215  330     5.921151
 115  216  331     5.743751
 115  217  332     5.596422
 115  218  333     5.432097
 115  219  334     5.378503
 115  220  335     5.301066
 115  221  336     5.287467
 115  222  337     5.243901
 115  223  338     5.142435
 115  224  339     5.012941
 115  225  340     4.806677
 115  226  341     4.584920
 115  227  342     4.361917
 115  228  343     4.137550
 115  229  344     3.931926
 115  230  345     3.732189
 115  231  346     3.589097
 115  232  347     3.453637
 115  233  348     3.354002
 115  234  349     3.261363
 115  235  350     3.144982
 115  236  351     3.034333
 115  237  352     2.863396
 115  238  353     2.699256
 115  239  354     2.506932
 115  240  355     2.327974
 115  241  356     2.170566
 115  242  357     2.037662
 115  243  358     1.951361
 115  244  359     1.898722
 115  245  360     1.649620
 115  246  361     1.332036
 115  247  362     0.864190
 115  248  363     0.344169
 115  249  364     0.170239
 115  250  365     0.066229
 115  251  366    -0.066567
 115  252  367    -0.128903
 115  253  368    -0.288557
 115  254  369    -0.373261
 115  255  370    -0.904505
 115  256  371    -1.348462
 115  257  372    -1.073723
 115  258  373    -0.701664
 115  260  375     1.056277
 115  272  387    -0.414165
 115  274  389    -1.272064
 115  275  390    -1.444022
 115  276  391    -1.607784
 115  277  392    -1.710310
 115  278  393    -1.796020
 115  280  395    -2.040413
 115  282  397    -2.242718
 115  284  399    -2.433182
 115  286  401    -2.623886
 116  163  279    12.825746
 116  164  280    13.044959
 116  165  281    12.966953
 116  166  282    12.892597
 116  167  283    12.669640
 116  168  284    12.454351
 116  169  285    12.210151
 116  170  286    11.992238
 116  171  287    11.617220
 116  172  288    11.282947
 116  173  289    11.159153
 116  174  290    11.066079
 116  175  291    10.775992
 116  176  292    10.434421
 116  177  293    10.126599
 116  178  294     9.800850
 116  179  295     9.780844
 116  180  296     9.840830
 116  181  297     9.557246
 116  182  298     9.350212
 116  183  299     9.439691
 116  184  300     9.620615
 116  185  301    10.358416
 116  186  302    11.205212
 116  187  303    11.226041
 116  188  304    11.364505
 116  189  305    10.962893
 116  190  306    10.694165
 116  191  307    10.166986
 116  192  308     9.782303
 116  193  309     9.402433
 116  194  310     9.117743
 116  195  311     8.932920
 116  196  312     8.780907
 116  197  313     9.316191
 116  198  314     9.789197
 116  199  315     8.185984
 116  200  316     6.529710
 116  201  317     7.251099
 116  202  318     7.976707
 116  203  319     7.835932
 116  204  320     7.670499
 116  205  321     7.565282
 116  206  322     7.436612
 116  207  323     7.323772
 116  208  324     7.185698
 116  209  325     7.123692
 116  210  326     7.036309
 116  211  327     6.964792
 116  212  328     6.871012
 116  213  329     6.767167
 116  214  330     6.642985
 116  215  331     6.460797
 116  216  332     6.259552
 116  217  333     6.091740
 116  218  334     5.904370
 116  219  335     5.827768
 116  220  336     5.729261
 116  221  337     5.695027
 116  222  338     5.638979
 116  223  339     5.513812
 116  224  340     5.374865
 116  225  341     5.158616
 116  226  342     4.944006
 116  227  343     4.727459
 116  228  344     4.523848
 116  229  345     4.336996
 116  230  346     4.163573
 116  231  347     4.051580
 116  232  348     3.946124
 116  233  349     3.888244
 116  234  350     3.825862
 116  235  351     3.752704
 116  236  352     3.663710
 116  237  353     3.534134
 116  238  354     3.382419
 116  239  355     3.224456
 116  240  356     3.048347
 116  241  357     2.916845
 116  242  358     2.782352
 116  243  359     2.719150
 116  244  360     2.669246
 116  245  361     2.283332
 116  246  362     1.820755
 116  247  363     1.325470
 116  248  364     0.785857
 116  249  365     0.609251
 116  250  366     0.517203
 116  251  367     0.381080
 116  252  368     0.329660
 116  253  369     0.143578
 116  254  370     0.050442
 116  255  371    -0.435025
 116  256  372    -0.816228
 116  257  373    -0.562797
 116  258  374    -0.202544
 116  260  376     1.509467
 116  272  388     0.031522
 116  273  389    -0.407322
 116  274  390    -0.850274
 116  275  391    -1.014839
 116  276  392    -1.172301
 116  277  393    -1.289229
 116  278  394    -1.390157
 116  279  395    -1.503891
 116  280  396    -1.609183
 116  282  398    -1.761534
 116  284  400    -1.914676
 116  286  402    -2.073901
 116  288  404    -2.214700
 117  168  285    13.358819
 117  170  287    12.756679
 117  171  288    12.275581
 117  172  289    11.778628
 117  173  290    11.588521
 117  174  291    11.352063
 117  175  292    11.034422
 117  176  293    10.644644
 117  177  294    10.442948
 117  178  295    10.241744
 117  179  296    10.237513
 117  180  297    10.322445
 117  181  298    10.047595
 117  182  299     9.853608
 117  183  300    10.013584
 117  184  301    10.264015
 117  185  302    10.954104
 117  186  303    11.750573
 117  187  304    11.795665
 117  188  305    11.955525
 117  189  306    11.519863
 117  190  307    11.215875
 117  191  308    10.675311
 117  192  309    10.280825
 117  193  310     9.765879
 117  194  311     9.370628
 117  195  312     9.265157
 117  196  313     9.217932
 117  197  314     9.427320
 117  198  315     9.617104
 117  199  316     8.624953
 117  200  317     7.610161
 117  201  318     7.945998
 117  202  319     8.331213
 117  203  320     8.241468
 117  204  321     8.174740
 117  205  322     8.060090
 117  206  323     7.908837
 117  207  324     7.790216
 117  208  325     7.632442
 117  209  326     7.580531
 117  210  327     7.493440
 117  211  328     7.418816
 117  212  329     7.316862
 117  213  330     7.194555
 117  214  331     7.051179
 117  215  332     6.857593
 117  216  333     6.648428
 117  217  334     6.463171
 117  218  335     6.265947
 117  219  336     6.176422
 117  220  337     6.076674
 117  221  338     6.031938
 117  222  339     5.980763
 117  223  340     5.857710
 117  224  341     5.737973
 117  225  342     5.528027
 117  226  343     5.334438
 117  227  344     5.130048
 117  228  345     4.948029
 117  229  346     4.783961
 117  230  347     4.636385
 117  231  348     4.563868
 117  232  349     4.494528
 117  233  350     4.492694
 117  234  351     4.478296
 117  235  352     4.472636
 117  236  353     4.440480
 117  237  354     4.359394
 117  238  355     4.242756
 117  239  356     4.106525
 117  240  357     3.932827
 117  241  358     3.805010
 117  242  359     3.625263
 117  243  360     3.348814
 117  244  361     3.007161
 117  245  362     2.562652
 117  246  363     2.009866
 117  247  364     1.663510
 117  248  365     1.283994
 117  249  366     1.120899
 117  250  367     1.045917
 117  251  368     0.921058
 117  252  369     0.884982
 117  253  370     0.714799
 117  254  371     0.637473
 117  255  372     0.139872
 117  256  373    -0.262269
 117  257  374     0.038217
 117  258  375     0.433346
 117  259  376     1.189871
 117  260  377     2.043506
 117  272  389     0.402354
 117  273  390    -0.047347
 117  274  391    -0.458246
 117  275  392    -0.631237
 117  276  393    -0.764449
 117  277  394    -0.893407
 117  278  395    -1.003235
 117  279  396    -1.114164
 117  280  397    -1.214808
 117  281  398    -1.276886
 117  282  399    -1.341645
 117  284  401    -1.463286
 117  286  403    -1.599336
 117  288  405    -1.742641
 117  290  407    -1.881854
 118  169  287    13.862890
 118  170  288    13.489554
 118  171  289    12.919721
 118  172  290    12.277434
 118  173  291    12.033220
 118  174  292    11.665582
 118  175  293    11.319408
 118  176  294    10.880443
 118  177  295    10.790530
 118  178  296    10.719525
 118  179  297    10.733488
 118  180  298    10.845784
 118  181  299    10.580094
 118  182  300    10.399582
 118  183  301    10.503461
 118  184  302    10.696802
 118  185  303    11.371905
 118  186  304    12.150773
 118  187  305    12.180881
 118  188  306    12.322887
 118  189  307    11.928254
 118  190  308    11.664082
 118  191  309    11.122799
 118  192  310    10.731174
 118  193  311    10.125662
 118  194  312     9.664358
 118  195  313     9.603284
 118  196  314     9.625890
 118  197  315     9.507825
 118  198  316     9.412830
 118  199  317     9.060671
 118  200  318     8.716289
 118  201  319     8.650216
 118  202  320     8.678680
 118  203  321     8.658052
 118  204  322     8.708117
 118  205  323     8.586315
 118  206  324     8.414757
 118  207  325     8.286029
 118  208  326     8.104226
 118  209  327     8.056419
 118  210  328     7.963627
 118  211  329     7.880076
 118  212  330     7.764129
 118  213  331     7.621121
 118  214  332     7.456315
 118  215  333     7.257607
 118  216  334     7.046800
 118  217  335     6.847701
 118  218  336     6.644229
 118  219  337     6.541595
 118  220  338     6.440421
 118  221  339     6.387192
 118  222  340     6.342897
 118  223  341     6.212846
 118  224  342     6.103204
 118  225  343     5.899620
 118  226  344     5.727109
 118  227  345     5.541452
 118  228  346     5.387602
 118  229  347     5.253082
 118  230  348     5.138116
 118  231  349     5.106465
 118  232  350     5.074630
 118  233  351     5.129697
 118  234  352     5.164136
 118  235  353     5.218951
 118  236  354     5.236612
 118  237  355     5.203055
 118  238  356     5.120533
 118  239  357     5.004028
 118  240  358     4.830733
 118  241  359     4.677054
 118  242  360     4.422503
 118  243  361     3.946358
 118  244  362     3.326508
 118  245  363     2.845644
 118  246  364     2.224887
 118  247  365     2.038276
 118  248  366     1.829673
 118  249  367     1.674517
 118  250  368     1.611030
 118  251  369     1.490129
 118  252  370     1.462090
 118  253  371     1.282196
 118  254  372     1.195071
 118  255  373     0.756422
 118  256  374     0.404428
 118  257  375     0.655592
 118  258  376     0.989217
 118  259  377     1.727362
 118  260  378     2.553111
 118  262  380     2.930543
 118  264  382     2.545022
 118  270  388     1.453452
 118  272  390     0.790813
 118  273  391     0.326625
 118  274  392    -0.055853
 118  275  393    -0.243176
 118  276  394    -0.358043
 118  277  395    -0.499619
 118  278  396    -0.618937
 118  279  397    -0.713270
 118  280  398    -0.795474
 118  281  399    -0.841442
 118  282  400    -0.892874
 118  283  401    -0.931910
 118  284  402    -0.990778
 118  286  404    -1.113124
 118  288  406    -1.264390
 118  290  408    -1.424977
 118  292  410    -1.604896
 119  170  289    13.184743
 119  172  291    12.183465
 119  173  292    12.079734
 119  174  293    11.921671
 119  175  294    11.676790
 119  176  295    11.416763
 119  177  296    11.363286
 119  178  297    11.358262
 119  179  298    11.332838
 119  180  299    11.394579
 119  181  300    11.107297
 119  182  301    10.891425
 119  183  302    11.050256
 119  184  303    11.289393
 119  185  304    11.932645
 119  186  305    12.674444
 119  187  306    12.726339
 119  188  307    12.882897
 119  189  308    12.511925
 119  190  309    12.259036
 119  191  310    11.650650
 119  192  311    11.152152
 119  193  312    10.652476
 119  194  313    10.226927
 119  195  314    10.240228
 119  196  315    10.276055
 119  197  316    10.072297
 119  198  317     9.870669
 119  199  318     9.557299
 119  200  319     9.231026
 119  201  320     9.123577
 119  202  321     9.038407
 119  203  322     9.241956
 119  204  323     9.415362
 119  205  324     8.942614
 119  206  325     8.439961
 119  207  326     8.474141
 119  208  327     8.528841
 119  209  328     8.473852
 119  210  329     8.381459
 119  211  330     8.286980
 119  212  331     8.168829
 119  213  332     8.013732
 119  214  333     7.846410
 119  215  334     7.631284
 119  216  335     7.415387
 119  217  336     7.192335
 119  218  337     6.977164
 119  219  338     6.878801
 119  220  339     6.794233
 119  221  340     6.741529
 119  222  341     6.709613
 119  223  342     6.593726
 119  224  343     6.507581
 119  225  344     6.313413
 119  226  345     6.155664
 119  227  346     5.968390
 119  228  347     5.815509
 119  229  348     5.678478
 119  230  349     5.563425
 119  231  350     5.536594
 119  232  351     5.513026
 119  233  352     5.581044
 119  234  353     5.631759
 119  235  354     5.703159
 119  236  355     5.737523
 119  237  356     5.673315
 119  238  357     5.575059
 119  239  358     5.244427
 119  240  359     4.890044
 119  241  360     4.575851
 119  242  361     4.213497
 119  243  362     3.737548
 119  244  363     3.207424
 119  245  364     2.957054
 119  246  365     2.667944
 119  247  366     2.570653
 119  248  367     2.485976
 119  249  368     2.358788
 119  250  369     2.298076
 119  251  370     2.169524
 119  252  371     2.112204
 119  253  372     1.923592
 119  254  373     1.807914
 119  255  374     1.355647
 119  256  375     0.972510
 119  257  376     1.270843
 119  258  377     1.638578
 119  259  378     2.337752
 119  260  379     3.112692
 119  262  381     3.554220
 119  264  383     3.166295
 119  266  385     2.804283
 119  268  387     2.423510
 119  270  389     2.069979
 119  271  390     1.563824
 119  272  391     1.108432
 119  273  392     0.702391
 119  274  393     0.343568
 119  275  394     0.179888
 119  276  395     0.038955
 119  277  396    -0.093575
 119  278  397    -0.227101
 119  279  398    -0.327503
 119  280  399    -0.406544
 119  281  400    -0.452524
 119  282  401    -0.494356
 119  283  402    -0.530134
 119  284  403    -0.579073
 119  285  404    -0.629993
 119  286  405    -0.704576
 119  288  407    -0.880189
 119  290  409    -1.069433
 119  292  411    -1.264982
 119  294  413    -1.480017
 120  170  290    12.808971
 120  171  291    12.448729
 120  172  292    12.078859
 120  173  293    12.139217
 120  174  294    12.214334
 120  175  295    12.065473
 120  176  296    11.979112
 120  177  297    11.967053
 120  178  298    12.032988
 120  179  299    11.970299
 120  180  300    11.983606
 120  181  301    11.675301
 120  182  302    11.424640
 120  183  303    11.516957
 120  184  304    11.680423
 120  185  305    12.322116
 120  186  306    13.057139
 120  187  307    13.096301
 120  188  308    13.232890
 120  189  309    12.931744
 120  190  310    12.736303
 120  191  311    12.132413
 120  192  312    11.598641
 120  193  313    11.234892
 120  194  314    10.875186
 120  195  315    10.895689
 120  196  316    10.877564
 120  197  317    10.607331
 120  198  318    10.318285
 120  199  319    10.085603
 120  200  320     9.819336
 120  201  321     9.632525
 120  202  322     9.395734
 120  203  323     9.848949
 120  204  324    10.171184
 120  205  325     9.315435
 120  206  326     8.449632
 120  207  327     8.666920
 120  208  328     8.978322
 120  209  329     8.911009
 120  210  330     8.813872
 120  211  331     8.701185
 120  212  332     8.573551
 120  213  333     8.405906
 120  214  334     8.235610
 120  215  335     8.011215
 120  216  336     7.797376
 120  217  337     7.554987
 120  218  338     7.332733
 120  219  339     7.237714
 120  220  340     7.168826
 120  221  341     7.117164
 120  222  342     7.098145
 120  223  343     6.987889
 120  224  344     6.916704
 120  225  345     6.732663
 120  226  346     6.590383
 120  227  347     6.408520
 120  228  348     6.263634
 120  229  349     6.129854
 120  230  350     6.020478
 120  231  351     5.996686
 120  232  352     5.979607
 120  233  353     6.057645
 120  234  354     6.121707
 120  235  355     6.201332
 120  236  356     6.244040
 120  237  357     6.098010
 120  238  358     5.932850
 120  239  359     5.400903
 120  240  360     4.878243
 120  241  361     4.392107
 120  242  362     3.910518
 120  243  363     3.486788
 120  244  364     3.098413
 120  245  365     3.091603
 120  246  366     3.147205
 120  247  367     3.143076
 120  248  368     3.186170
 120  249  369     3.078709
 120  250  370     3.012530
 120  251  371     2.871252
 120  252  372     2.779575
 120  253  373     2.566627
 120  254  374     2.406777
 120  255  375     1.998776
 120  256  376     1.642379
 120  257  377     1.893619
 120  258  378     2.201204
 120  259  379     2.889445
 120  260  380     3.641615
 120  261  381     3.792316
 120  262  382     4.014935
 120  264  384     3.639666
 120  266  386     3.291202
 120  268  388     2.949025
 120  270  390     2.610223
 120  271  391     2.035325
 120  272  392     1.496453
 120  273  393     1.104168
 120  274  394     0.724609
 120  275  395     0.617523
 120  276  396     0.483473
 120  277  397     0.337436
 120  278  398     0.167146
 120  279  399     0.075182
 120  280  400     0.013812
 120  281  401    -0.032383
 120  282  402    -0.064820
 120  283  403    -0.101824
 120  284  404    -0.145319
 120  285  405    -0.205559
 120  286  406    -0.284241
 120  287  407    -0.380027
 120  288  408    -0.492379
 120  289  409    -0.599623
 120  290  410    -0.712596
 120  292  412    -0.924845
 120  294  414    -1.145777
 120  296  416    -1.389917
