#  Z    N    A    Qalpha(MeV)
 104  141  245    10.578923
 104  142  246    10.458690
 104  143  247    10.357730
 104  144  248    10.258080
 104  145  249    10.136385
 104  146  250    10.021935
 104  147  251     9.879275
 104  148  252     9.747645
 104  149  253     9.613967
 104  150  254     9.495336
 104  151  255     9.415580
 104  152  256     9.354070
 104  153  257     9.284190
 104  154  258     9.235698
 104  155  259     9.080231
 104  156  260     8.947529
 104  157  261     8.705255
 104  158  262     8.484167
 104  159  263     8.222614
 104  160  264     7.983694
 104  161  265     7.859653
 104  162  266     7.766299
 104  163  267     7.797473
 104  164  268     7.868646
 104  165  269     7.823859
 104  166  270     7.823668
 104  167  271     7.606772
 104  168  272     7.432871
 104  169  273     7.195061
 104  170  274     6.993607
 104  171  275     6.651300
 104  172  276     6.317590
 104  173  277     6.121071
 104  174  278     5.905511
 104  175  279     5.744057
 104  176  280     5.552329
 104  177  281     5.530338
 104  178  282     5.464579
 104  179  283     5.453142
 104  180  284     5.373785
 104  181  285     5.126338
 104  182  286     4.795040
 104  183  287     4.859764
 104  184  288     4.889143
 104  185  289     5.889506
 104  186  290     6.899056
 104  187  291     7.119414
 104  188  292     7.345189
 104  189  293     6.704331
 104  190  294     6.153768
 104  191  295     5.296124
 104  192  296     4.602832
 104  193  297     4.184715
 104  194  298     3.894184
 104  195  299     3.028948
 104  196  300     2.308529
 104  197  301     2.336119
 104  198  302     2.456538
 104  199  303     2.405835
 104  200  304     2.367393
 104  201  305     2.250080
 104  202  306     2.147084
 104  203  307     2.007688
 104  204  308     1.871511
 104  205  309     1.749392
 104  206  310     1.630909
 104  207  311     1.505050
 104  208  312     1.383778
 104  209  313     1.233531
 104  210  314     1.088792
 104  211  315     0.909167
 104  212  316     0.736150
 104  213  317     0.546212
 104  214  318     0.364598
 104  215  319     0.199939
 104  216  320     0.045759
 104  217  321    -0.097589
 104  218  322    -0.225829
 104  219  323    -0.358346
 104  220  324    -0.469058
 104  221  325    -0.603041
 104  222  326    -0.708555
 104  223  327    -0.858497
 104  224  328    -0.972723
 104  225  329    -1.142154
 104  226  330    -1.270404
 104  227  331    -1.437368
 104  228  332    -1.558723
 104  229  333    -1.693895
 104  230  334    -1.781434
 104  231  335    -1.880271
 104  232  336    -1.933472
 104  234  338    -2.070155
 104  236  340    -2.234059
 104  238  342    -2.469300
 104  240  344    -2.767900
 104  242  346    -3.496141
 104  243  347    -3.677917
 104  244  348    -3.866621
 104  246  350    -4.004602
 104  248  352    -4.200017
 104  250  354    -4.480984
 104  252  356    -4.694800
 104  254  358    -4.867564
 104  256  360    -5.968525
 105  144  249    10.721571
 105  146  251    10.476745
 105  148  253    10.174670
 105  149  254    10.027583
 105  150  255     9.904652
 105  151  256     9.828195
 105  152  257     9.781380
 105  153  258     9.713289
 105  154  259     9.679811
 105  155  260     9.511659
 105  156  261     9.381556
 105  157  262     9.108787
 105  158  263     8.875282
 105  159  264     8.585603
 105  160  265     8.337794
 105  161  266     8.216597
 105  162  267     8.143674
 105  163  268     8.190633
 105  164  269     8.291765
 105  165  270     8.247811
 105  166  271     8.259004
 105  167  272     8.026984
 105  168  273     7.844782
 105  169  274     7.601899
 105  170  275     7.400864
 105  171  276     7.132778
 105  172  277     6.882308
 105  173  278     6.609429
 105  174  279     6.321837
 105  175  280     6.154826
 105  176  281     5.955161
 105  177  282     5.923189
 105  178  283     5.848424
 105  179  284     5.830388
 105  180  285     5.749649
 105  181  286     5.512933
 105  182  287     5.199897
 105  183  288     5.285802
 105  184  289     5.346375
 105  185  290     6.306509
 105  186  291     7.288031
 105  187  292     7.538262
 105  188  293     7.806065
 105  189  294     7.114273
 105  190  295     6.520147
 105  191  296     5.723848
 105  192  297     5.093129
 105  193  298     4.679242
 105  194  299     4.394507
 105  195  300     3.788703
 105  196  301     3.298240
 105  197  302     3.148321
 105  198  303     3.065206
 105  199  304     2.999224
 105  200  305     2.948022
 105  201  306     2.815546
 105  202  307     2.678993
 105  203  308     2.537141
 105  204  309     2.379596
 105  205  310     2.269289
 105  206  311     2.158223
 105  207  312     2.049845
 105  208  313     1.944415
 105  209  314     1.819299
 105  210  315     1.700142
 105  211  316     1.546626
 105  212  317     1.402575
 105  213  318     1.229469
 105  214  319     1.069822
 105  215  320     0.902001
 105  216  321     0.751918
 105  217  322     0.598345
 105  218  323     0.468255
 105  219  324     0.329045
 105  220  325     0.219397
 105  221  326     0.080749
 105  222  327    -0.023324
 105  223  328    -0.183243
 105  224  329    -0.303492
 105  225  330    -0.495182
 105  226  331    -0.643725
 105  227  332    -0.835751
 105  228  333    -0.982594
 105  229  334    -1.137911
 105  230  335    -1.247750
 105  231  336    -1.360084
 105  232  337    -1.429462
 105  233  338    -1.523056
 105  234  339    -1.578378
 105  236  341    -1.748761
 105  238  343    -1.996453
 105  240  345    -2.317517
 105  242  347    -2.819606
 105  243  348    -3.117753
 105  244  349    -3.435374
 105  246  351    -3.576740
 105  248  353    -3.777841
 105  250  355    -4.061332
 105  252  357    -4.277276
 105  254  359    -4.427623
 105  256  361    -5.561990
 105  258  363    -4.760487
 106  145  251    11.072619
 106  146  252    10.949745
 106  147  253    10.771656
 106  148  254    10.618612
 106  149  255    10.459659
 106  150  256    10.333973
 106  151  257    10.259520
 106  152  258    10.226107
 106  153  259    10.157095
 106  154  260    10.135922
 106  155  261     9.949074
 106  156  262     9.815559
 106  157  263     9.521791
 106  158  264     9.285365
 106  159  265     8.974502
 106  160  266     8.724743
 106  161  267     8.595891
 106  162  268     8.532899
 106  163  269     8.594214
 106  164  270     8.723878
 106  165  271     8.668823
 106  166  272     8.679467
 106  167  273     8.437895
 106  168  274     8.252964
 106  169  275     8.015875
 106  170  276     7.826127
 106  171  277     7.643226
 106  172  278     7.486962
 106  173  279     7.160224
 106  174  280     6.823100
 106  175  281     6.644055
 106  176  282     6.429974
 106  177  283     6.385106
 106  178  284     6.298421
 106  179  285     6.281117
 106  180  286     6.206325
 106  181  287     5.955150
 106  182  288     5.635189
 106  183  289     5.658772
 106  184  290     5.667037
 106  185  291     6.599350
 106  186  292     7.565254
 106  187  293     7.772721
 106  188  294     8.009912
 106  189  295     7.400638
 106  190  296     6.896403
 106  191  297     6.104275
 106  192  298     5.478954
 106  193  299     5.057587
 106  194  300     4.766935
 106  195  301     4.435018
 106  196  302     4.188965
 106  197  303     3.930581
 106  198  304     3.712977
 106  199  305     3.621668
 106  200  306     3.547657
 106  201  307     3.412227
 106  202  308     3.254327
 106  203  309     3.099628
 106  204  310     2.910324
 106  205  311     2.809128
 106  206  312     2.702779
 106  207  313     2.608255
 106  208  314     2.515040
 106  209  315     2.412622
 106  210  316     2.316615
 106  211  317     2.189226
 106  212  318     2.074159
 106  213  319     1.916999
 106  214  320     1.778435
 106  215  321     1.609614
 106  216  322     1.465792
 106  217  323     1.304001
 106  218  324     1.174067
 106  219  325     1.028848
 106  220  326     0.920949
 106  221  327     0.779848
 106  222  328     0.679427
 106  223  329     0.509729
 106  224  330     0.383653
 106  225  331     0.170683
 106  226  332     0.002824
 106  227  333    -0.213624
 106  228  334    -0.385315
 106  229  335    -0.561903
 106  230  336    -0.695166
 106  231  337    -0.821487
 106  232  338    -0.907533
 106  233  339    -1.008809
 106  234  340    -1.074963
 106  235  341    -1.177064
 106  236  342    -1.251620
 106  238  344    -1.506687
 106  240  346    -1.830293
 106  242  348    -2.152445
 106  243  349    -2.519518
 106  244  350    -2.918613
 106  245  351    -2.967409
 106  246  352    -3.059849
 106  248  354    -3.264365
 106  250  356    -3.565397
 106  252  358    -3.781528
 106  254  360    -3.964574
 106  255  361    -4.491064
 106  256  362    -5.048134
 106  258  364    -4.356714
 107  148  255    11.074933
 107  150  257    10.803512
 107  152  259    10.725849
 107  153  260    10.693126
 107  154  261    10.660716
 107  155  262    10.500575
 107  156  263    10.345896
 107  157  264    10.063821
 107  158  265     9.794820
 107  159  266     9.494000
 107  160  267     9.214579
 107  161  268     9.120052
 107  162  269     9.056400
 107  163  270     9.150709
 107  164  271     9.283410
 107  165  272     9.246142
 107  166  273     9.249629
 107  167  274     9.010321
 107  168  275     8.807920
 107  169  276     8.575347
 107  170  277     8.374251
 107  171  278     8.188185
 107  172  279     8.011157
 107  173  280     7.665723
 107  174  281     7.275471
 107  175  282     7.063956
 107  176  283     6.794289
 107  177  284     6.744242
 107  178  285     6.654846
 107  179  286     6.627528
 107  180  287     6.549211
 107  181  288     6.303001
 107  182  289     5.999329
 107  183  290     6.059923
 107  184  291     6.116836
 107  185  292     7.011584
 107  186  293     7.950647
 107  187  294     8.179985
 107  188  295     8.449963
 107  189  296     7.820505
 107  190  297     7.298287
 107  191  298     6.550388
 107  192  299     5.965899
 107  193  300     5.547378
 107  194  301     5.261261
 107  195  302     4.362558
 107  196  303     3.573609
 107  197  304     3.448939
 107  198  305     3.410923
 107  199  306     3.734654
 107  200  307     4.094337
 107  201  308     3.993856
 107  202  309     3.852592
 107  203  310     3.636158
 107  204  311     3.372849
 107  205  312     3.273046
 107  206  313     3.168100
 107  207  314     3.079317
 107  208  315     2.988368
 107  209  316     2.896215
 107  210  317     2.803459
 107  211  318     2.686461
 107  212  319     2.570468
 107  213  320     2.425706
 107  214  321     2.283505
 107  215  322     2.125399
 107  216  323     1.971639
 107  217  324     1.823854
 107  218  325     1.682729
 107  219  326     1.565435
 107  220  327     1.456655
 107  221  328     1.350468
 107  222  329     1.253900
 107  223  330     1.111503
 107  224  331     0.980656
 107  225  332     0.782028
 107  226  333     0.597171
 107  227  334     0.388750
 107  228  335     0.195299
 107  229  336     0.024733
 107  230  337    -0.129815
 107  231  338    -0.246537
 107  232  339    -0.346824
 107  233  340    -0.432568
 107  234  341    -0.503461
 107  235  342    -0.597838
 107  236  343    -0.681022
 107  237  344    -0.823304
 107  238  345    -0.961219
 107  240  347    -1.326314
 107  242  349    -1.701938
 107  243  350    -2.073317
 107  244  351    -2.480994
 107  245  352    -2.553138
 107  246  353    -2.665338
 107  247  354    -2.748786
 107  248  355    -2.869112
 107  250  357    -3.168076
 107  252  359    -3.376984
 107  254  361    -3.534372
 107  255  362    -4.075680
 107  256  363    -4.635332
 107  258  365    -3.913354
 108  149  257    11.453414
 108  150  258    11.305341
 108  151  259    11.300066
 108  152  260    11.250133
 108  153  261    11.246757
 108  154  262    11.196167
 108  155  263    11.054135
 108  156  264    10.869697
 108  157  265    10.611384
 108  158  266    10.321878
 108  159  267    10.039221
 108  160  268     9.738254
 108  161  269     9.667213
 108  162  270     9.592062
 108  163  271     9.723166
 108  164  272     9.862708
 108  165  273     9.828718
 108  166  274     9.810540
 108  167  275     9.578916
 108  168  276     9.364462
 108  169  277     9.147469
 108  170  278     8.946088
 108  171  279     8.770105
 108  172  280     8.585557
 108  173  281     8.245741
 108  174  282     7.826671
 108  175  283     7.569475
 108  176  284     7.231009
 108  177  285     7.170247
 108  178  286     7.072602
 108  179  287     7.046214
 108  180  288     6.975314
 108  181  289     6.708818
 108  182  290     6.396183
 108  183  291     6.411452
 108  184  292     6.434677
 108  185  293     7.298620
 108  186  294     8.217605
 108  187  295     8.402452
 108  188  296     8.638854
 108  189  297     8.106741
 108  190  298     7.684071
 108  191  299     6.937829
 108  192  300     6.351598
 108  193  301     5.925039
 108  194  302     5.632573
 108  195  303     4.230263
 108  196  304     2.961595
 108  197  305     3.003504
 108  198  306     3.177938
 108  199  307     3.898042
 108  200  308     4.672752
 108  201  309     4.625168
 108  202  310     4.518487
 108  203  311     4.228039
 108  204  312     3.878446
 108  205  313     3.774068
 108  206  314     3.664556
 108  207  315     3.575788
 108  208  316     3.481378
 108  209  317     3.396654
 108  210  318     3.304311
 108  211  319     3.195931
 108  212  320     3.077239
 108  213  321     2.943782
 108  214  322     2.796850
 108  215  323     2.650468
 108  216  324     2.487778
 108  217  325     2.356306
 108  218  326     2.206296
 108  219  327     2.116530
 108  220  328     2.006474
 108  221  329     1.936794
 108  222  330     1.845673
 108  223  331     1.729266
 108  224  332     1.592335
 108  225  333     1.408491
 108  226  334     1.207080
 108  227  335     1.009478
 108  228  336     0.797063
 108  229  337     0.632458
 108  230  338     0.456566
 108  231  339     0.350535
 108  232  340     0.237100
 108  233  341     0.165547
 108  234  342     0.088572
 108  235  343     0.002030
 108  236  344    -0.089673
 108  237  345    -0.234408
 108  238  346    -0.387664
 108  239  347    -0.575218
 108  240  348    -0.778542
 108  241  349    -0.978278
 108  242  350    -1.206880
 108  243  351    -1.577551
 108  244  352    -1.988799
 108  245  353    -2.067139
 108  246  354    -2.181949
 108  247  355    -2.269698
 108  248  356    -2.385422
 108  249  357    -2.529945
 108  250  358    -2.698680
 108  252  360    -2.908080
 108  254  362    -3.081767
 108  255  363    -3.616483
 108  256  364    -4.157307
 108  258  366    -3.506913
 109  152  261    11.959484
 109  154  263    11.997637
 109  156  265    11.717674
 109  158  267    11.165493
 109  159  268    10.874109
 109  160  269    10.569606
 109  161  270    10.502950
 109  162  271    10.436386
 109  163  272    10.562551
 109  164  273    10.699444
 109  165  274    10.648951
 109  166  275    10.616932
 109  167  276    10.348126
 109  168  277    10.100506
 109  169  278     9.849121
 109  170  279     9.613066
 109  171  280     9.363008
 109  172  281     9.090246
 109  173  282     8.723047
 109  174  283     8.276818
 109  175  284     7.952505
 109  176  285     7.561900
 109  177  286     7.499094
 109  178  287     7.407923
 109  179  288     7.366523
 109  180  289     7.294993
 109  181  290     7.020196
 109  182  291     6.716249
 109  183  292     6.790356
 109  184  293     6.884942
 109  185  294     7.715424
 109  186  295     8.609698
 109  187  296     8.812481
 109  188  297     9.076150
 109  189  298     8.544144
 109  190  299     8.121078
 109  191  300     7.397746
 109  192  301     6.829743
 109  193  302     6.421612
 109  194  303     6.146127
 109  195  304     5.279686
 109  196  305     4.519059
 109  197  306     4.420088
 109  198  307     4.404258
 109  199  308     4.741264
 109  200  309     5.110238
 109  201  310     5.198088
 109  202  311     5.227384
 109  203  312     4.816645
 109  204  313     4.345161
 109  205  314     4.239829
 109  206  315     4.126567
 109  207  316     4.038378
 109  208  317     3.941309
 109  209  318     3.854893
 109  210  319     3.757641
 109  211  320     3.653737
 109  212  321     3.535862
 109  213  322     3.408412
 109  214  323     3.262922
 109  215  324     3.122423
 109  216  325     2.959549
 109  217  326     2.842231
 109  218  327     2.698660
 109  219  328     2.635219
 109  220  329     2.542819
 109  221  330     2.498323
 109  222  331     2.424774
 109  223  332     2.329551
 109  224  333     2.208820
 109  225  334     2.040849
 109  226  335     1.853027
 109  227  336     1.663922
 109  228  337     1.460384
 109  229  338     1.296511
 109  230  339     1.123634
 109  231  340     1.013867
 109  232  341     0.899768
 109  233  342     0.821697
 109  234  343     0.741445
 109  235  344     0.635039
 109  236  345     0.526178
 109  237  346     0.344433
 109  238  347     0.154533
 109  239  348    -0.072541
 109  240  349    -0.316311
 109  241  350    -0.541984
 109  242  351    -0.789573
 109  243  352    -1.097875
 109  244  353    -1.418242
 109  245  354    -1.609720
 109  246  355    -1.810354
 109  247  356    -1.902547
 109  248  357    -2.010428
 109  249  358    -2.155645
 109  250  359    -2.312267
 109  251  360    -2.405172
 109  252  361    -2.507864
 109  254  363    -2.665666
 109  255  364    -3.216100
 109  256  365    -3.760774
 109  258  367    -3.049679
 110  153  263    12.786247
 110  155  265    12.701843
 110  156  266    12.552036
 110  157  267    12.298532
 110  158  268    12.020590
 110  159  269    11.730440
 110  160  270    11.432360
 110  161  271    11.361763
 110  162  272    11.295460
 110  163  273    11.425667
 110  164  274    11.568892
 110  165  275    11.482117
 110  166  276    11.416477
 110  167  277    11.114477
 110  168  278    10.837679
 110  169  279    10.563101
 110  170  280    10.303570
 110  171  281    10.002610
 110  172  282     9.664806
 110  173  283     9.290353
 110  174  284     8.837094
 110  175  285     8.424510
 110  176  286     7.960613
 110  177  287     7.892262
 110  178  288     7.804066
 110  179  289     7.758804
 110  180  290     7.697794
 110  181  291     7.393129
 110  182  292     7.076303
 110  183  293     7.120791
 110  184  294     7.198284
 110  185  295     7.998859
 110  186  296     8.871977
 110  187  297     9.032632
 110  188  298     9.263504
 110  189  299     8.828096
 110  190  300     8.501127
 110  191  301     7.787764
 110  192  302     7.225047
 110  193  303     6.825681
 110  194  304     6.557515
 110  195  305     6.293009
 110  196  306     6.106487
 110  197  307     5.884526
 110  198  308     5.696322
 110  199  309     5.629406
 110  200  310     5.571820
 110  201  311     5.793927
 110  202  312     5.958025
 110  203  313     5.435920
 110  204  314     4.851468
 110  205  315     4.742001
 110  206  316     4.621809
 110  207  317     4.530694
 110  208  318     4.427460
 110  209  319     4.335636
 110  210  320     4.229761
 110  211  321     4.127888
 110  212  322     4.008384
 110  213  323     3.887346
 110  214  324     3.743705
 110  215  325     3.610010
 110  216  326     3.447873
 110  217  327     3.345361
 110  218  328     3.208882
 110  219  329     3.170741
 110  220  330     3.094973
 110  221  331     3.075272
 110  222  332     3.018906
 110  223  333     2.940120
 110  224  334     2.830842
 110  225  335     2.678123
 110  226  336     2.503271
 110  227  337     2.327223
 110  228  338     2.137121
 110  229  339     1.975631
 110  230  340     1.807418
 110  231  341     1.695751
 110  232  342     1.582822
 110  233  343     1.499594
 110  234  344     1.417423
 110  235  345     1.291485
 110  236  346     1.165795
 110  237  347     0.951897
 110  238  348     0.730209
 110  239  349     0.469877
 110  240  350     0.191920
 110  241  351    -0.057963
 110  242  352    -0.322815
 110  243  353    -0.577899
 110  244  354    -0.816538
 110  245  355    -1.094153
 110  246  356    -1.353614
 110  247  357    -1.451973
 110  248  358    -1.553733
 110  249  359    -1.710615
 110  250  360    -1.866097
 110  251  361    -1.963005
 110  252  362    -2.056585
 110  253  363    -2.146704
 110  254  364    -2.242935
 110  255  365    -2.786334
 110  256  366    -3.312103
 110  258  368    -2.641160
 111  158  269    12.361017
 111  160  271    11.755887
 111  161  272    11.703411
 111  162  273    11.633714
 111  163  274    11.775200
 111  164  275    11.904490
 111  165  276    11.838956
 111  166  277    11.766731
 111  167  278    11.486789
 111  168  279    11.200349
 111  169  280    10.940926
 111  170  281    10.660096
 111  171  282    10.293679
 111  172  283     9.869520
 111  173  284     9.513901
 111  174  285     9.093909
 111  175  286     8.727663
 111  176  287     8.311020
 111  177  288     8.226048
 111  178  289     8.114879
 111  179  290     8.058343
 111  180  291     8.002219
 111  181  292     7.688129
 111  182  293     7.377979
 111  183  294     7.503070
 111  184  295     7.672509
 111  185  296     8.436852
 111  186  297     9.279859
 111  187  298     9.453901
 111  188  299     9.705466
 111  189  300     9.283304
 111  190  301     8.966818
 111  191  302     8.263780
 111  192  303     7.706242
 111  193  304     7.324103
 111  194  305     7.073691
 111  195  306     5.978294
 111  196  307     4.977213
 111  197  308     4.865506
 111  198  309     4.817556
 111  199  310     5.460366
 111  200  311     6.114427
 111  201  312     6.204064
 111  202  313     6.245273
 111  203  314     5.801608
 111  204  315     5.314154
 111  205  316     5.214121
 111  206  317     5.099723
 111  207  318     5.018706
 111  208  319     4.921505
 111  209  320     4.848598
 111  210  321     4.757558
 111  211  322     4.672909
 111  212  323     4.566790
 111  213  324     4.457142
 111  214  325     4.321995
 111  215  326     4.197203
 111  216  327     4.042429
 111  217  328     3.944122
 111  218  329     3.811126
 111  219  330     3.771181
 111  220  331     3.693942
 111  221  332     3.664077
 111  222  333     3.599001
 111  223  334     3.503829
 111  224  335     3.380488
 111  225  336     3.206720
 111  226  337     3.013227
 111  227  338     2.813186
 111  228  339     2.600442
 111  229  340     2.418996
 111  230  341     2.230418
 111  231  342     2.111754
 111  232  343     1.988657
 111  233  344     1.903498
 111  234  345     1.815227
 111  235  346     1.683927
 111  236  347     1.551459
 111  237  348     1.326384
 111  238  349     1.099125
 111  239  350     0.840298
 111  240  351     0.580598
 111  241  352     0.337387
 111  242  353     0.104094
 111  243  354    -0.138512
 111  244  355    -0.347955
 111  245  356    -0.628026
 111  246  357    -0.910213
 111  247  358    -1.039033
 111  248  359    -1.187504
 111  249  360    -1.334047
 111  250  361    -1.464029
 111  251  362    -1.571563
 111  252  363    -1.660764
 111  253  364    -1.774448
 111  254  365    -1.876544
 111  255  366    -2.415818
 111  256  367    -2.919446
 111  258  369    -2.160729
 112  159  271    12.426758
 112  160  272    12.109868
 112  161  273    12.068725
 112  162  274    11.988849
 112  163  275    12.150026
 112  164  276    12.273790
 112  165  277    12.206362
 112  166  278    12.104417
 112  167  279    11.852045
 112  168  280    11.561478
 112  169  281    11.332629
 112  170  282    11.045921
 112  171  283    10.640093
 112  172  284    10.155625
 112  173  285     9.823173
 112  174  286     9.440783
 112  175  287     9.107632
 112  176  288     8.725002
 112  177  289     8.623109
 112  178  290     8.488669
 112  179  291     8.428184
 112  180  292     8.384270
 112  181  293     8.044425
 112  182  294     7.724621
 112  183  295     7.832899
 112  184  296     7.996869
 112  185  297     8.729049
 112  186  298     9.546014
 112  187  299     9.679859
 112  188  300     9.898530
 112  189  301     9.557919
 112  190  302     9.320220
 112  191  303     8.653479
 112  192  304     8.127093
 112  193  305     7.753682
 112  194  306     7.512527
 112  195  307     5.664863
 112  196  308     3.927848
 112  197  309     3.945872
 112  198  310     4.057656
 112  199  311     5.358749
 112  200  312     6.673012
 112  201  313     6.619888
 112  202  314     6.527919
 112  203  315     6.185170
 112  204  316     5.817187
 112  205  317     5.725095
 112  206  318     5.614999
 112  207  319     5.541164
 112  208  320     5.447081
 112  209  321     5.388313
 112  210  322     5.307330
 112  211  323     5.237586
 112  212  324     5.142535
 112  213  325     5.043992
 112  214  326     4.917055
 112  215  327     4.802242
 112  216  328     4.655902
 112  217  329     4.561937
 112  218  330     4.432564
 112  219  331     4.389188
 112  220  332     4.308852
 112  221  333     4.265043
 112  222  334     4.187478
 112  223  335     4.069245
 112  224  336     3.925166
 112  225  337     3.730834
 112  226  338     3.519187
 112  227  339     3.302022
 112  228  340     3.073504
 112  229  341     2.873877
 112  230  342     2.666710
 112  231  343     2.542941
 112  232  344     2.411570
 112  233  345     2.328331
 112  234  346     2.237809
 112  235  347     2.099342
 112  236  348     1.958289
 112  237  349     1.725340
 112  238  350     1.495814
 112  239  351     1.242601
 112  240  352     1.005267
 112  241  353     0.770246
 112  242  354     0.570031
 112  243  355     0.340249
 112  244  356     0.160351
 112  245  357    -0.107318
 112  246  358    -0.397373
 112  247  359    -0.556022
 112  248  360    -0.750574
 112  249  361    -0.896018
 112  250  362    -1.009739
 112  251  363    -1.128442
 112  252  364    -1.213808
 112  253  365    -1.377915
 112  254  366    -1.512734
 112  255  367    -2.013986
 112  256  368    -2.461577
 112  257  369    -2.140709
 112  258  370    -1.741080
 113  160  273    12.229647
 113  162  275    12.131819
 113  164  277    12.408893
 113  165  278    12.345343
 113  166  279    12.278668
 113  167  280    12.024605
 113  168  281    11.762244
 113  169  282    11.495680
 113  170  283    11.204532
 113  171  284    10.778231
 113  172  285    10.317573
 113  173  286    10.054191
 113  174  287     9.778269
 113  175  288     9.465751
 113  176  289     9.112447
 113  177  290     8.966670
 113  178  291     8.793846
 113  179  292     8.729338
 113  180  293     8.697449
 113  181  294     8.357454
 113  182  295     8.052639
 113  183  296     8.250931
 113  184  297     8.514824
 113  185  298     9.208728
 113  186  299     9.993178
 113  187  300    10.138020
 113  188  301    10.374857
 113  189  302    10.029821
 113  190  303     9.787411
 113  191  304     9.132873
 113  192  305     8.617041
 113  193  306     8.131302
 113  194  307     7.796299
 113  195  308     6.720014
 113  196  309     5.763547
 113  197  310     6.616218
 113  198  311     7.532048
 113  199  312     7.424726
 113  200  313     7.306429
 113  201  314     7.280233
 113  202  315     7.211238
 113  203  316     7.053391
 113  204  317     6.844091
 113  205  318     6.511118
 113  206  319     6.137291
 113  207  320     6.065158
 113  208  321     5.971970
 113  209  322     5.914633
 113  210  323     5.833703
 113  211  324     5.765619
 113  212  325     5.670489
 113  213  326     5.571777
 113  214  327     5.441934
 113  215  328     5.319249
 113  216  329     5.160880
 113  217  330     5.057613
 113  218  331     4.914340
 113  219  332     4.864465
 113  220  333     4.774069
 113  221  334     4.721980
 113  222  335     4.635499
 113  223  336     4.504065
 113  224  337     4.349787
 113  225  338     4.134229
 113  226  339     3.907317
 113  227  340     3.664876
 113  228  341     3.419385
 113  229  342     3.201891
 113  230  343     2.986655
 113  231  344     2.849557
 113  232  345     2.717687
 113  233  346     2.623210
 113  234  347     2.539974
 113  235  348     2.401344
 113  236  349     2.281801
 113  237  350     2.058872
 113  238  351     1.860863
 113  239  352     1.624559
 113  240  353     1.422681
 113  241  354     1.204359
 113  242  355     1.032604
 113  243  356     0.823021
 113  244  357     0.666247
 113  245  358     0.396999
 113  246  359     0.099727
 113  247  360    -0.121218
 113  248  361    -0.374796
 113  249  362    -0.524689
 113  250  363    -0.628081
 113  251  364    -0.748858
 113  252  365    -0.822416
 113  253  366    -0.995461
 113  254  367    -1.122543
 113  255  368    -1.590217
 113  256  369    -1.991430
 113  257  370    -1.645869
 113  258  371    -1.215251
 114  161  275    12.323972
 114  162  276    12.295428
 114  163  277    12.422668
 114  164  278    12.580023
 114  165  279    12.497355
 114  166  280    12.442954
 114  167  281    12.190194
 114  168  282    11.959033
 114  169  283    11.669486
 114  170  284    11.388630
 114  171  285    10.957721
 114  172  286    10.536738
 114  173  287    10.343563
 114  174  288    10.175247
 114  175  289     9.881273
 114  176  290     9.555207
 114  177  291     9.367612
 114  178  292     9.158468
 114  179  293     9.094106
 114  180  294     9.078413
 114  181  295     8.726937
 114  182  296     8.425779
 114  183  297     8.609076
 114  184  298     8.867881
 114  185  299     9.529864
 114  186  300    10.288152
 114  187  301    10.396521
 114  188  302    10.604050
 114  189  303    10.288209
 114  190  304    10.074705
 114  191  305     9.503284
 114  192  306     9.068921
 114  193  307     8.497064
 114  194  308     8.094420
 114  195  309     7.857190
 114  196  310     7.748946
 114  197  311     9.383162
 114  198  312    11.049935
 114  199  313     9.513661
 114  200  314     7.942264
 114  201  315     7.940717
 114  202  316     7.892417
 114  203  317     7.927623
 114  204  318     7.885154
 114  205  319     7.324820
 114  206  320     6.700782
 114  207  321     6.626728
 114  208  322     6.530808
 114  209  323     6.469508
 114  210  324     6.383240
 114  211  325     6.313283
 114  212  326     6.214543
 114  213  327     6.115184
 114  214  328     5.981956
 114  215  329     5.853101
 114  216  330     5.684403
 114  217  331     5.571848
 114  218  332     5.414689
 114  219  333     5.355340
 114  220  334     5.251910
 114  221  335     5.187212
 114  222  336     5.087486
 114  223  337     4.937269
 114  224  338     4.767209
 114  225  339     4.531556
 114  226  340     4.290510
 114  227  341     4.030516
 114  228  342     3.775775
 114  229  343     3.543423
 114  230  344     3.323127
 114  231  345     3.176390
 114  232  346     3.047712
 114  233  347     2.944991
 114  234  348     2.872035
 114  235  349     2.728508
 114  236  350     2.625741
 114  237  351     2.412901
 114  238  352     2.246477
 114  239  353     2.030360
 114  240  354     1.867216
 114  241  355     1.667072
 114  242  356     1.525255
 114  243  357     1.338758
 114  244  358     1.207996
 114  245  359     0.943908
 114  246  360     0.646157
 114  247  361     0.369484
 114  248  362     0.063448
 114  249  363    -0.097332
 114  250  364    -0.196835
 114  251  365    -0.321569
 114  252  366    -0.385202
 114  253  367    -0.587277
 114  254  368    -0.726718
 114  255  369    -1.127638
 114  256  370    -1.449299
 114  257  371    -1.151101
 114  258  372    -0.761553
 114  276  390    -2.126109
 115  164  279    12.886070
 115  166  281    12.788429
 115  167  282    12.542957
 115  168  283    12.326294
 115  169  284    12.014256
 115  170  285    11.729865
 115  171  286    11.311478
 115  172  287    10.922978
 115  173  288    10.744382
 115  174  289    10.597640
 115  175  290    10.240533
 115  176  291     9.854451
 115  177  292     9.675949
 115  178  293     9.489087
 115  179  294     9.438952
 115  180  295     9.454380
 115  181  296     9.115946
 115  182  297     8.843138
 115  183  298     9.100159
 115  184  299     9.443839
 115  185  300    10.065367
 115  186  301    10.791426
 115  187  302    10.908562
 115  188  303    11.134221
 115  189  304    10.817923
 115  190  305    10.613818
 115  191  306    10.040580
 115  192  307     9.607883
 115  193  308     9.119438
 115  194  309     8.787685
 115  195  310     7.828126
 115  196  311     6.952763
 115  197  312     8.252083
 115  198  313     9.573060
 115  199  314     8.723518
 115  200  315     7.888838
 115  201  316     7.538778
 115  202  317     7.158543
 115  203  318     7.852369
 115  204  319     8.461579
 115  205  320     7.849029
 115  206  321     7.172292
 115  207  322     7.092863
 115  208  323     6.984831
 115  209  324     6.924128
 115  210  325     6.834803
 115  211  326     6.760665
 115  212  327     6.657558
 115  213  328     6.542720
 115  214  329     6.397628
 115  215  330     6.251987
 115  216  331     6.074207
 115  217  332     5.947337
 115  218  333     5.787233
 115  219  334     5.717659
 115  220  335     5.617538
 115  221  336     5.549706
 115  222  337     5.460300
 115  223  338     5.315180
 115  224  339     5.160721
 115  225  340     4.942896
 115  226  341     4.724448
 115  227  342     4.485666
 115  228  343     4.249433
 115  229  344     4.043053
 115  230  345     3.839607
 115  231  346     3.714765
 115  232  347     3.594475
 115  233  348     3.514960
 115  234  349     3.446186
 115  235  350     3.329490
 115  236  351     3.231358
 115  237  352     3.043143
 115  238  353     2.882117
 115  239  354     2.680333
 115  240  355     2.516805
 115  241  356     2.325203
 115  242  357     2.180322
 115  243  358     1.997040
 115  244  359     1.814953
 115  245  360     1.472077
 115  246  361     1.048511
 115  247  362     0.770825
 115  248  363     0.473394
 115  249  364     0.319057
 115  250  365     0.239769
 115  251  366     0.128570
 115  252  367     0.092228
 115  253  368    -0.120049
 115  254  369    -0.254461
 115  255  370    -0.625858
 115  256  371    -0.906855
 115  257  372    -0.589947
 115  258  373    -0.175080
 115  260  375     0.949393
 115  276  391    -1.702459
 115  278  393    -1.977426
 116  165  281    13.159678
 116  166  282    13.114312
 116  167  283    12.869353
 116  168  284    12.660415
 116  169  285    12.338668
 116  170  286    12.063524
 116  171  287    11.674959
 116  172  288    11.336240
 116  173  289    11.180745
 116  174  290    11.064100
 116  175  291    10.642712
 116  176  292    10.195467
 116  177  293    10.032006
 116  178  294     9.873370
 116  179  295     9.840153
 116  180  296     9.889395
 116  181  297     9.554770
 116  182  298     9.301079
 116  183  299     9.523967
 116  184  300     9.844665
 116  185  301    10.434603
 116  186  302    11.137297
 116  187  303    11.221028
 116  188  304    11.422642
 116  189  305    11.122111
 116  190  306    10.943626
 116  191  307    10.460811
 116  192  308    10.122021
 116  193  309     9.730790
 116  194  310     9.483727
 116  195  311     7.832692
 116  196  312     6.221061
 116  197  313     7.114766
 116  198  314     8.019228
 116  199  315     7.887734
 116  200  316     7.821087
 116  201  317     7.100482
 116  202  318     6.366277
 116  203  319     7.732749
 116  204  320     9.007663
 116  205  321     8.379686
 116  206  322     7.687040
 116  207  323     7.597634
 116  208  324     7.472887
 116  209  325     7.405968
 116  210  326     7.306776
 116  211  327     7.224114
 116  212  328     7.112296
 116  213  329     6.981796
 116  214  330     6.824659
 116  215  331     6.664914
 116  216  332     6.480734
 116  217  333     6.340757
 116  218  334     6.178913
 116  219  335     6.096034
 116  220  336     5.996141
 116  221  337     5.922076
 116  222  338     5.839892
 116  223  339     5.694638
 116  224  340     5.550547
 116  225  341     5.352819
 116  226  342     5.159235
 116  227  343     4.950303
 116  228  344     4.741214
 116  229  345     4.565720
 116  230  346     4.384034
 116  231  347     4.282284
 116  232  348     4.171577
 116  233  349     4.114361
 116  234  350     4.048862
 116  235  351     3.951529
 116  236  352     3.850563
 116  237  353     3.685516
 116  238  354     3.528430
 116  239  355     3.343625
 116  240  356     3.182356
 116  241  357     3.000642
 116  242  358     2.854041
 116  243  359     2.668397
 116  244  360     2.429405
 116  245  361     2.022291
 116  246  362     1.487461
 116  247  363     1.220090
 116  248  364     0.942592
 116  249  365     0.786344
 116  250  366     0.718919
 116  251  367     0.617929
 116  252  368     0.605553
 116  253  369     0.372643
 116  254  370     0.232828
 116  255  371    -0.088044
 116  256  372    -0.307376
 116  257  373    -0.041871
 116  258  374     0.328200
 116  260  376     1.385106
 116  272  388    -0.517991
 116  276  392    -1.262985
 116  278  394    -1.510880
 116  280  396    -1.656128
 117  168  285    13.352602
 117  170  287    12.639983
 117  171  288    12.207622
 117  172  289    11.776018
 117  173  290    11.536693
 117  174  291    11.273701
 117  175  292    10.873278
 117  176  293    10.434207
 117  177  294    10.357693
 117  178  295    10.304206
 117  179  296    10.290266
 117  180  297    10.367089
 117  181  298    10.045786
 117  182  299     9.807156
 117  183  300    10.082997
 117  184  301    10.453056
 117  185  302    11.017757
 117  186  303    11.691234
 117  187  304    11.794781
 117  188  305    12.013723
 117  189  306    11.712787
 117  190  307    11.531559
 117  191  308    10.900104
 117  192  309    10.430264
 117  193  310     9.769408
 117  194  311     9.289107
 117  195  312     8.160039
 117  196  313     7.130789
 117  197  314     8.275104
 117  198  315     9.499364
 117  199  316     7.854850
 117  200  317     6.251312
 117  201  318     5.865492
 117  202  319     5.401251
 117  203  320     8.038781
 117  204  321    10.645539
 117  205  322     9.368479
 117  206  323     8.102296
 117  207  324     7.997381
 117  208  325     7.858570
 117  209  326     7.787442
 117  210  327     7.688517
 117  211  328     7.601983
 117  212  329     7.493313
 117  213  330     7.357220
 117  214  331     7.203566
 117  215  332     7.034875
 117  216  333     6.852568
 117  217  334     6.704910
 117  218  335     6.547543
 117  219  336     6.461694
 117  220  337     6.371202
 117  221  338     6.299736
 117  222  339     6.230798
 117  223  340     6.103095
 117  224  341     5.983546
 117  225  342     5.809012
 117  226  343     5.640518
 117  227  344     5.460331
 117  228  345     5.277924
 117  229  346     5.143591
 117  230  347     4.998510
 117  231  348     4.942285
 117  232  349     4.869496
 117  233  350     4.855768
 117  234  351     4.822997
 117  235  352     4.762523
 117  236  353     4.683756
 117  237  354     4.537600
 117  238  355     4.377063
 117  239  356     4.193157
 117  240  357     4.001774
 117  241  358     3.729534
 117  242  359     3.436349
 117  243  360     3.100119
 117  244  361     2.680735
 117  245  362     2.268210
 117  246  363     1.789683
 117  247  364     1.600364
 117  248  365     1.456885
 117  249  366     1.317859
 117  250  367     1.274157
 117  251  368     1.179220
 117  252  369     1.178071
 117  253  370     0.950092
 117  254  371     0.814822
 117  255  372     0.510003
 117  256  373     0.299417
 117  257  374     0.587693
 117  258  375     0.972526
 117  260  377     1.962396
 117  272  389    -0.101363
 117  274  391    -0.380613
 117  276  393    -0.845660
 117  278  395    -1.074438
 117  280  397    -1.244890
 117  282  399    -1.439137
 117  284  401    -1.635613
 118  169  287    13.577679
 118  170  288    13.182776
 118  171  289    12.713263
 118  172  290    12.195420
 118  173  291    11.889987
 118  174  292    11.498373
 118  175  293    11.124652
 118  176  294    10.699492
 118  177  295    10.723054
 118  178  296    10.787844
 118  179  297    10.795376
 118  180  298    10.901977
 118  181  299    10.582655
 118  182  300    10.347744
 118  183  301    10.572919
 118  184  302    10.888721
 118  185  303    11.437936
 118  186  304    12.091949
 118  187  305    12.177134
 118  188  306    12.375227
 118  189  307    12.091098
 118  190  308    11.924340
 118  191  309    11.284419
 118  192  310    10.823703
 118  193  311     9.882274
 118  194  312     9.157786
 118  195  313     8.578523
 118  196  314     8.159491
 118  197  315     9.473664
 118  198  316    10.936968
 118  199  317     7.803386
 118  200  318     4.686909
 118  201  319     4.612756
 118  202  320     4.395362
 118  203  321     8.301827
 118  204  322    12.238307
 118  205  323    10.356642
 118  206  324     8.561397
 118  207  325     8.436584
 118  208  326     8.279320
 118  209  327     8.195893
 118  210  328     8.089141
 118  211  329     7.994054
 118  212  330     7.883849
 118  213  331     7.741366
 118  214  332     7.590399
 118  215  333     7.416837
 118  216  334     7.240479
 118  217  335     7.087911
 118  218  336     6.937792
 118  219  337     6.846543
 118  220  338     6.763022
 118  221  339     6.691260
 118  222  340     6.632672
 118  223  341     6.518614
 118  224  342     6.419701
 118  225  343     6.273650
 118  226  344     6.135532
 118  227  345     5.992422
 118  228  346     5.845028
 118  229  347     5.754950
 118  230  348     5.649567
 118  231  349     5.635350
 118  232  350     5.596961
 118  233  351     5.621825
 118  234  352     5.616886
 118  235  353     5.581267
 118  236  354     5.512693
 118  237  355     5.382597
 118  238  356     5.215775
 118  239  357     5.031135
 118  240  358     4.808003
 118  241  359     4.432215
 118  242  360     3.979424
 118  243  361     3.500505
 118  244  362     2.908624
 118  245  363     2.523758
 118  246  364     2.134605
 118  247  365     2.028149
 118  248  366     2.023500
 118  249  367     1.892737
 118  250  368     1.863801
 118  251  369     1.772999
 118  252  370     1.781156
 118  253  371     1.555366
 118  254  372     1.421899
 118  255  373     1.141195
 118  256  374     0.947417
 118  257  375     1.192078
 118  258  376     1.525288
 118  259  377     1.942686
 118  260  378     2.453835
 118  272  390     0.239268
 118  274  392    -0.151998
 118  278  396    -0.623074
 118  280  398    -0.819248
 118  282  400    -1.024279
 118  284  402    -1.214951
 118  286  404    -1.384785
 119  170  289    13.155067
 119  172  291    12.328409
 119  174  293    11.859072
 119  175  294    11.590690
 119  176  295    11.339332
 119  177  296    11.342923
 119  178  297    11.415206
 119  179  298    11.379976
 119  180  299    11.433827
 119  181  300    11.091618
 119  182  301    10.821933
 119  183  302    11.081737
 119  184  303    11.425191
 119  185  304    11.958250
 119  186  305    12.594177
 119  187  306    12.697104
 119  188  307    12.911111
 119  189  308    12.622098
 119  190  309    12.447742
 119  191  310    11.870856
 119  192  311    11.449710
 119  193  312    10.866029
 119  194  313    10.434344
 119  195  314     9.766291
 119  196  315     9.194408
 119  197  316     9.800399
 119  198  317    10.502770
 119  199  318     8.823907
 119  200  319     7.176057
 119  201  320     8.003515
 119  202  321     8.830860
 119  203  322     9.695729
 119  204  323    10.642740
 119  205  324     9.524778
 119  206  325     8.469922
 119  207  326     8.366042
 119  208  327     8.331583
 119  209  328     8.311923
 119  210  329     8.422562
 119  211  330     8.320170
 119  212  331     8.279122
 119  213  332     8.137468
 119  214  333     7.992426
 119  215  334     7.818827
 119  216  335     7.646781
 119  217  336     7.493732
 119  218  337     7.347069
 119  219  338     7.256415
 119  220  339     7.177263
 119  221  340     7.109846
 119  222  341     7.058514
 119  223  342     6.950802
 119  224  343     6.859836
 119  225  344     6.712662
 119  226  345     6.574602
 119  227  346     6.434862
 119  228  347     6.292018
 119  229  348     6.212079
 119  230  349     6.116842
 119  231  350     6.121940
 119  232  351     6.099545
 119  233  352     6.148296
 119  234  353     6.158897
 119  235  354     6.150988
 119  236  355     6.099391
 119  237  356     5.859440
 119  238  357     5.593317
 119  239  358     5.248850
 119  240  359     4.892214
 119  241  360     4.477252
 119  242  361     4.019990
 119  243  362     3.650861
 119  244  363     3.231313
 119  245  364     3.023350
 119  246  365     2.836064
 119  247  366     2.746803
 119  248  367     2.735971
 119  249  368     2.602342
 119  250  369     2.553199
 119  251  370     2.439327
 119  252  371     2.409480
 119  253  372     2.166980
 119  254  373     2.000702
 119  255  374     1.726718
 119  256  375     1.526739
 119  257  376     1.794273
 119  258  377     2.142132
 119  259  378     2.537168
 119  260  379     3.018390
 119  262  381     3.425050
 119  272  391     0.937079
 119  273  392     0.752327
 119  274  393     0.586523
 119  276  395     0.308681
 119  278  397    -0.182165
 119  280  399    -0.411884
 119  282  401    -0.619931
 119  284  403    -0.799268
 119  286  405    -0.958453
 119  288  407    -1.106827
 120  171  291    12.752892
 120  172  292    12.416355
 120  173  293    12.324414
 120  174  294    12.245517
 120  175  295    12.087475
 120  176  296    12.014920
 120  177  297    12.007850
 120  178  298    12.096936
 120  179  299    12.017037
 120  180  300    12.016230
 120  181  301    11.644678
 120  182  302    11.333763
 120  183  303    11.528893
 120  184  304    11.800697
 120  185  305    12.325049
 120  186  306    12.950339
 120  187  307    13.035806
 120  188  308    13.230524
 120  189  309    12.952862
 120  190  310    12.787143
 120  191  311    12.390718
 120  192  312    12.126568
 120  193  313    11.872990
 120  194  314    11.706461
 120  195  315    11.003402
 120  196  316    10.332452
 120  197  317    10.160824
 120  198  318    10.032826
 120  199  319     9.830709
 120  200  320     9.673514
 120  201  321    11.392455
 120  202  322    13.254411
 120  203  323    11.069662
 120  204  324     9.019183
 120  205  325     8.696462
 120  206  326     8.413531
 120  207  327     8.295862
 120  208  328     8.349483
 120  209  329     8.380893
 120  210  330     8.696223
 120  211  331     8.621591
 120  212  332     8.684766
 120  213  333     8.543447
 120  214  334     8.403836
 120  215  335     8.234690
 120  216  336     8.071447
 120  217  337     7.920104
 120  218  338     7.779083
 120  219  339     7.686964
 120  220  340     7.610120
 120  221  341     7.544490
 120  222  342     7.497859
 120  223  343     7.394714
 120  224  344     7.309914
 120  225  345     7.167168
 120  226  346     7.034713
 120  227  347     6.905082
 120  228  348     6.773526
 120  229  349     6.704300
 120  230  350     6.619784
 120  231  351     6.639641
 120  232  352     6.628680
 120  233  353     6.692288
 120  234  354     6.709398
 120  235  355     6.713167
 120  236  356     6.662512
 120  237  357     6.268703
 120  238  358     5.859275
 120  239  359     5.369798
 120  240  360     4.894473
 120  241  361     4.445184
 120  242  362     3.988298
 120  243  363     3.772243
 120  244  364     3.568312
 120  245  365     3.555849
 120  246  366     3.589029
 120  247  367     3.512659
 120  248  368     3.491340
 120  249  369     3.347464
 120  250  370     3.270733
 120  251  371     3.133595
 120  252  372     3.065546
 120  253  373     2.808626
 120  254  374     2.611825
 120  255  375     2.342739
 120  256  376     2.134740
 120  257  377     2.364484
 120  258  378     2.666327
 120  259  379     3.041096
 120  260  380     3.494487
 120  262  382     3.845222
 120  264  384     3.541527
 120  266  386     3.149045
 120  270  390     2.209530
 120  272  392     1.682868
 120  273  393     1.540945
 120  274  394     1.345642
 120  275  395     1.253951
 120  276  396     1.081652
 120  277  397     0.691133
 120  278  398     0.269380
 120  279  399     0.129817
 120  280  400     0.007249
 120  282  402    -0.199137
 120  284  404    -0.365989
 120  286  406    -0.515068
 120  288  408    -0.665831
 120  290  410    -0.824537
