Alpha decay energies of nuclei from WS4+RBF calculations
Reference:
Ning Wang, Min Liu, Xizhen Wu, and Jie Meng, Surface diffuseness correction in global mass formula,
Phys. Lett. B 734 (2014) 215;  arXiv:1405.2616 
From:http://www.imqmd.com/mass/
------------------------------ 
A       Z     Q_alpha (MeV)
------------------------------ 
102	50	0.327
103	50	0.549
104	50	0.247
102	51	0.602
103	51	2.403
104	51	2.686
105	51	2.395
106	51	1.984
107	51	1.691
108	51	1.462
109	51	1.140
110	51	0.684
111	51	0.350
112	51	0.119
97	52	0.831
98	52	0.612
99	52	0.531
100	52	0.537
101	52	0.474
102	52	0.903
103	52	2.793
104	52	4.852
105	52	4.825
106	52	4.242
107	52	3.857
108	52	3.394
109	52	3.149
110	52	2.921
111	52	2.473
112	52	2.163
113	52	1.898
114	52	1.645
115	52	1.340
116	52	0.936
117	52	0.749
118	52	0.432
119	52	0.241
99	53	1.093
100	53	1.061
101	53	1.086
102	53	1.141
103	53	1.607
104	53	3.525
105	53	5.273
106	53	5.423
107	53	4.915
108	53	4.257
109	53	3.803
110	53	3.399
111	53	3.206
112	53	2.792
113	53	2.653
114	53	2.264
115	53	2.081
116	53	1.638
117	53	1.362
118	53	0.902
119	53	0.664
120	53	0.439
121	53	0.040
102	54	1.469
103	54	1.497
104	54	1.829
105	54	3.731
106	54	5.394
107	54	5.423
108	54	5.079
109	54	4.365
110	54	4.044
111	54	3.718
112	54	3.537
113	54	3.172
114	54	2.798
115	54	2.603
116	54	2.026
117	54	1.830
118	54	1.385
119	54	1.123
120	54	0.834
121	54	0.368
138	54	0.049
104	55	1.799
105	55	2.050
106	55	3.935
107	55	5.545
108	55	5.496
109	55	5.043
110	55	4.537
111	55	3.920
112	55	3.689
113	55	3.494
114	55	3.238
115	55	2.831
116	55	2.479
117	55	2.049
118	55	1.797
119	55	1.469
120	55	1.145
121	55	0.861
122	55	0.487
123	55	0.218
139	55	0.286
140	55	0.094
107	56	4.136
108	56	5.810
109	56	5.604
110	56	5.108
111	56	4.521
112	56	4.020
113	56	3.799
114	56	3.581
115	56	3.229
116	56	2.964
117	56	2.297
118	56	2.213
119	56	1.837
120	56	1.775
121	56	1.201
122	56	0.988
123	56	0.698
124	56	0.507
125	56	0.338
126	56	0.109
140	56	0.533
141	56	0.308
109	57	6.260
110	57	5.855
111	57	5.361
112	57	4.764
113	57	4.287
114	57	4.056
115	57	4.104
116	57	3.420
117	57	2.799
118	57	2.310
119	57	1.997
120	57	1.933
121	57	1.874
122	57	1.542
123	57	1.281
124	57	1.199
125	57	0.928
126	57	0.892
127	57	0.727
128	57	0.667
129	57	0.281
130	57	0.278
131	57	0.015
141	57	0.880
142	57	0.576
143	57	0.074
111	58	6.188
112	58	5.580
113	58	5.076
114	58	4.744
115	58	4.609
116	58	4.067
117	58	3.839
118	58	3.120
119	58	2.492
120	58	2.023
121	58	2.345
122	58	1.891
123	58	1.739
124	58	1.446
125	58	1.462
126	58	1.370
127	58	1.303
128	58	1.229
129	58	1.050
130	58	0.906
131	58	0.818
132	58	0.610
133	58	0.354
134	58	0.063
142	58	1.258
143	58	1.132
144	58	0.604
145	58	0.349
146	58	0.041
114	59	5.012
115	59	4.780
116	59	4.423
117	59	4.166
118	59	3.369
119	59	2.780
120	59	2.439
121	59	2.431
122	59	2.455
123	59	2.322
124	59	1.856
125	59	1.639
126	59	1.611
127	59	1.596
128	59	1.495
129	59	1.522
130	59	1.312
131	59	1.105
132	59	1.011
133	59	0.977
134	59	0.676
135	59	0.365
136	59	0.066
142	59	0.302
143	59	1.506
144	59	1.289
145	59	0.798
146	59	0.752
147	59	0.351
116	60	4.492
117	60	4.028
118	60	3.720
119	60	3.152
120	60	2.621
121	60	2.149
122	60	2.331
123	60	2.541
124	60	2.522
125	60	2.069
126	60	2.027
127	60	1.972
128	60	2.023
129	60	1.922
130	60	1.790
131	60	1.763
132	60	1.569
133	60	1.485
134	60	1.305
135	60	1.125
136	60	0.832
137	60	0.472
138	60	0.376
139	60	0.091
143	60	0.456
144	60	1.715
145	60	1.567
146	60	1.162
147	60	0.977
148	60	0.724
149	60	0.088
119	61	3.460
120	61	3.151
121	61	2.712
122	61	2.825
123	61	2.941
124	61	3.154
125	61	2.945
126	61	2.660
127	61	2.617
128	61	2.662
129	61	2.594
130	61	2.504
131	61	2.426
132	61	2.285
133	61	2.008
134	61	2.009
135	61	1.856
136	61	1.581
137	61	1.323
138	61	1.080
139	61	0.902
140	61	0.685
141	61	0.202
144	61	0.937
145	61	2.160
146	61	1.926
147	61	1.560
148	61	1.537
149	61	1.221
150	61	0.532
121	62	3.670
122	62	3.336
123	62	3.398
124	62	3.913
125	62	3.837
126	62	3.557
127	62	3.336
128	62	3.354
129	62	3.369
130	62	3.319
131	62	3.132
132	62	2.965
133	62	2.832
134	62	2.795
135	62	2.560
136	62	2.326
137	62	1.999
138	62	1.814
139	62	1.501
140	62	1.355
141	62	1.210
142	62	0.659
143	62	0.202
145	62	1.295
146	62	2.605
147	62	2.446
148	62	2.137
149	62	1.957
150	62	1.605
151	62	1.003
152	62	0.234
123	63	3.711
124	63	3.882
125	63	4.196
126	63	4.156
127	63	3.900
128	63	3.714
129	63	3.767
130	63	3.742
131	63	3.663
132	63	3.494
133	63	3.366
134	63	3.245
135	63	3.118
136	63	2.996
137	63	2.851
138	63	2.475
139	63	2.134
140	63	1.871
141	63	1.685
142	63	1.300
143	63	0.877
144	63	0.287
145	63	0.035
146	63	1.557
147	63	2.860
148	63	2.793
149	63	2.384
150	63	2.252
151	63	1.950
152	63	1.267
153	63	0.520
126	64	4.340
127	64	4.305
128	64	4.243
129	64	4.216
130	64	4.245
131	64	4.095
132	64	3.962
133	64	3.772
134	64	3.602
135	64	3.594
136	64	3.513
137	64	3.486
138	64	3.305
139	64	2.942
140	64	2.626
141	64	2.418
142	64	2.103
143	64	1.617
144	64	1.184
145	64	0.592
146	64	0.276
147	64	1.685
148	64	3.244
149	64	3.229
150	64	2.836
151	64	2.610
152	64	2.255
153	64	1.623
154	64	0.948
155	64	0.057
128	65	4.743
129	65	4.773
130	65	4.776
131	65	4.655
132	65	4.467
133	65	4.311
134	65	4.128
135	65	3.972
136	65	3.925
137	65	3.894
138	65	3.835
139	65	3.672
140	65	3.312
141	65	3.012
142	65	2.690
143	65	2.594
144	65	2.082
145	65	1.418
146	65	1.242
147	65	0.987
148	65	2.482
149	65	3.945
150	65	3.744
151	65	3.394
152	65	2.932
153	65	2.730
154	65	2.092
155	65	1.283
156	65	0.515
157	65	0.130
131	66	5.196
132	66	4.962
133	66	4.751
134	66	4.612
135	66	4.495
136	66	4.366
137	66	4.323
138	66	4.298
139	66	4.209
140	66	4.010
141	66	3.602
142	66	3.234
143	66	2.947
144	66	2.959
145	66	2.386
146	66	1.904
147	66	1.766
148	66	1.550
149	66	2.933
150	66	4.477
151	66	4.449
152	66	3.939
153	66	3.346
154	66	2.979
155	66	2.429
156	66	1.728
157	66	1.041
158	66	0.672
159	66	0.512
160	66	0.409
161	66	0.293
162	66	0.049
133	67	4.991
134	67	4.864
135	67	4.830
136	67	4.783
137	67	4.699
138	67	4.689
139	67	4.691
140	67	4.622
141	67	4.384
142	67	3.937
143	67	3.509
144	67	3.376
145	67	3.268
146	67	2.712
147	67	2.139
148	67	2.012
149	67	2.081
150	67	3.210
151	67	4.554
152	67	4.524
153	67	4.204
154	67	3.725
155	67	3.274
156	67	2.808
157	67	2.210
158	67	1.659
159	67	1.414
160	67	1.240
161	67	1.099
162	67	0.973
163	67	0.762
164	67	0.437
165	67	0.183
166	67	0.121
136	68	5.110
137	68	5.087
138	68	5.009
139	68	5.014
140	68	5.073
141	68	5.051
142	68	4.806
143	68	4.364
144	68	3.990
145	68	3.858
146	68	3.496
147	68	3.034
148	68	2.390
149	68	2.346
150	68	2.333
151	68	3.471
152	68	4.905
153	68	4.786
154	68	4.523
155	68	3.970
156	68	3.535
157	68	3.261
158	68	2.758
159	68	2.259
160	68	2.020
161	68	1.890
162	68	1.675
163	68	1.595
164	68	1.397
165	68	1.125
166	68	0.907
167	68	0.729
168	68	0.532
169	68	0.400
170	68	0.035
138	69	5.171
139	69	5.137
140	69	5.168
141	69	5.286
142	69	5.288
143	69	5.020
144	69	4.518
145	69	4.233
146	69	4.109
147	69	3.866
148	69	3.239
149	69	2.398
150	69	2.499
151	69	2.634
152	69	3.768
153	69	5.086
154	69	5.022
155	69	4.710
156	69	4.309
157	69	3.796
158	69	3.444
159	69	3.160
160	69	2.766
161	69	2.488
162	69	2.319
163	69	2.176
164	69	2.045
165	69	1.869
166	69	1.626
167	69	1.372
168	69	1.274
169	69	1.147
170	69	0.870
171	69	0.681
172	69	0.313
173	69	0.164
141	70	5.368
142	70	5.557
143	70	5.530
144	70	5.243
145	70	4.736
146	70	4.486
147	70	4.488
148	70	4.043
149	70	3.212
150	70	2.838
151	70	2.855
152	70	2.899
153	70	4.101
154	70	5.428
155	70	5.330
156	70	5.001
157	70	4.660
158	70	4.152
159	70	3.755
160	70	3.581
161	70	3.121
162	70	2.887
163	70	2.764
164	70	2.582
165	70	2.412
166	70	2.321
167	70	2.071
168	70	1.854
169	70	1.719
170	70	1.620
171	70	1.488
172	70	1.225
173	70	0.952
174	70	0.749
175	70	0.658
176	70	0.516
177	70	0.232
143	71	6.223
144	71	6.081
145	71	5.709
146	71	5.181
147	71	4.917
148	71	4.811
149	71	4.343
150	71	3.517
151	71	3.081
152	71	3.119
153	71	3.346
154	71	4.448
155	71	5.657
156	71	5.652
157	71	5.153
158	71	4.883
159	71	4.581
160	71	4.160
161	71	3.945
162	71	3.669
163	71	3.445
164	71	3.251
165	71	3.121
166	71	2.983
167	71	2.820
168	71	2.532
169	71	2.410
170	71	2.272
171	71	2.210
172	71	2.118
173	71	1.929
174	71	1.720
175	71	1.587
176	71	1.532
177	71	1.383
178	71	1.055
179	71	0.736
180	71	0.387
181	71	0.374
182	71	0.143
146	72	6.126
147	72	5.590
148	72	5.305
149	72	5.183
150	72	4.590
151	72	3.736
152	72	3.460
153	72	3.707
154	72	3.693
155	72	4.708
156	72	5.915
157	72	5.852
158	72	5.515
159	72	5.140
160	72	4.840
161	72	4.540
162	72	4.397
163	72	4.156
164	72	3.928
165	72	3.767
166	72	3.654
167	72	3.461
168	72	3.307
169	72	3.205
170	72	2.996
171	72	2.898
172	72	2.813
173	72	2.739
174	72	2.644
175	72	2.519
176	72	2.377
177	72	2.303
178	72	2.118
179	72	1.814
180	72	1.359
181	72	1.222
182	72	1.114
183	72	0.921
184	72	0.854
185	72	0.453
186	72	0.193
149	73	5.403
150	73	5.306
151	73	4.793
152	73	4.093
153	73	3.848
154	73	3.976
155	73	3.890
156	73	4.946
157	73	6.252
158	73	6.115
159	73	5.775
160	73	5.490
161	73	5.310
162	73	5.000
163	73	4.804
164	73	4.564
165	73	4.378
166	73	4.205
167	73	3.996
168	73	3.847
169	73	3.649
170	73	3.499
171	73	3.324
172	73	3.308
173	73	3.164
174	73	3.127
175	73	3.033
176	73	2.877
177	73	2.741
178	73	2.683
179	73	2.355
180	73	1.973
181	73	1.630
182	73	1.469
183	73	1.458
184	73	1.341
185	73	1.011
186	73	0.704
187	73	0.470
151	74	5.407
152	74	5.064
153	74	4.374
154	74	4.225
155	74	4.035
156	74	4.122
157	74	5.047
158	74	6.411
159	74	6.369
160	74	6.169
161	74	5.855
162	74	5.623
163	74	5.431
164	74	5.279
165	74	4.959
166	74	4.830
167	74	4.649
168	74	4.482
169	74	4.263
170	74	4.073
171	74	3.922
172	74	3.770
173	74	3.603
174	74	3.502
175	74	3.427
176	74	3.360
177	74	3.237
178	74	3.046
179	74	2.795
180	74	2.558
181	74	2.158
182	74	1.880
183	74	1.689
184	74	1.746
185	74	1.540
186	74	1.245
187	74	1.010
188	74	0.544
189	74	0.230
154	75	4.422
155	75	4.166
156	75	4.011
157	75	3.994
158	75	5.225
159	75	6.613
160	75	6.685
161	75	6.382
162	75	6.269
163	75	6.041
164	75	5.867
165	75	5.727
166	75	5.485
167	75	5.317
168	75	5.122
169	75	5.046
170	75	4.840
171	75	4.657
172	75	4.466
173	75	4.302
174	75	4.102
175	75	3.988
176	75	3.851
177	75	3.773
178	75	3.560
179	75	3.402
180	75	3.135
181	75	2.846
182	75	2.480
183	75	2.266
184	75	2.233
185	75	2.219
186	75	1.986
187	75	1.693
188	75	1.308
189	75	0.985
190	75	0.471
156	76	4.218
157	76	3.998
158	76	4.013
159	76	5.414
160	76	6.862
161	76	6.934
162	76	6.796
163	76	6.643
164	76	6.425
165	76	6.213
166	76	6.143
167	76	5.892
168	76	5.741
169	76	5.638
170	76	5.490
171	76	5.281
172	76	5.166
173	76	5.027
174	76	4.826
175	76	4.628
176	76	4.500
177	76	4.354
178	76	4.218
179	76	4.041
180	76	3.803
181	76	3.572
182	76	3.279
183	76	3.033
184	76	2.959
185	76	2.875
186	76	2.901
187	76	2.617
188	76	2.346
189	76	1.821
190	76	1.497
191	76	0.918
192	76	0.448
159	77	4.312
160	77	5.729
161	77	7.269
162	77	7.368
163	77	7.277
164	77	7.110
165	77	6.887
166	77	6.679
167	77	6.601
168	77	6.409
169	77	6.221
170	77	6.143
171	77	6.049
172	77	5.931
173	77	5.711
174	77	5.583
175	77	5.444
176	77	5.239
177	77	5.056
178	77	4.958
179	77	4.767
180	77	4.647
181	77	4.424
182	77	4.258
183	77	3.952
184	77	3.830
185	77	3.790
186	77	3.786
187	77	3.780
188	77	3.297
189	77	2.929
190	77	2.544
191	77	2.048
192	77	1.602
193	77	1.016
194	77	0.631
195	77	0.188
205	77	0.105
206	77	0.043
162	78	7.606
163	78	7.825
164	78	7.698
165	78	7.581
166	78	7.357
167	78	7.123
168	78	7.007
169	78	6.866
170	78	6.696
171	78	6.632
172	78	6.548
173	78	6.383
174	78	6.234
175	78	6.186
176	78	5.983
177	78	5.783
178	78	5.613
179	78	5.480
180	78	5.342
181	78	5.184
182	78	5.132
183	78	4.867
184	78	4.697
185	78	4.489
186	78	4.577
187	78	4.447
188	78	4.231
189	78	3.850
190	78	3.457
191	78	3.047
192	78	2.663
193	78	2.267
194	78	1.751
195	78	1.268
196	78	0.834
197	78	0.540
206	78	0.816
207	78	0.718
208	78	0.322
164	79	8.141
165	79	8.043
166	79	7.855
167	79	7.707
168	79	7.505
169	79	7.471
170	79	7.256
171	79	7.061
172	79	6.903
173	79	6.949
174	79	6.754
175	79	6.675
176	79	6.447
177	79	6.416
178	79	6.116
179	79	6.095
180	79	5.856
181	79	5.943
182	79	5.596
183	79	5.630
184	79	5.286
185	79	5.231
186	79	4.922
187	79	4.912
188	79	4.638
189	79	4.340
190	79	3.836
191	79	3.437
192	79	3.065
193	79	2.635
194	79	2.108
195	79	1.706
196	79	1.345
197	79	0.977
198	79	0.613
199	79	0.193
206	79	0.119
207	79	1.399
208	79	1.296
209	79	0.963
210	79	0.528
211	79	0.393
212	79	0.203
213	79	0.234
214	79	0.108
167	80	8.102
168	80	7.907
169	80	7.728
170	80	7.725
171	80	7.616
172	80	7.470
173	80	7.391
174	80	7.224
175	80	7.065
176	80	6.867
177	80	6.652
178	80	6.461
179	80	6.210
180	80	6.097
181	80	5.976
182	80	5.899
183	80	5.717
184	80	5.523
185	80	5.368
186	80	5.074
187	80	4.903
188	80	4.813
189	80	4.476
190	80	4.177
191	80	3.674
192	80	3.430
193	80	2.969
194	80	2.645
195	80	2.209
196	80	1.810
197	80	1.417
198	80	1.184
199	80	0.808
200	80	0.557
201	80	0.263
202	80	0.129
207	80	0.610
208	80	1.972
209	80	1.792
210	80	1.435
211	80	1.232
212	80	1.057
213	80	0.950
214	80	0.743
215	80	0.609
216	80	0.361
170	81	8.418
171	81	8.214
172	81	7.939
173	81	7.767
174	81	7.645
175	81	7.521
176	81	7.489
177	81	7.172
178	81	7.043
179	81	6.909
180	81	6.881
181	81	6.589
182	81	6.574
183	81	6.254
184	81	6.259
185	81	5.844
186	81	5.893
187	81	5.553
188	81	5.443
189	81	5.012
190	81	4.848
191	81	4.475
192	81	4.125
193	81	3.805
194	81	3.638
195	81	3.347
196	81	3.108
197	81	2.839
198	81	2.527
199	81	2.213
200	81	1.872
201	81	1.598
202	81	1.327
203	81	1.070
204	81	0.526
205	81	0.063
208	81	1.162
209	81	2.511
210	81	2.560
211	81	2.226
212	81	2.026
213	81	1.728
214	81	1.653
215	81	1.372
216	81	1.085
217	81	0.780
218	81	0.608
219	81	0.289
220	81	0.322
221	81	0.074
172	82	8.989
173	82	8.697
174	82	8.371
175	82	8.215
176	82	8.151
177	82	7.844
178	82	7.693
179	82	7.570
180	82	7.270
181	82	7.264
182	82	7.082
183	82	7.059
184	82	6.939
185	82	6.800
186	82	6.716
187	82	6.551
188	82	6.421
189	82	6.027
190	82	5.832
191	82	5.485
192	82	5.117
193	82	4.845
194	82	4.533
195	82	4.328
196	82	3.959
197	82	3.743
198	82	3.476
199	82	3.268
200	82	2.961
201	82	2.806
202	82	2.421
203	82	2.265
204	82	1.941
205	82	1.535
206	82	0.994
207	82	0.547
208	82	0.651
209	82	2.287
210	82	3.720
211	82	3.692
212	82	3.314
213	82	3.050
214	82	2.916
215	82	2.496
216	82	2.194
217	82	1.823
218	82	1.549
219	82	1.355
220	82	1.200
221	82	1.080
222	82	0.968
223	82	0.790
224	82	0.443
175	83	9.961
176	83	9.867
177	83	9.850
178	83	9.709
179	83	9.510
180	83	8.982
181	83	8.916
182	83	8.467
183	83	8.237
184	83	7.851
185	83	7.810
186	83	7.490
187	83	7.378
188	83	7.075
189	83	7.059
190	83	6.726
191	83	6.579
192	83	6.285
193	83	6.180
194	83	5.843
195	83	5.691
196	83	5.514
197	83	5.301
198	83	5.040
199	83	4.791
200	83	4.578
201	83	4.366
202	83	4.246
203	83	4.033
204	83	3.899
205	83	3.686
206	83	3.447
207	83	3.114
208	83	2.954
209	83	3.250
210	83	4.921
211	83	6.519
212	83	6.270
213	83	5.917
214	83	5.405
215	83	5.172
216	83	4.744
217	83	4.504
218	83	4.161
219	83	3.856
220	83	3.670
221	83	3.424
222	83	2.702
223	83	2.166
224	83	1.583
225	83	1.097
226	83	0.504
227	83	0.076
178	84	11.144
179	84	10.773
180	84	10.309
181	84	10.057
182	84	9.774
183	84	9.408
184	84	9.224
185	84	8.886
186	84	8.634
187	84	8.357
188	84	8.075
189	84	7.911
190	84	7.621
191	84	7.493
192	84	7.324
193	84	7.211
194	84	7.157
195	84	6.903
196	84	6.763
197	84	6.656
198	84	6.479
199	84	6.315
200	84	6.237
201	84	6.115
202	84	5.909
203	84	5.747
204	84	5.580
205	84	5.472
206	84	5.378
207	84	5.338
208	84	5.133
209	84	5.095
210	84	5.593
211	84	7.447
212	84	8.824
213	84	8.561
214	84	8.004
215	84	7.541
216	84	7.165
217	84	6.699
218	84	6.288
219	84	5.926
220	84	5.628
221	84	5.277
222	84	4.750
223	84	3.977
224	84	3.241
225	84	2.462
226	84	1.691
227	84	1.023
228	84	0.580
229	84	0.326
230	84	0.111
180	85	10.760
181	85	10.160
182	85	9.765
183	85	9.408
184	85	9.285
185	85	8.853
186	85	8.692
187	85	8.468
188	85	8.286
189	85	8.061
190	85	7.936
191	85	7.811
192	85	7.815
193	85	7.530
194	85	7.473
195	85	7.242
196	85	7.191
197	85	6.915
198	85	6.874
199	85	6.687
200	85	6.500
201	85	6.384
202	85	6.269
203	85	6.135
204	85	6.011
205	85	5.900
206	85	5.861
207	85	5.855
208	85	5.719
209	85	5.635
210	85	5.673
211	85	6.151
212	85	7.791
213	85	9.140
214	85	8.942
215	85	8.197
216	85	7.822
217	85	7.248
218	85	6.859
219	85	6.368
220	85	6.020
221	85	5.590
222	85	5.116
223	85	4.544
224	85	3.982
225	85	3.188
226	85	2.640
227	85	2.135
228	85	1.650
229	85	1.284
230	85	0.988
231	85	0.747
232	85	0.526
233	85	0.299
234	85	0.052
183	86	9.985
184	86	9.754
185	86	9.565
186	86	9.281
187	86	9.076
188	86	8.864
189	86	8.695
190	86	8.639
191	86	8.396
192	86	8.186
193	86	8.037
194	86	7.856
195	86	7.744
196	86	7.569
197	86	7.533
198	86	7.253
199	86	7.231
200	86	7.166
201	86	6.935
202	86	6.788
203	86	6.687
204	86	6.563
205	86	6.481
206	86	6.320
207	86	6.380
208	86	6.313
209	86	6.258
210	86	6.054
211	86	6.083
212	86	6.594
213	86	8.122
214	86	9.295
215	86	8.893
216	86	8.405
217	86	7.826
218	86	7.322
219	86	6.845
220	86	6.330
221	86	6.041
222	86	5.564
223	86	5.191
224	86	4.672
225	86	4.127
226	86	3.731
227	86	3.293
228	86	2.677
229	86	2.285
230	86	1.993
231	86	1.707
232	86	1.389
233	86	1.129
234	86	0.849
235	86	0.600
236	86	0.381
237	86	0.308
238	86	0.195
239	86	0.007
186	87	9.733
187	87	9.577
188	87	9.354
189	87	9.186
190	87	9.065
191	87	8.796
192	87	8.656
193	87	8.313
194	87	8.260
195	87	8.136
196	87	7.876
197	87	7.858
198	87	7.745
199	87	7.631
200	87	7.607
201	87	7.527
202	87	7.327
203	87	7.186
204	87	7.155
205	87	7.019
206	87	6.898
207	87	6.735
208	87	6.779
209	87	6.796
210	87	6.665
211	87	6.492
212	87	6.582
213	87	6.975
214	87	8.347
215	87	9.444
216	87	9.086
217	87	8.488
218	87	7.947
219	87	7.455
220	87	6.868
221	87	6.460
222	87	5.996
223	87	5.648
224	87	5.154
225	87	4.703
226	87	4.310
227	87	3.979
228	87	3.365
229	87	3.022
230	87	2.763
231	87	2.357
232	87	2.136
233	87	1.901
234	87	1.687
235	87	1.454
236	87	1.267
237	87	1.146
238	87	1.039
239	87	0.907
240	87	0.711
241	87	0.559
242	87	0.527
243	87	0.466
244	87	0.219
189	88	9.503
190	88	9.282
191	88	9.134
192	88	8.896
193	88	8.713
194	88	8.379
195	88	8.330
196	88	8.315
197	88	8.240
198	88	8.244
199	88	8.119
200	88	8.065
201	88	7.920
202	88	7.859
203	88	7.798
204	88	7.545
205	88	7.512
206	88	7.432
207	88	7.325
208	88	7.173
209	88	7.234
210	88	7.243
211	88	7.141
212	88	6.988
213	88	6.999
214	88	7.452
215	88	8.715
216	88	9.661
217	88	9.188
218	88	8.700
219	88	8.146
220	88	7.590
221	88	6.952
222	88	6.591
223	88	6.058
224	88	5.696
225	88	5.157
226	88	4.755
227	88	4.371
228	88	4.021
229	88	3.671
230	88	3.255
231	88	2.947
232	88	2.789
233	88	2.589
234	88	2.320
235	88	2.229
236	88	2.056
237	88	1.924
238	88	1.814
239	88	1.711
240	88	1.579
241	88	1.430
242	88	1.304
243	88	1.279
244	88	1.239
245	88	1.031
246	88	0.740
247	88	0.403
248	88	0.121
191	89	9.479
192	89	9.299
193	89	9.131
194	89	8.942
195	89	8.767
196	89	8.785
197	89	8.839
198	89	8.843
199	89	8.669
200	89	8.711
201	89	8.476
202	89	8.420
203	89	8.316
204	89	8.032
205	89	7.920
206	89	7.952
207	89	7.882
208	89	7.668
209	89	7.596
210	89	7.604
211	89	7.652
212	89	7.480
213	89	7.329
214	89	7.409
215	89	7.742
216	89	9.007
217	89	9.838
218	89	9.353
219	89	8.837
220	89	8.348
221	89	7.746
222	89	7.284
223	89	6.820
224	89	6.466
225	89	5.996
226	89	5.617
227	89	5.045
228	89	4.745
229	89	4.412
230	89	3.958
231	89	3.535
232	89	3.413
233	89	3.188
234	89	2.957
235	89	2.857
236	89	2.750
237	89	2.556
238	89	2.453
239	89	2.346
240	89	2.218
241	89	2.075
242	89	1.953
243	89	1.849
244	89	1.812
245	89	1.734
246	89	1.507
247	89	1.175
248	89	0.830
249	89	0.536
250	89	0.255
251	89	0.006
194	90	9.312
195	90	9.203
196	90	9.111
197	90	9.187
198	90	9.296
199	90	9.338
200	90	9.238
201	90	9.168
202	90	8.937
203	90	8.806
204	90	8.703
205	90	8.530
206	90	8.434
207	90	8.245
208	90	8.233
209	90	8.323
210	90	7.972
211	90	8.055
212	90	8.088
213	90	7.859
214	90	7.760
215	90	7.835
216	90	8.129
217	90	9.251
218	90	10.039
219	90	9.555
220	90	8.992
221	90	8.571
222	90	7.974
223	90	7.603
224	90	7.173
225	90	6.838
226	90	6.345
227	90	5.998
228	90	5.438
229	90	5.182
230	90	4.761
231	90	4.361
232	90	3.939
233	90	3.830
234	90	3.619
235	90	3.483
236	90	3.294
237	90	3.228
238	90	3.107
239	90	3.013
240	90	2.872
241	90	2.726
242	90	2.602
243	90	2.473
244	90	2.376
245	90	2.300
246	90	2.202
247	90	1.966
248	90	1.589
249	90	1.254
250	90	0.890
251	90	0.614
252	90	0.376
253	90	0.402
254	90	0.398
255	90	0.295
256	90	0.201
257	90	0.160
197	91	9.310
198	91	9.401
199	91	9.538
200	91	9.574
201	91	9.539
202	91	9.415
203	91	9.281
204	91	9.138
205	91	9.081
206	91	8.932
207	91	8.711
208	91	8.663
209	91	8.749
210	91	8.529
211	91	8.225
212	91	8.515
213	91	8.461
214	91	8.303
215	91	8.182
216	91	8.297
217	91	8.456
218	91	9.628
219	91	10.226
220	91	9.671
221	91	9.207
222	91	8.830
223	91	8.260
224	91	7.860
225	91	7.447
226	91	7.027
227	91	6.660
228	91	6.218
229	91	5.835
230	91	5.420
231	91	5.107
232	91	4.670
233	91	4.302
234	91	4.188
235	91	4.097
236	91	3.869
237	91	3.751
238	91	3.676
239	91	3.478
240	91	3.349
241	91	3.255
242	91	3.129
243	91	2.994
244	91	2.906
245	91	2.812
246	91	2.763
247	91	2.681
248	91	2.460
249	91	2.150
250	91	1.789
251	91	1.461
252	91	1.197
253	91	0.984
254	91	1.055
255	91	1.101
256	91	0.963
257	91	0.825
258	91	0.784
259	91	0.623
260	91	0.446
261	91	0.426
262	91	0.076
200	92	9.829
201	92	9.866
202	92	9.838
203	92	9.749
204	92	9.593
205	92	9.480
206	92	9.442
207	92	9.329
208	92	9.146
209	92	9.099
210	92	8.964
211	92	8.965
212	92	8.707
213	92	8.669
214	92	9.008
215	92	8.791
216	92	8.523
217	92	8.817
218	92	8.801
219	92	9.664
220	92	10.479
221	92	9.899
222	92	9.458
223	92	8.954
224	92	8.535
225	92	8.028
226	92	7.653
227	92	7.158
228	92	6.781
229	92	6.425
230	92	6.019
231	92	5.690
232	92	5.377
233	92	4.978
234	92	4.665
235	92	4.650
236	92	4.467
237	92	4.286
238	92	4.121
239	92	4.045
240	92	3.920
241	92	3.771
242	92	3.571
243	92	3.431
244	92	3.375
245	92	3.319
246	92	3.249
247	92	3.206
248	92	3.123
249	92	2.924
250	92	2.665
251	92	2.336
252	92	2.045
253	92	1.734
254	92	1.557
255	92	1.674
256	92	1.752
257	92	1.576
258	92	1.414
259	92	1.364
260	92	1.225
261	92	0.988
262	92	0.894
263	92	0.658
264	92	0.287
265	92	0.184
266	92	0.180
202	93	10.315
203	93	10.292
204	93	10.205
205	93	10.050
206	93	9.933
207	93	9.873
208	93	9.709
209	93	9.691
210	93	9.435
211	93	9.311
212	93	9.357
213	93	8.872
214	93	9.097
215	93	9.393
216	93	9.031
217	93	8.917
218	93	9.142
219	93	9.077
220	93	10.045
221	93	10.567
222	93	9.954
223	93	9.630
224	93	9.235
225	93	8.701
226	93	8.332
227	93	7.849
228	93	7.312
229	93	6.996
230	93	6.685
231	93	6.355
232	93	6.047
233	93	5.722
234	93	5.462
235	93	5.196
236	93	5.121
237	93	4.996
238	93	4.830
239	93	4.622
240	93	4.620
241	93	4.368
242	93	4.212
243	93	4.172
244	93	4.049
245	93	3.927
246	93	3.833
247	93	3.789
248	93	3.695
249	93	3.575
250	93	3.347
251	93	3.047
252	93	2.748
253	93	2.416
254	93	2.131
255	93	1.959
256	93	2.114
257	93	2.224
258	93	2.056
259	93	1.856
260	93	1.809
261	93	1.654
262	93	1.407
263	93	1.234
264	93	1.124
265	93	0.707
266	93	0.613
267	93	0.474
268	93	0.508
269	93	0.301
279	93	0.185
280	93	0.026
205	94	10.710
206	94	10.566
207	94	10.381
208	94	10.302
209	94	10.272
210	94	10.039
211	94	9.770
212	94	9.539
213	94	9.567
214	94	9.283
215	94	9.412
216	94	9.663
217	94	9.350
218	94	9.088
219	94	9.451
220	94	9.494
221	94	10.109
222	94	10.772
223	94	10.340
224	94	9.796
225	94	9.377
226	94	8.915
227	94	8.569
228	94	8.004
229	94	7.647
230	94	7.256
231	94	6.988
232	94	6.742
233	94	6.515
234	94	6.306
235	94	5.982
236	94	5.703
237	94	5.748
238	94	5.522
239	94	5.299
240	94	5.163
241	94	5.105
242	94	4.939
243	94	4.850
244	94	4.678
245	94	4.583
246	94	4.550
247	94	4.493
248	94	4.352
249	94	4.238
250	94	4.034
251	94	3.800
252	94	3.469
253	94	3.152
254	94	2.811
255	94	2.516
256	94	2.342
257	94	2.540
258	94	2.680
259	94	2.525
260	94	2.352
261	94	2.309
262	94	2.149
263	94	1.865
264	94	1.683
265	94	1.563
266	94	1.137
267	94	0.947
268	94	0.802
269	94	0.845
270	94	0.774
271	94	0.140
273	94	0.035
274	94	0.130
275	94	0.113
276	94	0.063
277	94	0.058
278	94	0.126
279	94	0.787
280	94	1.346
281	94	1.201
282	94	0.878
283	94	0.559
284	94	0.051
208	95	10.699
209	95	10.774
210	95	10.528
211	95	10.299
212	95	10.039
213	95	9.682
214	95	9.819
215	95	9.805
216	95	9.808
217	95	10.114
218	95	9.788
219	95	9.421
220	95	9.758
221	95	9.762
222	95	10.344
223	95	10.979
224	95	10.417
225	95	10.039
226	95	9.597
227	95	9.074
228	95	8.658
229	95	8.187
230	95	7.693
231	95	7.445
232	95	7.319
233	95	7.119
234	95	6.880
235	95	6.671
236	95	6.471
237	95	6.239
238	95	6.080
239	95	6.004
240	95	5.809
241	95	5.683
242	95	5.580
243	95	5.432
244	95	5.196
245	95	5.139
246	95	5.075
247	95	4.886
248	95	4.766
249	95	4.710
250	95	4.618
251	95	4.399
252	95	4.135
253	95	3.873
254	95	3.581
255	95	3.280
256	95	2.966
257	95	2.788
258	95	3.010
259	95	3.163
260	95	3.014
261	95	2.849
262	95	2.820
263	95	2.708
264	95	2.440
265	95	2.296
266	95	2.084
267	95	1.577
268	95	1.311
269	95	1.229
270	95	1.308
271	95	1.448
272	95	0.425
273	95	0.289
274	95	0.546
275	95	0.684
276	95	0.632
277	95	0.621
278	95	0.640
279	95	0.725
280	95	1.284
281	95	1.927
282	95	1.701
283	95	1.293
284	95	0.927
285	95	0.094
211	96	10.754
212	96	10.516
213	96	10.101
214	96	9.954
215	96	10.120
216	96	10.276
217	96	10.256
218	96	10.490
219	96	10.182
220	96	9.830
221	96	10.038
222	96	10.075
223	96	10.542
224	96	11.119
225	96	10.623
226	96	10.271
227	96	9.681
228	96	9.215
229	96	8.765
230	96	8.366
231	96	7.954
232	96	7.801
233	96	7.573
234	96	7.352
235	96	7.360
236	96	7.116
237	96	6.865
238	96	6.620
239	96	6.604
240	96	6.558
241	96	6.229
242	96	6.274
243	96	6.124
244	96	5.861
245	96	5.686
246	96	5.460
247	96	5.298
248	96	5.196
249	96	5.151
250	96	5.099
251	96	4.880
252	96	4.797
253	96	4.555
254	96	4.342
255	96	4.059
256	96	3.803
257	96	3.501
258	96	3.303
259	96	3.536
260	96	3.725
261	96	3.575
262	96	3.427
263	96	3.374
264	96	3.258
265	96	3.018
266	96	2.880
267	96	2.509
268	96	1.973
269	96	1.704
270	96	1.756
271	96	1.568
272	96	1.914
273	96	0.898
274	96	0.520
275	96	1.157
276	96	1.324
277	96	1.232
278	96	1.164
279	96	1.192
280	96	1.268
281	96	1.848
282	96	2.250
283	96	2.031
284	96	1.660
285	96	0.928
286	96	0.065
214	97	10.308
215	97	10.162
216	97	10.349
217	97	10.516
218	97	10.514
219	97	10.605
220	97	10.443
221	97	10.087
222	97	10.280
223	97	10.371
224	97	10.787
225	97	11.228
226	97	10.763
227	97	10.369
228	97	9.893
229	97	9.436
230	97	9.080
231	97	8.725
232	97	8.397
233	97	8.216
234	97	8.015
235	97	7.915
236	97	7.752
237	97	7.604
238	97	7.378
239	97	7.186
240	97	7.126
241	97	7.146
242	97	7.037
243	97	6.803
244	97	6.659
245	97	6.398
246	97	6.092
247	97	5.918
248	97	5.798
249	97	5.654
250	97	5.532
251	97	5.614
252	97	5.546
253	97	5.376
254	97	5.163
255	97	4.983
256	97	4.729
257	97	4.414
258	97	4.099
259	97	3.902
260	97	4.148
261	97	4.338
262	97	4.162
263	97	3.965
264	97	3.906
265	97	3.811
266	97	3.547
267	97	3.387
268	97	2.898
269	97	2.324
270	97	2.094
271	97	2.166
272	97	1.980
273	97	2.412
274	97	2.272
275	97	0.854
276	97	1.686
277	97	1.845
278	97	1.734
279	97	1.646
280	97	1.882
281	97	1.732
282	97	2.224
283	97	2.533
284	97	2.325
285	97	1.677
286	97	0.873
287	97	0.128
217	98	10.622
218	98	10.802
219	98	10.804
220	98	10.767
221	98	10.627
222	98	10.401
223	98	10.487
224	98	10.648
225	98	11.036
226	98	11.429
227	98	10.910
228	98	10.582
229	98	10.143
230	98	9.754
231	98	9.484
232	98	9.197
233	98	8.975
234	98	8.750
235	98	8.580
236	98	8.416
237	98	8.254
238	98	8.236
239	98	7.926
240	98	7.732
241	98	7.782
242	98	7.700
243	98	7.590
244	98	7.431
245	98	7.275
246	98	6.908
247	98	6.697
248	98	6.485
249	98	6.320
250	98	6.221
251	98	6.219
252	98	6.168
253	98	6.138
254	98	5.977
255	98	5.859
256	98	5.627
257	98	5.305
258	98	5.005
259	98	4.678
260	98	4.496
261	98	4.763
262	98	4.952
263	98	4.752
264	98	4.519
265	98	4.439
266	98	4.350
267	98	4.091
268	98	3.855
269	98	3.307
270	98	2.701
271	98	2.618
272	98	2.696
273	98	2.469
274	98	2.951
275	98	3.041
276	98	1.352
277	98	2.198
278	98	2.364
279	98	2.238
280	98	2.137
281	98	2.169
282	98	2.301
283	98	2.600
284	98	2.833
285	98	2.514
286	98	1.685
287	98	0.958
288	98	0.230
220	99	11.249
221	99	11.200
222	99	11.048
223	99	10.793
224	99	10.697
225	99	10.853
226	99	11.244
227	99	11.655
228	99	11.268
229	99	10.941
230	99	10.523
231	99	10.127
232	99	9.885
233	99	9.653
234	99	9.433
235	99	9.270
236	99	9.029
237	99	8.880
238	99	8.836
239	99	8.627
240	99	8.371
241	99	8.153
242	99	8.197
243	99	8.261
244	99	8.030
245	99	7.880
246	99	7.654
247	99	7.434
248	99	7.238
249	99	7.012
250	99	6.873
251	99	6.719
252	99	6.655
253	99	6.744
254	99	6.676
255	99	6.503
256	99	6.307
257	99	6.046
258	99	5.751
259	99	5.367
260	99	5.073
261	99	4.926
262	99	5.197
263	99	5.400
264	99	5.199
265	99	4.986
266	99	4.925
267	99	4.885
268	99	4.596
269	99	4.271
270	99	3.826
271	99	3.191
272	99	3.202
273	99	3.290
274	99	3.086
275	99	3.634
276	99	2.566
277	99	1.832
278	99	1.751
279	99	2.909
280	99	2.755
281	99	2.626
282	99	2.670
283	99	2.762
284	99	2.799
285	99	3.221
286	99	2.649
287	99	1.864
288	99	1.176
289	99	0.598
290	99	0.499
291	99	0.291
222	100	11.656
223	100	11.479
224	100	11.173
225	100	11.010
226	100	11.059
227	100	11.459
228	100	11.893
229	100	11.621
230	100	11.321
231	100	10.908
232	100	10.514
233	100	10.302
234	100	10.108
235	100	9.914
236	100	9.765
237	100	9.583
238	100	9.362
239	100	9.279
240	100	9.078
241	100	8.939
242	100	8.684
243	100	8.652
244	100	8.751
245	100	8.543
246	100	8.401
247	100	8.166
248	100	7.942
249	100	7.705
250	100	7.512
251	100	7.318
252	100	7.192
253	100	7.182
254	100	7.313
255	100	7.121
256	100	7.037
257	100	6.745
258	100	6.456
259	100	6.068
260	100	5.750
261	100	5.502
262	100	5.367
263	100	5.617
264	100	5.818
265	100	5.625
266	100	5.412
267	100	5.362
268	100	5.340
269	100	5.006
270	100	4.650
271	100	4.367
272	100	3.751
273	100	3.826
274	100	3.920
275	100	3.726
276	100	3.428
277	100	3.237
278	100	2.353
279	100	2.278
280	100	3.505
281	100	3.313
282	100	3.154
283	100	3.192
284	100	3.236
285	100	3.446
286	100	3.544
287	100	2.898
288	100	2.155
289	100	1.606
290	100	1.253
291	100	1.080
292	100	0.783
293	100	0.458
294	100	0.202
295	100	0.045
225	101	11.465
226	101	11.256
227	101	11.312
228	101	11.763
229	101	12.190
230	101	11.944
231	101	11.610
232	101	11.187
233	101	10.867
234	101	10.734
235	101	10.618
236	101	10.438
237	101	10.318
238	101	10.107
239	101	9.922
240	101	9.839
241	101	9.693
242	101	9.432
243	101	9.272
244	101	9.364
245	101	9.414
246	101	9.274
247	101	9.038
248	101	8.773
249	101	8.521
250	101	8.321
251	101	8.069
252	101	7.860
253	101	7.811
254	101	7.832
255	101	7.872
256	101	7.880
257	101	7.584
258	101	7.243
259	101	6.931
260	101	6.591
261	101	6.258
262	101	5.995
263	101	5.889
264	101	6.087
265	101	6.260
266	101	6.076
267	101	5.828
268	101	5.730
269	101	5.659
270	101	5.353
271	101	4.967
272	101	4.779
273	101	4.333
274	101	4.281
275	101	4.399
276	101	4.207
277	101	3.934
278	101	3.775
279	101	2.914
280	101	3.934
281	101	4.023
282	101	3.848
283	101	3.679
284	101	3.746
285	101	3.806
286	101	3.971
287	101	3.896
288	101	3.241
289	101	2.407
290	101	2.144
291	101	1.816
292	101	1.487
293	101	1.201
294	101	0.900
295	101	0.681
296	101	0.566
297	101	0.362
298	101	0.088
228	102	11.608
229	102	12.099
230	102	12.535
231	102	12.300
232	102	11.936
233	102	11.524
234	102	11.244
235	102	11.173
236	102	11.128
237	102	10.994
238	102	10.857
239	102	10.653
240	102	10.464
241	102	10.312
242	102	10.235
243	102	9.984
244	102	9.891
245	102	9.928
246	102	10.072
247	102	9.916
248	102	9.680
249	102	9.412
250	102	9.133
251	102	8.880
252	102	8.569
253	102	8.402
254	102	8.280
255	102	8.401
256	102	8.547
257	102	8.366
258	102	8.105
259	102	7.805
260	102	7.474
261	102	7.093
262	102	6.863
263	102	6.583
264	102	6.374
265	102	6.546
266	102	6.723
267	102	6.544
268	102	6.267
269	102	6.114
270	102	6.020
271	102	5.746
272	102	5.357
273	102	5.215
274	102	4.954
275	102	4.731
276	102	4.905
277	102	4.709
278	102	4.401
279	102	4.241
280	102	4.273
281	102	4.449
282	102	4.510
283	102	4.323
284	102	4.171
285	102	4.257
286	102	4.318
287	102	4.362
288	102	4.184
289	102	3.570
290	102	2.737
291	102	2.625
292	102	2.217
293	102	1.755
294	102	1.642
295	102	1.369
296	102	1.267
297	102	1.124
298	102	0.940
299	102	0.690
300	102	0.475
301	102	0.329
302	102	0.147
231	103	12.913
232	103	12.716
233	103	12.383
234	103	11.991
235	103	11.733
236	103	11.677
237	103	11.613
238	103	11.457
239	103	11.330
240	103	11.114
241	103	10.886
242	103	10.750
243	103	10.597
244	103	10.394
245	103	10.254
246	103	10.346
247	103	10.436
248	103	10.263
249	103	9.998
250	103	9.693
251	103	9.410
252	103	9.136
253	103	8.844
254	103	8.656
255	103	8.646
256	103	8.697
257	103	8.847
258	103	8.768
259	103	8.613
260	103	8.172
261	103	7.897
262	103	7.702
263	103	7.344
264	103	7.060
265	103	6.870
266	103	7.063
267	103	7.248
268	103	7.110
269	103	6.867
270	103	6.697
271	103	6.586
272	103	6.333
273	103	5.974
274	103	5.777
275	103	5.628
276	103	5.337
277	103	5.355
278	103	5.141
279	103	4.850
280	103	4.685
281	103	5.570
282	103	4.867
283	103	4.932
284	103	4.733
285	103	4.597
286	103	4.817
287	103	4.715
288	103	4.660
289	103	4.418
290	103	3.957
291	103	3.302
292	103	3.149
293	103	2.832
294	103	2.372
295	103	2.233
296	103	2.113
297	103	2.000
298	103	1.837
299	103	1.641
300	103	1.404
301	103	1.176
302	103	0.956
303	103	0.741
304	103	0.502
305	103	0.337
306	103	0.184
307	103	0.017
234	104	12.830
235	104	12.485
236	104	12.232
237	104	12.175
238	104	12.083
239	104	11.887
240	104	11.735
241	104	11.503
242	104	11.269
243	104	11.085
244	104	10.905
245	104	10.706
246	104	10.572
247	104	10.655
248	104	10.718
249	104	10.503
250	104	10.200
251	104	9.881
252	104	9.556
253	104	9.311
254	104	9.050
255	104	8.886
256	104	8.916
257	104	9.081
258	104	9.243
259	104	9.145
260	104	8.922
261	104	8.695
262	104	8.431
263	104	8.122
264	104	7.868
265	104	7.550
266	104	7.327
267	104	7.548
268	104	7.792
269	104	7.700
270	104	7.477
271	104	7.315
272	104	7.205
273	104	6.960
274	104	6.633
275	104	6.370
276	104	6.191
277	104	5.954
278	104	5.760
279	104	5.624
280	104	5.288
281	104	5.106
282	104	5.103
283	104	5.281
284	104	5.309
285	104	5.112
286	104	4.988
287	104	5.138
288	104	5.113
289	104	4.982
290	104	4.715
291	104	4.436
292	104	3.961
293	104	3.677
294	104	3.376
295	104	2.980
296	104	2.934
297	104	2.821
298	104	2.684
299	104	2.503
300	104	2.287
301	104	2.050
302	104	1.781
303	104	1.534
304	104	1.268
305	104	1.020
306	104	0.837
307	104	0.695
308	104	0.607
309	104	0.555
310	104	0.465
311	104	0.341
312	104	0.235
313	104	0.203
314	104	0.127
237	105	12.507
238	105	12.449
239	105	12.389
240	105	12.177
241	105	12.003
242	105	11.738
243	105	11.424
244	105	11.221
245	105	11.048
246	105	10.878
247	105	10.773
248	105	10.872
249	105	10.921
250	105	10.723
251	105	10.426
252	105	10.096
253	105	9.787
254	105	9.530
255	105	9.313
256	105	9.279
257	105	9.301
258	105	9.453
259	105	9.479
260	105	9.555
261	105	9.250
262	105	8.998
263	105	8.714
264	105	8.490
265	105	8.200
266	105	7.872
267	105	7.697
268	105	7.937
269	105	8.211
270	105	8.157
271	105	7.971
272	105	7.796
273	105	7.639
274	105	7.440
275	105	7.134
276	105	6.844
277	105	6.653
278	105	6.441
279	105	6.131
280	105	6.017
281	105	5.831
282	105	5.634
283	105	5.616
284	105	5.801
285	105	4.936
286	105	5.570
287	105	5.418
288	105	5.584
289	105	5.514
290	105	5.297
291	105	5.181
292	105	4.817
293	105	4.554
294	105	4.145
295	105	3.831
296	105	3.502
297	105	3.433
298	105	3.335
299	105	3.234
300	105	2.997
301	105	2.784
302	105	2.542
303	105	2.327
304	105	2.065
305	105	1.794
306	105	1.604
307	105	1.449
308	105	1.366
309	105	1.246
310	105	1.186
311	105	1.116
312	105	0.955
313	105	0.805
314	105	0.747
315	105	0.680
316	105	0.517
317	105	0.287
318	105	0.176
319	105	0.026
240	106	12.652
241	106	12.455
242	106	12.283
243	106	11.951
244	106	11.602
245	106	11.359
246	106	11.210
247	106	11.063
248	106	11.004
249	106	11.103
250	106	11.156
251	106	10.960
252	106	10.682
253	106	10.387
254	106	10.084
255	106	9.843
256	106	9.659
257	106	9.608
258	106	9.665
259	106	9.813
260	106	9.965
261	106	9.741
262	106	9.646
263	106	9.358
264	106	9.157
265	106	8.874
266	106	8.566
267	106	8.274
268	106	8.093
269	106	8.338
270	106	8.634
271	106	8.617
272	106	8.460
273	106	8.232
274	106	8.051
275	106	7.871
276	106	7.604
277	106	7.299
278	106	7.083
279	106	6.902
280	106	6.598
281	106	6.448
282	106	6.371
283	106	6.124
284	106	6.110
285	106	6.262
286	106	6.314
287	106	6.033
288	106	5.874
289	106	6.004
290	106	5.918
291	106	5.912
292	106	5.684
293	106	5.349
294	106	5.133
295	106	4.691
296	106	4.307
297	106	4.078
298	106	3.958
299	106	3.844
300	106	3.672
301	106	3.528
302	106	3.286
303	106	3.120
304	106	2.829
305	106	2.621
306	106	2.396
307	106	2.242
308	106	2.129
309	106	2.079
310	106	1.961
311	106	1.874
312	106	1.795
313	106	1.595
314	106	1.402
315	106	1.338
316	106	1.234
317	106	1.063
318	106	0.836
319	106	0.638
320	106	0.463
321	106	0.183
243	107	12.601
244	107	12.306
245	107	11.947
246	107	11.744
247	107	11.616
248	107	11.507
249	107	11.448
250	107	11.535
251	107	11.581
252	107	11.390
253	107	11.121
254	107	10.843
255	107	10.562
256	107	10.344
257	107	10.167
258	107	10.126
259	107	10.174
260	107	10.280
261	107	10.333
262	107	10.263
263	107	10.209
264	107	9.881
265	107	9.651
266	107	9.450
267	107	9.154
268	107	8.824
269	107	8.605
270	107	8.839
271	107	9.112
272	107	9.134
273	107	8.992
274	107	8.747
275	107	8.541
276	107	8.403
277	107	8.214
278	107	7.845
279	107	7.589
280	107	7.337
281	107	7.001
282	107	6.754
283	107	6.667
284	107	6.615
285	107	6.512
286	107	6.686
287	107	6.675
288	107	6.427
289	107	6.255
290	107	6.341
291	107	6.279
292	107	6.354
293	107	6.322
294	107	5.939
295	107	5.707
296	107	5.480
297	107	5.001
298	107	4.694
299	107	4.630
300	107	4.487
301	107	4.323
302	107	4.097
303	107	3.913
304	107	3.695
305	107	3.505
306	107	3.352
307	107	3.187
308	107	3.033
309	107	2.883
310	107	2.859
311	107	2.763
312	107	2.647
313	107	2.610
314	107	2.391
315	107	2.168
316	107	2.126
317	107	2.008
318	107	1.781
319	107	1.509
320	107	1.247
321	107	1.040
322	107	0.763
323	107	0.465
324	107	0.227
325	107	0.033
246	108	12.372
247	108	12.235
248	108	12.117
249	108	12.022
250	108	11.972
251	108	12.067
252	108	12.110
253	108	11.912
254	108	11.649
255	108	11.398
256	108	11.156
257	108	10.921
258	108	10.752
259	108	10.721
260	108	10.762
261	108	10.886
262	108	10.938
263	108	10.893
264	108	10.658
265	108	10.530
266	108	10.343
267	108	10.082
268	108	9.736
269	108	9.393
270	108	9.135
271	108	9.346
272	108	9.582
273	108	9.611
274	108	9.521
275	108	9.264
276	108	9.057
277	108	8.950
278	108	8.760
279	108	8.377
280	108	8.009
281	108	7.658
282	108	7.314
283	108	7.046
284	108	6.975
285	108	6.915
286	108	6.847
287	108	6.876
288	108	6.882
289	108	6.779
290	108	6.620
291	108	6.658
292	108	6.606
293	108	6.761
294	108	6.988
295	108	6.486
296	108	6.273
297	108	6.024
298	108	5.573
299	108	5.203
300	108	5.154
301	108	4.977
302	108	4.857
303	108	4.612
304	108	4.394
305	108	4.183
306	108	4.028
307	108	3.864
308	108	3.838
309	108	3.711
310	108	3.668
311	108	3.657
312	108	3.575
313	108	3.440
314	108	3.367
315	108	3.225
316	108	2.983
317	108	2.908
318	108	2.673
319	108	2.337
320	108	2.107
321	108	1.926
322	108	1.711
323	108	1.415
324	108	1.139
325	108	0.950
326	108	0.813
327	108	0.625
328	108	0.485
329	108	0.509
330	108	0.497
331	108	0.266
249	109	12.697
250	109	12.599
251	109	12.574
252	109	12.663
253	109	12.695
254	109	12.512
255	109	12.267
256	109	12.044
257	109	11.831
258	109	11.612
259	109	11.435
260	109	11.416
261	109	11.470
262	109	11.582
263	109	11.590
264	109	11.556
265	109	11.464
266	109	11.262
267	109	11.027
268	109	10.823
269	109	10.438
270	109	10.041
271	109	9.789
272	109	9.972
273	109	10.194
274	109	10.235
275	109	10.160
276	109	9.880
277	109	9.633
278	109	9.504
279	109	9.113
280	109	8.689
281	109	8.234
282	109	7.877
283	109	7.530
284	109	7.337
285	109	7.302
286	109	7.333
287	109	7.265
288	109	7.077
289	109	7.050
290	109	6.966
291	109	6.945
292	109	6.856
293	109	6.851
294	109	7.119
295	109	7.481
296	109	7.100
297	109	6.721
298	109	6.452
299	109	6.178
300	109	5.733
301	109	5.621
302	109	5.499
303	109	5.337
304	109	5.126
305	109	4.904
306	109	4.726
307	109	4.501
308	109	4.436
309	109	4.328
310	109	4.203
311	109	4.045
312	109	4.123
313	109	4.182
314	109	4.082
315	109	4.010
316	109	3.927
317	109	3.689
318	109	3.464
319	109	3.132
320	109	2.770
321	109	2.487
322	109	2.374
323	109	2.186
324	109	1.918
325	109	1.669
326	109	1.507
327	109	1.386
328	109	1.216
329	109	1.054
330	109	1.051
331	109	1.015
332	109	0.778
333	109	0.534
334	109	0.499
335	109	0.440
336	109	0.196
252	110	13.147
253	110	13.224
254	110	13.242
255	110	13.066
256	110	12.841
257	110	12.619
258	110	12.409
259	110	12.225
260	110	12.080
261	110	12.091
262	110	12.162
263	110	12.268
264	110	12.327
265	110	12.240
266	110	12.137
267	110	11.928
268	110	11.725
269	110	11.452
270	110	11.191
271	110	10.652
272	110	10.510
273	110	10.601
274	110	10.896
275	110	10.933
276	110	10.872
277	110	10.547
278	110	10.231
279	110	9.838
280	110	9.415
281	110	8.960
282	110	8.515
283	110	8.146
284	110	7.866
285	110	7.786
286	110	7.749
287	110	7.756
288	110	7.694
289	110	7.489
290	110	7.317
291	110	7.336
292	110	7.290
293	110	7.078
294	110	7.089
295	110	7.481
296	110	7.895
297	110	7.751
298	110	7.219
299	110	6.955
300	110	6.705
301	110	6.403
302	110	6.236
303	110	6.113
304	110	5.924
305	110	5.730
306	110	5.528
307	110	5.364
308	110	5.212
309	110	5.022
310	110	4.888
311	110	4.793
312	110	4.644
313	110	4.677
314	110	4.629
315	110	4.548
316	110	4.498
317	110	4.452
318	110	4.248
319	110	3.858
320	110	3.500
321	110	3.189
322	110	3.033
323	110	2.917
324	110	2.689
325	110	2.316
326	110	2.055
327	110	1.965
328	110	1.895
329	110	1.751
330	110	1.582
331	110	1.545
332	110	1.491
333	110	1.244
334	110	0.985
335	110	0.925
336	110	0.846
337	110	0.644
338	110	0.455
339	110	0.364
340	110	0.236
341	110	0.015
255	111	13.561
256	111	13.401
257	111	13.209
258	111	12.991
259	111	12.776
260	111	12.631
261	111	12.526
262	111	12.543
263	111	12.623
264	111	12.712
265	111	12.753
266	111	12.701
267	111	12.548
268	111	12.308
269	111	12.097
270	111	11.896
271	111	11.540
272	111	11.224
273	111	11.148
274	111	11.248
275	111	11.393
276	111	11.465
277	111	11.340
278	111	11.015
279	111	10.572
280	111	10.123
281	111	9.734
282	111	9.304
283	111	9.002
284	111	8.664
285	111	8.436
286	111	8.419
287	111	8.419
288	111	8.409
289	111	8.279
290	111	8.019
291	111	7.850
292	111	7.822
293	111	7.736
294	111	7.479
295	111	7.382
296	111	7.918
297	111	8.361
298	111	8.223
299	111	7.838
300	111	7.371
301	111	7.135
302	111	7.075
303	111	6.836
304	111	6.718
305	111	6.423
306	111	6.202
307	111	6.009
308	111	5.888
309	111	5.717
310	111	5.513
311	111	5.365
312	111	5.288
313	111	5.192
314	111	5.235
315	111	5.332
316	111	5.194
317	111	5.076
318	111	4.969
319	111	4.721
320	111	4.286
321	111	3.890
322	111	3.692
323	111	3.607
324	111	3.488
325	111	3.305
326	111	2.892
327	111	2.626
328	111	2.572
329	111	2.531
330	111	2.374
331	111	2.201
332	111	2.130
333	111	2.024
334	111	1.769
335	111	1.501
336	111	1.394
337	111	1.276
338	111	1.102
339	111	0.940
340	111	0.847
341	111	0.702
342	111	0.440
343	111	0.213
344	111	0.127
345	111	0.039
258	112	13.465
259	112	13.247
260	112	13.053
261	112	12.987
262	112	12.966
263	112	12.978
264	112	13.029
265	112	13.096
266	112	13.129
267	112	13.058
268	112	12.911
269	112	12.658
270	112	12.430
271	112	12.259
272	112	12.046
273	112	11.872
274	112	11.520
275	112	11.748
276	112	11.904
277	112	11.879
278	112	11.739
279	112	11.384
280	112	10.830
281	112	10.455
282	112	10.112
283	112	9.816
284	112	9.518
285	112	9.207
286	112	9.014
287	112	9.040
288	112	9.085
289	112	9.025
290	112	8.854
291	112	8.565
292	112	8.265
293	112	8.168
294	112	8.056
295	112	7.846
296	112	7.701
297	112	8.268
298	112	8.774
299	112	8.670
300	112	8.417
301	112	7.795
302	112	7.490
303	112	7.420
304	112	7.292
305	112	7.051
306	112	6.832
307	112	6.610
308	112	6.432
309	112	6.303
310	112	6.176
311	112	5.993
312	112	5.851
313	112	5.818
314	112	5.776
315	112	5.807
316	112	5.890
317	112	5.818
318	112	5.749
319	112	5.613
320	112	5.296
321	112	4.841
322	112	4.457
323	112	4.336
324	112	4.230
325	112	4.080
326	112	3.879
327	112	3.575
328	112	3.309
329	112	3.289
330	112	3.269
331	112	3.101
332	112	2.901
333	112	2.776
334	112	2.636
335	112	2.358
336	112	2.064
337	112	1.927
338	112	1.777
339	112	1.638
340	112	1.520
341	112	1.389
342	112	1.208
343	112	0.927
344	112	0.680
345	112	0.634
346	112	0.567
347	112	0.327
348	112	0.156
349	112	0.034
261	113	13.422
262	113	13.394
263	113	13.418
264	113	13.426
265	113	13.455
266	113	13.519
267	113	13.559
268	113	13.472
269	113	13.304
270	113	13.058
271	113	12.844
272	113	12.710
273	113	12.465
274	113	12.157
275	113	12.029
276	113	12.048
277	113	12.113
278	113	12.197
279	113	12.098
280	113	11.771
281	113	11.247
282	113	10.872
283	113	10.376
284	113	10.085
285	113	9.782
286	113	9.464
287	113	9.319
288	113	9.321
289	113	9.296
290	113	9.136
291	113	8.884
292	113	8.687
293	113	8.458
294	113	8.330
295	113	8.134
296	113	7.906
297	113	7.859
298	113	8.510
299	113	9.116
300	113	9.035
301	113	8.816
302	113	8.429
303	113	7.848
304	113	7.804
305	113	7.780
306	113	7.517
307	113	7.216
308	113	7.016
309	113	6.954
310	113	6.844
311	113	6.782
312	113	6.590
313	113	6.498
314	113	6.539
315	113	6.557
316	113	6.584
317	113	6.609
318	113	6.455
319	113	6.232
320	113	6.042
321	113	5.717
322	113	5.314
323	113	4.989
324	113	4.885
325	113	4.799
326	113	4.695
327	113	4.566
328	113	4.313
329	113	4.106
330	113	4.102
331	113	4.098
332	113	3.923
333	113	3.723
334	113	3.587
335	113	3.407
336	113	3.121
337	113	2.811
338	113	2.627
339	113	2.470
340	113	2.389
341	113	2.323
342	113	2.169
343	113	1.958
344	113	1.693
345	113	1.460
346	113	1.407
347	113	1.359
348	113	1.119
349	113	0.950
350	113	0.766
264	114	13.955
265	114	13.929
266	114	13.917
267	114	13.943
268	114	14.024
269	114	13.912
270	114	13.725
271	114	13.488
272	114	13.278
273	114	13.084
274	114	12.954
275	114	12.541
276	114	12.405
277	114	12.332
278	114	12.508
279	114	12.391
280	114	12.186
281	114	11.777
282	114	11.340
283	114	10.843
284	114	10.539
285	114	10.249
286	114	9.940
287	114	9.742
288	114	9.618
289	114	9.579
290	114	9.495
291	114	9.245
292	114	8.929
293	114	8.759
294	114	8.689
295	114	8.583
296	114	8.537
297	114	8.333
298	114	8.247
299	114	8.888
300	114	9.536
301	114	9.559
302	114	9.267
303	114	8.931
304	114	8.408
305	114	8.267
306	114	8.239
307	114	8.029
308	114	7.756
309	114	7.578
310	114	7.451
311	114	7.404
312	114	7.369
313	114	7.256
314	114	7.124
315	114	7.209
316	114	7.269
317	114	7.343
318	114	7.306
319	114	7.088
320	114	6.783
321	114	6.428
322	114	6.082
323	114	5.705
324	114	5.460
325	114	5.403
326	114	5.363
327	114	5.330
328	114	5.206
329	114	5.028
330	114	4.872
331	114	4.879
332	114	4.886
333	114	4.719
334	114	4.525
335	114	4.391
336	114	4.192
337	114	3.865
338	114	3.549
339	114	3.364
340	114	3.208
341	114	3.185
342	114	3.167
343	114	2.994
344	114	2.763
345	114	2.521
346	114	2.312
347	114	2.187
348	114	2.028
349	114	1.770
350	114	1.512
267	115	14.251
268	115	14.272
269	115	14.247
270	115	14.125
271	115	13.918
272	115	13.733
273	115	13.542
274	115	13.369
275	115	13.186
276	115	12.901
277	115	12.667
278	115	12.711
279	115	12.633
280	115	12.428
281	115	12.168
282	115	11.741
283	115	11.288
284	115	10.898
285	115	10.696
286	115	10.469
287	115	10.471
288	115	10.368
289	115	10.267
290	115	10.256
291	115	10.166
292	115	9.906
293	115	9.688
294	115	9.672
295	115	9.699
296	115	9.583
297	115	9.568
298	115	9.516
299	115	9.564
300	115	10.212
301	115	10.784
302	115	10.644
303	115	10.214
304	115	9.850
305	115	9.295
306	115	8.889
307	115	8.882
308	115	8.632
309	115	8.355
310	115	8.009
311	115	7.891
312	115	7.840
313	115	7.812
314	115	7.745
315	115	7.579
316	115	7.646
317	115	7.714
318	115	7.779
319	115	7.711
320	115	7.484
321	115	7.110
322	115	6.805
323	115	6.554
324	115	6.234
325	115	5.992
326	115	5.894
327	115	5.841
328	115	5.769
329	115	5.667
330	115	5.493
331	115	5.303
332	115	5.301
333	115	5.299
334	115	5.144
335	115	4.946
336	115	4.843
337	115	4.636
338	115	4.374
339	115	4.072
340	115	3.879
341	115	3.762
342	115	3.770
343	115	3.596
344	115	3.275
345	115	3.020
346	115	2.781
347	115	2.574
348	115	2.432
349	115	2.263
350	115	1.997
270	116	14.441
271	116	14.288
272	116	14.021
273	116	13.870
274	116	13.745
275	116	13.593
276	116	13.430
277	116	13.172
278	116	12.986
279	116	13.028
280	116	12.935
281	116	12.680
282	116	12.346
283	116	12.075
284	116	11.799
285	116	11.516
286	116	11.280
287	116	11.252
288	116	11.259
289	116	11.146
290	116	11.056
291	116	11.093
292	116	11.100
293	116	10.767
294	116	10.639
295	116	10.748
296	116	10.869
297	116	10.811
298	116	10.748
299	116	10.815
300	116	10.899
301	116	11.560
302	116	12.167
303	116	11.905
304	116	11.446
305	116	10.857
306	116	10.286
307	116	9.824
308	116	9.516
309	116	9.254
310	116	8.941
311	116	8.635
312	116	8.092
313	116	8.153
314	116	8.229
315	116	8.258
316	116	8.106
317	116	8.119
318	116	8.185
319	116	8.227
320	116	8.107
321	116	7.743
322	116	7.450
323	116	7.203
324	116	7.027
325	116	6.880
326	116	6.627
327	116	6.518
328	116	6.431
329	116	6.293
330	116	6.127
331	116	5.941
332	116	5.787
333	116	5.723
334	116	5.668
335	116	5.515
336	116	5.179
337	116	5.079
338	116	4.879
339	116	4.703
340	116	4.561
341	116	4.378
342	116	4.261
343	116	4.120
344	116	3.736
345	116	3.411
346	116	3.201
347	116	2.985
348	116	2.797
349	116	2.663
350	116	2.472
274	117	14.009
275	117	13.923
276	117	13.806
277	117	13.679
278	117	13.500
279	117	13.364
280	117	13.424
281	117	13.208
282	117	12.998
283	117	12.859
284	117	12.662
285	117	12.415
286	117	12.236
287	117	12.021
288	117	11.951
289	117	11.956
290	117	11.810
291	117	11.690
292	117	11.724
293	117	11.595
294	117	11.350
295	117	11.270
296	117	11.477
297	117	11.593
298	117	11.494
299	117	11.434
300	117	11.525
301	117	11.588
302	117	12.201
303	117	12.754
304	117	12.518
305	117	12.055
306	117	11.578
307	117	10.899
308	117	10.327
309	117	9.990
310	117	9.734
311	117	9.420
312	117	9.051
313	117	8.205
314	117	8.218
315	117	8.268
316	117	8.310
317	117	8.283
318	117	8.291
319	117	8.634
320	117	8.650
321	117	8.513
322	117	8.177
323	117	7.877
324	117	7.667
325	117	7.592
326	117	7.455
327	117	7.102
328	117	6.955
329	117	6.837
330	117	6.639
331	117	6.538
332	117	6.326
333	117	6.203
334	117	6.119
335	117	6.035
336	117	5.620
337	117	5.243
338	117	5.123
339	117	5.013
340	117	4.850
341	117	4.755
342	117	4.598
343	117	4.407
344	117	4.162
345	117	3.793
346	117	3.525
347	117	3.499
348	117	3.461
349	117	3.337
350	117	3.265
277	118	14.037
278	118	13.932
279	118	13.813
280	118	13.730
281	118	13.771
282	118	13.492
283	118	13.319
284	118	13.209
285	118	13.049
286	118	12.889
287	118	12.773
288	118	12.587
289	118	12.563
290	118	12.572
291	118	12.391
292	118	12.212
293	118	12.214
294	118	12.171
295	118	11.876
296	118	11.726
297	118	12.078
298	118	12.158
299	118	12.021
300	118	11.932
301	118	11.995
302	118	12.018
303	118	12.583
304	118	13.101
305	118	12.886
306	118	12.459
307	118	11.904
308	118	11.184
309	118	10.700
310	118	10.414
311	118	10.083
312	118	9.742
313	118	8.632
314	118	8.365
315	118	8.281
316	118	8.601
317	118	8.527
318	118	8.395
319	118	8.278
320	118	9.147
321	118	9.001
322	118	8.885
323	118	8.712
324	118	8.469
325	118	8.236
326	118	8.119
327	118	7.914
328	118	7.597
329	118	7.312
330	118	7.150
331	118	6.938
332	118	6.758
333	118	6.767
334	118	6.572
335	118	6.261
336	118	6.071
337	118	5.721
338	118	5.351
339	118	5.249
340	118	5.286
341	118	5.066
342	118	4.924
343	118	4.713
344	118	4.422
345	118	4.247
346	118	3.850
347	118	3.802
348	118	4.043
349	118	4.048
350	118	3.909
280	119	14.326
281	119	14.184
282	119	14.009
283	119	13.760
284	119	13.563
285	119	13.598
286	119	13.415
287	119	13.255
288	119	13.204
289	119	13.131
290	119	13.039
291	119	13.020
292	119	12.874
293	119	12.687
294	119	12.699
295	119	12.731
296	119	12.449
297	119	12.398
298	119	12.688
299	119	12.739
300	119	12.547
301	119	12.402
302	119	12.402
303	119	12.393
304	119	12.906
305	119	13.402
306	119	13.177
307	119	12.757
308	119	12.037
309	119	11.346
310	119	10.859
311	119	10.757
312	119	10.561
313	119	9.370
314	119	8.974
315	119	8.651
316	119	8.669
317	119	9.204
318	119	9.126
319	119	8.975
320	119	8.827
321	119	8.676
322	119	8.504
323	119	7.933
324	119	8.599
325	119	8.774
326	119	8.785
327	119	8.472
328	119	8.233
329	119	7.870
330	119	7.665
331	119	7.653
332	119	7.570
333	119	7.438
334	119	7.287
335	119	7.071
336	119	7.095
337	119	6.340
338	119	6.226
339	119	5.886
340	119	5.966
341	119	5.993
342	119	6.001
343	119	5.588
344	119	5.313
345	119	4.965
346	119	4.617
347	119	4.297
348	119	4.379
349	119	4.654
350	119	4.682
283	120	14.314
284	120	13.991
285	120	13.885
286	120	14.013
287	120	13.835
288	120	13.705
289	120	13.692
290	120	13.676
291	120	13.483
292	120	13.441
293	120	13.374
294	120	13.215
295	120	13.245
296	120	13.316
297	120	13.117
298	120	12.981
299	120	13.234
300	120	13.294
301	120	13.040
302	120	12.866
303	120	12.787
304	120	12.740
305	120	13.256
306	120	13.765
307	120	13.501
308	120	12.945
309	120	12.139
310	120	11.478
311	120	11.175
312	120	11.196
313	120	11.005
314	120	10.739
315	120	9.414
316	120	9.173
317	120	9.914
318	120	9.912
319	120	9.827
320	120	9.660
321	120	9.511
322	120	9.350
323	120	9.100
324	120	7.976
325	120	7.699
326	120	9.273
327	120	8.665
328	120	8.501
329	120	8.603
330	120	8.393
331	120	8.090
332	120	7.989
333	120	7.948
334	120	7.910
335	120	7.743
336	120	6.534
337	120	6.294
338	120	6.347
339	120	7.548
340	120	6.814
341	120	6.830
342	120	6.854
343	120	6.651
344	120	6.400
345	120	6.133
346	120	5.854
347	120	5.259
348	120	4.765
349	120	4.867
350	120	5.245
286	121	14.332
287	121	14.515
288	121	14.449
289	121	14.385
290	121	14.398
291	121	14.373
292	121	14.284
293	121	14.079
294	121	14.073
295	121	13.955
296	121	13.984
297	121	14.097
298	121	13.862
299	121	13.624
300	121	13.783
301	121	13.799
302	121	13.469
303	121	13.287
304	121	13.255
305	121	13.246
306	121	13.787
307	121	14.314
308	121	14.045
309	121	13.236
310	121	12.439
311	121	11.793
312	121	11.667
313	121	11.655
314	121	11.503
315	121	11.217
316	121	10.136
317	121	10.726
318	121	10.749
319	121	10.776
320	121	10.650
321	121	10.466
322	121	10.287
323	121	10.113
324	121	9.854
325	121	9.584
326	121	9.274
327	121	11.203
328	121	9.476
329	121	8.889
330	121	8.542
331	121	8.818
332	121	8.616
333	121	8.521
334	121	8.363
335	121	8.153
336	121	7.923
337	121	7.776
338	121	7.866
339	121	7.900
340	121	7.706
341	121	8.172
342	121	7.596
343	121	7.748
344	121	7.458
345	121	7.181
346	121	6.609
347	121	6.331
348	121	5.718
349	121	5.358
350	121	5.544
289	122	15.001
290	122	15.092
291	122	15.043
292	122	14.994
293	122	14.795
294	122	14.643
295	122	14.773
296	122	14.670
297	122	14.628
298	122	14.678
299	122	14.476
300	122	14.197
301	122	14.233
302	122	14.212
303	122	13.908
304	122	13.714
305	122	13.738
306	122	13.780
307	122	14.365
308	122	14.918
309	122	14.261
310	122	13.435
311	122	12.649
312	122	12.141
313	122	12.105
314	122	12.096
315	122	11.917
316	122	11.638
317	122	11.342
318	122	10.619
319	122	11.586
320	122	11.637
321	122	11.498
322	122	11.221
323	122	11.039
324	122	12.160
325	122	12.021
326	122	10.312
327	122	10.008
328	122	11.793
329	122	11.817
330	122	9.164
331	122	9.251
332	122	9.059
333	122	9.122
334	122	8.868
335	122	8.828
336	122	8.632
337	122	8.414
338	122	8.197
339	122	8.335
340	122	9.301
341	122	9.139
342	122	9.091
343	122	7.659
344	122	8.212
345	122	8.092
346	122	7.801
347	122	7.345
348	122	6.722
349	122	6.200
350	122	5.794
292	123	15.424
293	123	15.290
294	123	15.040
295	123	14.881
296	123	14.959
297	123	15.140
298	123	15.021
299	123	15.023
300	123	14.738
301	123	14.412
302	123	14.474
303	123	14.505
304	123	14.279
305	123	14.147
306	123	14.182
307	123	14.201
308	123	14.746
309	123	15.214
310	123	14.480
311	123	13.639
312	123	12.872
313	123	12.631
314	123	12.598
315	123	12.586
316	123	12.428
317	123	12.110
318	123	11.744
319	123	11.389
320	123	12.068
321	123	12.117
322	123	11.908
323	123	11.641
324	123	11.461
325	123	12.109
326	123	12.159
327	123	12.156
328	123	12.187
329	123	12.118
330	123	12.170
331	123	10.095
332	123	9.822
333	123	9.609
334	123	9.415
335	123	9.473
336	123	9.345
337	123	7.252
338	123	7.148
339	123	7.090
340	123	8.906
341	123	8.636
342	123	8.377
343	123	8.118
344	123	7.914
345	123	7.744
346	123	8.037
347	123	7.864
348	123	7.705
349	123	7.127
350	123	6.738
296	124	15.117
297	124	15.363
298	124	15.650
299	124	15.417
300	124	15.313
301	124	15.026
302	124	14.782
303	124	14.825
304	124	14.914
305	124	14.771
306	124	14.667
307	124	14.655
308	124	14.644
309	124	15.171
310	124	15.412
311	124	14.674
312	124	13.833
313	124	13.448
314	124	13.223
315	124	13.189
316	124	13.175
317	124	12.982
318	124	12.544
319	124	12.164
320	124	11.889
321	124	11.801
322	124	12.233
323	124	12.173
324	124	11.975
325	124	11.798
326	124	12.241
327	124	12.309
328	124	11.117
329	124	10.876
330	124	12.311
331	124	12.485
332	124	10.625
333	124	10.361
334	124	10.131
335	124	9.926
336	124	9.739
337	124	9.807
338	124	7.567
339	124	7.486
340	124	7.442
341	124	7.411
342	124	7.363
343	124	7.056
344	124	8.605
345	124	8.414
346	124	7.990
347	124	8.025
348	124	7.948
349	124	7.951
350	124	7.632
299	125	16.420
300	125	16.147
301	125	15.858
302	125	15.617
303	125	15.394
304	125	15.481
305	125	15.603
306	125	15.536
307	125	15.429
308	125	15.357
309	125	15.334
310	125	15.876
311	125	15.812
312	125	15.049
313	125	14.257
314	125	13.961
315	125	13.750
316	125	13.700
317	125	13.655
318	125	13.313
319	125	12.857
320	125	12.474
321	125	12.282
322	125	12.286
323	125	12.395
324	125	12.359
325	125	12.280
326	125	12.407
327	125	12.518
328	125	12.563
329	125	11.738
330	125	11.449
331	125	11.269
332	125	11.097
333	125	11.092
334	125	10.886
335	125	9.897
336	125	10.355
337	125	10.175
338	125	10.035
339	125	10.129
340	125	7.954
341	125	9.826
342	125	9.687
343	125	9.525
344	125	8.840
345	125	8.825
346	125	8.706
347	125	8.544
348	125	8.468
349	125	8.430
350	125	8.406
302	126	16.223
303	126	16.027
304	126	15.977
305	126	16.185
306	126	16.315
307	126	16.248
308	126	16.142
309	126	16.053
310	126	16.042
311	126	16.257
312	126	16.164
313	126	15.344
314	126	14.731
315	126	14.441
316	126	14.212
317	126	14.152
318	126	14.029
319	126	13.615
320	126	13.166
321	126	12.837
322	126	12.779
323	126	12.853
324	126	12.891
325	126	12.866
326	126	12.761
327	126	12.739
328	126	12.618
329	126	12.665
330	126	12.239
331	126	11.949
332	126	11.673
333	126	11.712
334	126	11.613
335	126	11.395
336	126	10.364
337	126	10.130
338	126	10.605
339	126	10.473
340	126	10.299  