idx	impl	1H_DSSD_E	1H_Veto_E	2H_DSSD_E	2H_Veto_E	3H_DSSD_E	3H_Veto_E	3He_DSSD_E	3He_Veto_E	4He_DSSD_E	4He_Veto_E
1	100000	100000	0	100000	0	100000	0	100000	0	100000	0
2	200000	200000	0	200000	0	200000	0	200000	0	200000	0
3	300000	300000	0	300000	0	300000	0	300000	0	300000	0
4	400000	400000	0	400000	0	400000	0	400000	0	400000	0
5	500000	500000	0	500000	0	500000	0	500000	0	500000	0
6	600000	600000	0	600000	0	600000	0	600000	0	600000	0
7	700000	700000	0	700000	0	700000	0	700000	0	700000	0
8	800000	800000	0	800000	0	800000	0	800000	0	800000	0
9	900000	900000	0	900000	0	900000	0	900000	0	900000	0
10	1000000	1000000	0	1000000	0	1000000	0	1000000	0	1000000	0
11	1100000	1100000	0	1100000	0	1100000	0	1100000	0	1100000	0
12	1200000	1200000	0	1200000	0	1200000	0	1200000	0	1200000	0
13	1300000	1300000	0	1300000	0	1300000	0	1300000	0	1300000	0
14	1400000	1400000	0	1400000	0	1400000	0	1400000	0	1400000	0
15	1500000	1500000	0	1500000	0	1500000	0	1500000	0	1500000	0
16	1600000	1600000	0	1600000	0	1600000	0	1600000	0	1600000	0
17	1700000	1700000	0	1700000	0	1700000	0	1700000	0	1700000	0
18	1800000	1800000	0	1800000	0	1800000	0	1800000	0	1800000	0
19	1900000	1900000	0	1900000	0	1900000	0	1900000	0	1900000	0
20	2000000	2000000	0	2000000	0	2000000	0	2000000	0	2000000	0
21	2100000	2100000	0	2100000	0	2100000	0	2100000	0	2100000	0
22	2200000	2200000	0	2200000	0	2200000	0	2200000	0	2200000	0
23	2300000	2300000	0	2300000	0	2300000	0	2300000	0	2300000	0
24	2400000	2400000	0	2400000	0	2400000	0	2400000	0	2400000	0
25	2500000	2500000	0	2500000	0	2500000	0	2500000	0	2500000	0
26	2600000	2600000	0	2600000	0	2600000	0	2600000	0	2600000	0
27	2700000	2700000	0	2700000	0	2700000	0	2700000	0	2700000	0
28	2800000	2800000	0	2800000	0	2800000	0	2800000	0	2800000	0
29	2900000	2900000	0	2900000	0	2900000	0	2900000	0	2900000	0
30	3000000	3000000	0	3000000	0	3000000	0	3000000	0	3000000	0
31	3100000	3100000	0	3100000	0	3100000	0	3100000	0	3100000	0
32	3200000	3200000	0	3200000	0	3200000	0	3200000	0	3200000	0
33	3300000	3300000	0	3300000	0	3300000	0	3300000	0	3300000	0
34	3400000	3400000	0	3400000	0	3400000	0	3400000	0	3400000	0
35	3500000	3500000	0	3500000	0	3500000	0	3500000	0	3500000	0
36	3600000	3600000	0	3600000	0	3600000	0	3600000	0	3600000	0
37	3700000	3700000	0	3700000	0	3700000	0	3700000	0	3700000	0
38	3800000	3800000	0	3800000	0	3800000	0	3800000	0	3800000	0
39	3900000	3900000	0	3900000	0	3900000	0	3900000	0	3900000	0
40	4000000	4000000	0	4000000	0	4000000	0	4000000	0	4000000	0
41	4100000	4100000	0	4100000	0	4100000	0	4100000	0	4100000	0
42	4200000	4200000	0	4200000	0	4200000	0	4200000	0	4200000	0
43	4300000	4300000	0	4300000	0	4300000	0	4300000	0	4300000	0
44	4400000	4400000	0	4400000	0	4400000	0	4400000	0	4400000	0
45	4500000	4500000	0	4500000	0	4500000	0	4500000	0	4500000	0
46	4600000	4600000	0	4600000	0	4600000	0	4600000	0	4600000	0
47	4700000	4700000	0	4700000	0	4700000	0	4700000	0	4700000	0
48	4800000	4800000	0	4800000	0	4800000	0	4800000	0	4800000	0
49	4900000	4900000	0	4900000	0	4900000	0	4900000	0	4900000	0
50	5000000	5000000	0	5000000	0	5000000	0	5000000	0	5000000	0
51	5100000	5100000	0	5100000	0	5100000	0	5100000	0	5100000	0
52	5200000	5200000	0	5200000	0	5200000	0	5200000	0	5200000	0
53	5300000	5300000	0	5300000	0	5300000	0	5300000	0	5300000	0
54	5400000	5400000	0	5400000	0	5400000	0	5400000	0	5400000	0
55	5500000	5500000	0	5500000	0	5500000	0	5500000	0	5500000	0
56	5600000	5600000	0	5600000	0	5600000	0	5600000	0	5600000	0
57	5700000	5700000	0	5700000	0	5700000	0	5700000	0	5700000	0
58	5800000	5800000	0	5800000	0	5800000	0	5800000	0	5800000	0
59	5900000	5900000	0	5900000	0	5900000	0	5900000	0	5900000	0
60	6000000	5845757	154243	6000000	0	6000000	0	6000000	0	6000000	0
61	6100000	5705109.6	394890.4	6100000	0	6100000	0	6100000	0	6100000	0
62	6200000	5491369.8	708630.2	6200000	0	6200000	0	6200000	0	6200000	0
63	6300000	4901159	1398841	6300000	0	6300000	0	6300000	0	6300000	0
64	6400000	4896427	1503573	6400000	0	6400000	0	6400000	0	6400000	0
65	6500000	4543522	1956478	6500000	0	6500000	0	6500000	0	6500000	0
66	6600000	4515590	2084410	6600000	0	6600000	0	6600000	0	6600000	0
67	6700000	4505105	2194895	6700000	0	6700000	0	6700000	0	6700000	0
68	6800000	4469950	2330050	6800000	0	6800000	0	6800000	0	6800000	0
69	6900000	4065471	2834529	6900000	0	6900000	0	6900000	0	6900000	0
70	7000000	4023518	2976482	7000000	0	7000000	0	7000000	0	7000000	0
71	7100000	3889972	3210028	7100000	0	7100000	0	7100000	0	7100000	0
72	7200000	3998762	3201238	7200000	0	7200000	0	7200000	0	7200000	0
73	7300000	3887436	3412564	7300000	0	7300000	0	7300000	0	7300000	0
74	7400000	3769014	3630986	7400000	0	7400000	0	7400000	0	7400000	0
75	7500000	3697538	3802462	7500000	0	7500000	0	7500000	0	7500000	0
76	7600000	3581992	4018008	7600000	0	7600000	0	7600000	0	7600000	0
77	7700000	3644252	4055748	7700000	0	7700000	0	7700000	0	7700000	0
78	7800000	3647473	4152527	7800000	0	7800000	0	7800000	0	7800000	0
79	7900000	3579220	4320780	7900000	0	7900000	0	7900000	0	7900000	0
80	8000000	3469719	4530281	7534847.8	465152.2	8000000	0	8000000	0	8000000	0
81	8100000	3500176	4599824	7247659.6	852340.4	8100000	0	8100000	0	8100000	0
82	8200000	3453909	4746091	7621600	578400	8200000	0	8200000	0	8200000	0
83	8300000	3495437	4804563	7213089	1086911	8300000	0	8300000	0	8300000	0
84	8400000	3429147	4970853	6768224	1631776	8400000	0	8400000	0	8400000	0
85	8500000	3236441	5263559	6593628	1906372	8500000	0	8500000	0	8500000	0
86	8600000	3004695	5595305	6505702	2094298	8600000	0	8600000	0	8600000	0
87	8700000	3009715	5690285	6209695	2490305	8700000	0	8700000	0	8700000	0
88	8800000	3248567	5551433	6201231	2598769	8800000	0	8800000	0	8800000	0
89	8900000	2959811	5940189	5961679	2938321	8900000	0	8900000	0	8900000	0
90	9000000	3117905	5882095	5807210	3192790	9000000	0	9000000	0	9000000	0
91	9100000	2955633	5677899.3	5875209	3224791	9100000	0	9100000	0	9100000	0
92	9200000	2778407	4878247	5598207	3601793	9200000	0	9200000	0	9200000	0
93	9300000	2858709	5262717	5685699	3614301	9300000	0	9300000	0	9300000	0
94	9400000	2900976	4984442	5567843	3832157	8898247.7	501752.3	9400000	0	9400000	0
95	9500000	2780508	4305037	5275182	4224818	9500000	0	9500000	0	9500000	0
96	9600000	2771141	4400470	5174511	4425489	8744885.9	855114.1	9600000	0	9600000	0
97	9700000	2865133	4222260	5138200	4561800	8375670	1324330	9700000	0	9700000	0
98	9800000	2863582	4233511	5196472	4603528	8318705	1481295	9800000	0	9800000	0
99	9900000	2709706	4021366	5136080	4763920	7977167	1922833	9900000	0	9900000	0
100	10000000	2690208	3897401	4941179	5058821	7690220	2309780	10000000	0	10000000	0
101	10100000	2626276	3857293	5079247	5020753	7548709	2551291	10100000	0	10100000	0
102	10200000	2796275	3786076	4802166	5397834	7375139	2824861	10200000	0	10200000	0
103	10300000	2735712	3633692	4812995	5487005	7347085	2952915	10300000	0	10300000	0
104	10400000	2615717	3526661	4757997	5642003	7310666	3089334	10400000	0	10400000	0
105	10500000	2715869	3547520	4640174	5859826	7101580	3398420	10500000	0	10500000	0
106	10600000	2586432	3333871	4772027	5827973	6928235	3671765	10600000	0	10600000	0
107	10700000	2502596	3437030	5001250	5698750	6934198	3765802	10700000	0	10700000	0
108	10800000	2411199	3286936	4729511	6070489	6565251	4234749	10800000	0	10800000	0
109	10900000	2471454	3153470	4506181	6393819	6812432	4087568	10900000	0	10900000	0
110	11000000	2407186	3246444	4322203	6677797	6516474	4483526	11000000	0	11000000	0
111	11100000	2408870	3051823	4530685	6569315	6478050	4621950	11100000	0	11100000	0
112	11200000	2324542	3138136	4519872	6680128	6490292	4709708	11200000	0	11200000	0
113	11300000	2405126	3203538	4336378	6963622	6246563	5053437	11300000	0	11300000	0
114	11400000	2359030	2932149	4277239	7122761	6343030	5056970	11400000	0	11400000	0
115	11500000	2254020	2831358	4225204	7274796	6159152	5340848	11500000	0	11500000	0
116	11600000	2228611	2945193	4056426	7543574	5919375	5680625	11600000	0	11600000	0
117	11700000	2345749	2858048	4260563	7439437	6059202	5640798	11700000	0	11700000	0
118	11800000	2379104	2899494	4224896	7575104	5991974	5808026	11800000	0	11800000	0
119	11900000	2430428	2855003	4027480	7872520	6052318	5847682	11900000	0	11900000	0
120	12000000	2204167	2722953	4047397	7952603	5934490	6065510	12000000	0	12000000	0
121	12100000	2369084	2832597	4136357	7963643	5836475	6263525	12100000	0	12100000	0
122	12200000	2178560	2535131	4041509	7169500.4	5853392	6346608	12200000	0	12200000	0
123	12300000	2402857	2800345	3913824	6408007	5678930	6621070	12300000	0	12300000	0
124	12400000	2357120	2652796	3923245	6478474	5625609	6774391	12400000	0	12400000	0
125	12500000	2336240	2649123	4028836	6786486	5551563	6948437	12500000	0	12500000	0
126	12600000	2118410	2518638	3823896	6221802	5477592	7122408	12600000	0	12600000	0
127	12700000	2135980	2539603	3915482	5909210	5354638	7345362	12700000	0	12700000	0
128	12800000	2138710	2689980	3854095	5911348	5280656	7519344	12800000	0	12800000	0
129	12900000	2026990	2454647	3831768	5798757	5379519	7520481	12900000	0	12900000	0
130	13000000	2116940	2479258	3791440	5457250	5303837	7696163	13000000	0	13000000	0
131	13100000	2102880	2346309	3688893	5771061	5324510	7775490	13100000	0	13100000	0
132	13200000	2050980	2456718	3545913	5285359	5246745	7953255	13200000	0	13200000	0
133	13300000	2121570	2414912	3616476	5298337	5273506	8026494	13300000	0	13300000	0
134	13400000	1934210	2298181	3666006	5126078	5254435	8145565	13400000	0	13400000	0
135	13500000	1894480	2217562	3561362	5035191	5098730	8401270	13500000	0	13500000	0
136	13600000	1852550	2315843	3459910	4972316	5142386	8457614	13600000	0	13600000	0
137	13700000	1916810	2397012	3690890	5095692	4995831	8704169	13700000	0	13700000	0
138	13800000	2045560	2290913	3505420	5042154	4994161	8805839	13800000	0	13800000	0
139	13900000	2135190	2336589	3618210	4821853	4866702	9033298	13900000	0	13900000	0
140	14000000	2008500	2359711	3687810	4918820	4993378	9006622	14000000	0	14000000	0
141	14100000	1932600	2276642	3292730	4597658	4925105	9174895	14100000	0	14100000	0
142	14200000	2030100	2290664	3481320	4586887	4905339	9294661	14200000	0	14200000	0
143	14300000	2016550	2302668	3343890	4561475	4958692	9285681.06	14300000	0	14300000	0
144	14400000	1966470	2150130	3423800	4541068	4752377	8265722	14400000	0	14400000	0
145	14500000	2138380	2364430	3330760	4472334	4819293	8438043	14500000	0	14500000	0
146	14600000	1873710	2226820	3226780	4308893	4871207	8156811	14600000	0	14600000	0
147	14700000	1929240	2184280	3332590	4318912	4760558	7857219	14700000	0	14700000	0
148	14800000	1734040	2145480	3352520	4368403	4710710	7351125	14800000	0	14800000	0
149	14900000	1909870	2071350	3404110	4264651	4677550	7504485	14900000	0	14900000	0
150	15000000	1836050	1954240	3322870	4372753	4538210	7085824	15000000	0	15000000	0
151	15100000	1809680	2100120	3272160	4241740	4584310	7007394	15100000	0	15100000	0
152	15200000	1801060	2040490	3255320	4058704	4724480	7119706	15200000	0	15200000	0
153	15300000	1963280	2039150	3280260	3946721	4406050	6862749	15300000	0	15300000	0
154	15400000	1725840	2070870	3262800	3998489	4561770	6827799	15400000	0	15400000	0
155	15500000	1790980	2066140	3249420	3974223	4516980	6717419	15500000	0	15500000	0
156	15600000	1636840	1882170	3160050	3995385	4285750	6300140	15600000	0	15600000	0
157	15700000	1760310	2014380	3078900	3653244	4396090	6302808	15700000	0	15700000	0
158	15800000	1809670	2023880	3092160	3876325	4168740	6084879	15800000	0	15800000	0
159	15900000	1787490	2045040	2992820	3806094	4373200	6100156	15900000	0	15900000	0
160	16000000	1735330	2085880	2993110	3813468	4278740	6179788	16000000	0	16000000	0
161	16100000	1726890	1763930	2952410	3839138	4319580	6009793	16100000	0	16100000	0
162	16200000	1828360	2038210	3177170	3780384	4257990	5991464	16200000	0	16200000	0
163	16300000	1711390	1967580	3179970	3788991	4258420	5919461	16300000	0	16300000	0
164	16400000	1739320	1860400	3120100	3772435	4181280	5553880	16400000	0	16400000	0
165	16500000	1722450	1943510	3099210	3619275	4284110	5811312	16500000	0	16500000	0
166	16600000	1666570	1907780	3001690	3392430	4093360	5601612	16600000	0	16600000	0
167	16700000	1717820	1962400	2960180	3640910	4177740	5609435	16700000	0	16700000	0
168	16800000	1620850	1866550	3062630	3541180	4119070	5500020	16800000	0	16800000	0
169	16900000	1648690	1856590	2973640	3383160	4302880	5368009	16900000	0	16900000	0
170	17000000	1646700	1857080	2922760	3636140	4254580	5339998	17000000	0	17000000	0
171	17100000	1551750	1783390	2930420	3575130	3968330	5245263	17100000	0	17100000	0
172	17200000	1661640	1738410	2853120	3294460	3916430	5241736	17200000	0	17200000	0
173	17300000	1731470	1659560	2851200	3405150	4120010	5283543	17300000	0	17300000	0
174	17400000	1518440	1732220	2812030	3346270	3975850	4956711	17400000	0	17400000	0
175	17500000	1709440	1984010	2818920	3303090	3994530	5194074	17500000	0	17500000	0
176	17600000	1640500	1578370	2812970	3192530	4011530	4975337	17600000	0	17600000	0
177	17700000	1718630	1814070	2696110	3222790	3962170	5027111	17700000	0	17700000	0
178	17800000	1505390	1723880	2867550	3324820	3922360	4944573	17800000	0	17800000	0
179	17900000	1658750	1799420	2826980	3304360	3988380	4979364	17900000	0	17900000	0
180	18000000	1446500	1683250	2663520	3233380	3969950	4763374	18000000	0	18000000	0
181	18100000	1622220	1620100	2747860	3313490	3805290	4810922	18100000	0	18100000	0
182	18200000	1575490	1802990	2706730	3251020	3823310	4840077	18200000	0	18200000	0
183	18300000	1642840	1649120	2795390	3213460	3796530	4609477	18300000	0	18300000	0
184	18400000	1520580	1540790	2849210	3052900	3800290	4755606	18400000	0	18400000	0
185	18500000	1435680	1783360	2645660	3280220	3675740	4743000	18500000	0	18500000	0
186	18600000	1658060	1831440	2772900	3103420	3810120	4565060	18600000	0	18600000	0
187	18700000	1499310	1691970	2718790	3074570	3799760	4688390	18700000	0	18700000	0
188	18800000	1510130	1629620	2647010	2995520	3768110	4629040	18800000	0	18800000	0
189	18900000	1533310	1691290	2554740	3139410	3835910	4592390	18900000	0	18900000	0
190	19000000	1414660	1466710	2772740	3012760	3697170	4415170	19000000	0	19000000	0
191	19100000	1659600	1660070	2779300	3100010	3648870	4594940	19100000	0	19100000	0
192	19200000	1398990	1639110	2583880	2983220	3589480	4430370	19200000	0	19200000	0
193	19300000	1423590	1630060	2597000	3063320	3616330	4441760	19300000	0	19300000	0
194	19400000	1452900	1604460	2514240	2970510	3632570	4467560	19400000	0	19400000	0
195	19500000	1447840	1642890	2497650	2881520	3576080	4431470	19500000	0	19500000	0
196	19600000	1370890	1572390	2632050	2864110	3630180	4121000	19600000	0	19600000	0
197	19700000	1389570	1518520	2643050	2994780	3575340	4315810	19700000	0	19700000	0
198	19800000	1421590	1587540	2556510	2930750	3480730	4179540	19800000	0	19800000	0
199	19900000	1695180	1533950	2692220	3070950	3510050	4247270	19900000	0	19900000	0
200	20000000	1376560	1638180	2666180	2891020	3589230	4243370	20000000	0	20000000	0
201	20100000	1392530	1471150	2402190	2695410	3555780	4106730	20100000	0	20100000	0
202	20200000	1385410	1455360	2527610	2833870	3562850	4281740	20200000	0	20200000	0
203	20300000	1464390	1452950	2546340	2544220	3520950	4235960	20300000	0	20300000	0
204	20400000	1524890	1366660	2392240	2861210	3342110	3932640	20400000	0	20400000	0
205	20500000	1292840	1481330	2456850	2700360	3520350	4034740	20500000	0	20500000	0
206	20600000	1496180	1495870	2402720	2656790	3524090	4061710	20600000	0	20600000	0
207	20700000	1571610	1564740	2592690	2786730	3356050	3963300	20700000	0	20700000	0
208	20800000	1366420	1428250	2458950	2784230	3439020	4006030	20800000	0	20800000	0
209	20900000	1268270	1512380	2453860	2612790	3358210	3933840	20900000	0	20900000	0
210	21000000	1451900	1469730	2447710	2876270	3375070	3895850	21000000	0	21000000	0
211	21100000	1208020	1463500	2508880	2638550	3460530	4033060	21100000	0	21100000	0
212	21200000	1442010	1377150	2368150	2635930	3153110	3832340	21200000	0	21200000	0
213	21300000	1346670	1553530	2447030	2584160	3370250	3811680	21300000	0	21300000	0
214	21400000	1406020	1460810	2378000	2580690	3387620	3835360	21388367.36	11632.64	21400000	0
215	21500000	1267170	1370050	2239020	2709300	3233490	3739380	19490270	2009730	21500000	0
216	21600000	1359900	1528450	2376310	2660880	3373390	3989990	20950230	649770	21600000	0
217	21700000	1313330	1329490	2415140	2680320	3280340	3801410	19660340	2039660	21700000	0
218	21800000	1247060	1499470	2349600	2561450	3098700	3765860	20161659	1638341	21800000	0
219	21900000	1435290	1383800	2430760	2566770	3334790	3750220	19609806	2290194	21900000	0
220	22000000	1120860	1491150	2411460	2435140	3247730	3746780	18993812	3006188	22000000	0
221	22100000	1328450	1382840	2319870	2482310	3385700	3753610	19050363	3049637	22100000	0
222	22200000	1347430	1416000	2377660	2642150	3171750	3724230	18399298	3800702	22200000	0
223	22300000	1218260	1306110	2378210	2417100	3129150	3570040	18163957	4136043	22300000	0
224	22400000	1456570	1351300	2327360	2637980	3256580	3651910	17403116	4996884	22400000	0
225	22500000	1296800	1508670	2318690	2492270	2991340	3599140	18227168	4272832	22500000	0
226	22600000	1260360	1398480	2296980	2352540	3164010	3695540	17205105	5394895	22600000	0
227	22700000	1284570	1338130	2413690	2531120	3101030	3491400	17018404	5681596	22700000	0
228	22800000	1422310	1300830	2170940	2457760	3145480	3575780	16457483	6342517	22800000	0
229	22900000	1280470	1247100	2270440	2427450	3210620	3648030	16629489	6270511	22900000	0
230	23000000	1288210	1420510	2267910	2507110	3152230	3537540	16523488	6476512	23000000	0
231	23100000	1267630	1147050	2317640	2523590	2998470	3519720	16661126	6438874	23100000	0
232	23200000	1322530	1299280	2348760	2419300	3139380	3618250	16085124	7114876	23200000	0
233	23300000	1175790	1315850	2243170	2407820	3182560	3438060	16438664	6861336	23300000	0
234	23400000	1162240	1351930	2081400	2361800	3068370	3539040	15960793	7439207	23400000	0
235	23500000	1303150	1183040	2251510	2472690	3131740	3526160	15572707	7927293	23500000	0
236	23600000	1454710	1275470	2002960	2355220	2961090	3310230	15808921	7791079	23600000	0
237	23700000	1257600	1322920	2155710	2424400	3112480	3364630	15484252	8215748	23700000	0
238	23800000	1337270	1235070	2176300	2347760	2939110	3478720	15939978	7860022	23800000	0
239	23900000	1176250	1440080	2133110	2272120	3017370	3361800	15795463	8104537	23900000	0
240	24000000	1226210	1341580	2125470	2340890	2858280	3298880	15608397	8391603	24000000	0
241	24100000	1155660	1331970	2126680	2362710	3066830	3320380	15549167	8550833	24100000	0
242	24200000	1199270	1268160	2038930	2302920	2875810	3245240	15188447	9011553	23856050.5	343949.5
243	24300000	1192490	1350840	2041890	2288080	3079830	3419430	14983381	9316619	24056304	243696
244	24400000	1245100	1262370	2204840	2447300	3040890	3331000	15030259	9369741	23137539	1262461
245	24500000	1251100	1266710	2014270	2302460	2782260	3239350	15230577	9269423	22497622	2002378
246	24600000	1298210	1327020	2125890	2285790	2976180	3271620	14490750	10109250	22477131	2122869
247	24700000	1199820	1267750	2100090	2286530	2947350	3442340	14349030	10350970	21421790	3278210
248	24800000	1300110	1181890	2212100	2353420	3013770	3331980	14856633	9943367	21513270	3286730
249	24900000	1229130	1213190	2157150	2412370	2862620	3160310	14651040	10248960	20901282	3998718
250	25000000	1217840	1291270	2090450	2238750	2944400	3272050	14180370	10819630	21807343	3192657
251	25100000	1250240	1258580	2090950	2204450	2930750	3264210	14465510	10634490	20189311	4910689
252	25200000	1202320	1141250	2043160	2214540	2907020	3265470	14154220	11045780	21457135	3742865
253	25300000	1226340	1174010	2209370	2269840	2967830	3208330	14661100	10638900	20726862	4573138
254	25400000	1135310	1278870	1989130	2162600	2955760	3237360	14485770	10914230	19923250	5476750
255	25500000	1058480	1103800	2179380	2011980	2964740	3087430	14217850	11282150	20170596	5329404
256	25600000	1175340	1301200	2095850	2138200	2917130	3159600	14137620	11462380	19226016	6373984
257	25700000	1313200	1197310	1970780	2155920	2946820	3299910	13436750	12263250	19508233	6191767
258	25800000	1235330	1421600	2065920	2172920	2828530	3303050	13623950	12176050	18763083	7036917
259	25900000	1174850	1171050	2121430	2289820	2866130	3052000	13579090	12320910	19537890	6362110
260	26000000	1170910	1175680	1906550	2201520	2652430	3072040	13838660	12161340	18857192	7142808
261	26100000	1040310	1213760	1958740	2121840	2838340	3089940	13480970	12619030	18674660	7425340
262	26200000	1111070	1212110	1893330	2045440	2745310	3053640	13640110	12559890	19075415	7124585
263	26300000	1257950	1297520	2156270	2200360	2713130	3088110	13362060	12937940	18362526	7937474
264	26400000	1020210	1259300	2028520	2278440	2895780	3034200	13687300	12712700	18392476	8007524
265	26500000	1313100	1117040	1944370	2155160	2796820	3017400	13190210	13309790	18271578	8228422
266	26600000	1231320	1104150	2148710	2234530	2736760	3044520	13232600	13367400	18629357	7970643
267	26700000	1225460	1225230	2046820	2077450	2627090	2925650	13022230	13677770	18186361	8513639
268	26800000	1064080	1265290	1977200	1937480	2766380	2941610	13349120	13450880	17965453	8834547
269	26900000	1111980	1288870	2014120	2057190	2760950	2975890	13105230	13794770	17791497	9108503
270	27000000	1140170	1009850	2036380	2122080	2794570	3033850	12444310	14555690	17794208	9205792
271	27100000	1101320	1009350	1840740	2083630	2583480	2942440	12805590	14294410	17430438	9669562
272	27200000	1189100	1142610	1890580	2028230	2586180	3029750	12700460	14499540	17509959	9690041
273	27300000	1072490	1105220	1886570	2141410	2720780	3071540	12353560	14946440	17958620	9341380
274	27400000	1157560	868550	1935070	2106430	2648490	3044330	12699600	14700400	17546457	9853543
275	27500000	1096780	1209890	2033040	2139590	2694030	2899600	12464830	15035170	17235050	10264950
276	27600000	1047350	1108320	2082620	2063230	2668080	2771570	12973190	14626810	16945730	10654270
277	27700000	1103690	1293150	1927820	1914450	2836300	2959030	12354590	15345410	16668700	11031300
278	27800000	1094210	1108190	1955050	1998410	2622510	2785320	12167330	15632670	16722530	11077470
279	27900000	1089350	1145600	1854610	2116370	2677710	3059580	12497290	15402710	16794170	11105830
280	28000000	1084330	1071830	1816540	2099980	2658400	3090970	12470480	15529520	17097340	10902660
281	28100000	1188770	1165970	1924100	2004070	2555500	2722540	12562460	15537540	16732650	11367350
282	28200000	1095120	1109350	1867330	1890800	2620770	2835130	12080390	16119610	16578030	11621970
283	28300000	1198850	1057980	1932070	1966900	2678390	2920930	12088340	16211660	16321180	11978820
284	28400000	1107210	1118660	2035180	1982170	2699540	2845730	12383630	16016370	16555820	11844180
285	28500000	886780	1128480	1845000	1883630	2643430	2864180	12273670	16226330	16015300	12484700
286	28600000	1169790	1056870	1976600	2098490	2759230	2892040	11894190	16705810	15810660	12789340
287	28700000	1023170	1218880	1738570	1971670	2589890	2672350	11950440	16749560	16008090	12691910
288	28800000	1204180	1095140	1916260	1984440	2518240	2671490	11691320	17108680	15970470	12829530
289	28900000	938820	1100650	1886570	1945010	2560210	2765740	11998980	16901020	16087680	12812320
290	29000000	1086110	1190130	1817010	1974030	2542310	2744400	11657580	17342420	15925250	13074750
291	29100000	1175700	1096090	1898890	1960960	2592290	2712270	11669610	17430390	16032400	13067600
292	29200000	951220	1277930	1902150	1876520	2682480	2821240	11496210	17703790	15573950	13626050
293	29300000	1088750	1117620	1868770	1975610	2596860	2785530	11737450	17562550	15689550	13610450
294	29400000	1004540	1043390	1872640	1879720	2530220	2802720	11552640	17847360	15036840	14363160
295	29500000	1040840	1038780	1844700	1953520	2470770	2768430	11533450	17966550	15314900	14185100
296	29600000	996430	1169770	1903300	1878450	2488520	2693770	11423210	18176790	15553440	14046560
297	29700000	1000100	1079100	1846360	1916630	2492950	2777460	11606930	18093070	15159480	14540520
298	29800000	1138210	1031440	1962240	1949410	2457590	2719210	11560220	18239780	15306400	14493600
299	29900000	973980	1057480	1817170	1937320	2572590	2729260	11804750	18095250	15303620	14596380
300	30000000	1084170	1194810	1854310	1864660	2404030	2583200	11605070	18394930	15159540	14840460
301	30100000	971710	1100790	1575440	1829980	2461990	2662030	11467530	18632470	15133790	14966210
302	30200000	1074130	912780	1842300	1996800	2409590	2729680	11140960	19059040	14829760	15370240
303	30300000	1105910	1035250	1881450	1858350	2551750	2636210	11307640	18992360	14792050	15507950
304	30400000	1165030	1003990	1892970	1843800	2494780	2759040	11218740	19181260	15075020	15324980
305	30500000	1002710	948220	1819850	1878900	2490470	2596450	11623640	18876360	14282250	16217750
306	30600000	1035290	1071630	1831640	1755550	2484490	2689400	10877640	19722360	14798020	15801980
307	30700000	1058330	1003110	1831900	1732330	2402880	2698790	11062770	19637230	14588030	16111970
308	30800000	1027390	1129800	1697970	1770730	2326710	2610480	11015610	19784390	14090730	16709270
309	30900000	1200910	1087310	1892780	1856950	2414160	2646080	10931740	19968260	14352280	16547720
310	31000000	987140	1042640	1797820	1850150	2421030	2816600	11017240	19982760	14129150	16870850
311	31100000	1151700	931690	1705520	1762010	2361450	2696310	10894530	20205470	14339780	16760220
312	31200000	1029490	1099520	1688460	1851150	2486890	2696090	10757640	20442360	14248910	16951090
313	31300000	972700	1124640	1651450	1848170	2362780	2560170	10714370	20585630	14216950	17083050
314	31400000	925650	840940	1771210	1723860	2401760	2494610	10826680	20573320	14331580	17068420
315	31500000	1047540	1106260	1754950	1892670	2388890	2533180	10410970	21089030	13871320	17628680
316	31600000	983230	1001150	1636820	1716070	2485050	2638530	10917360	20682640	14479170	17120830
317	31700000	1045360	1004350	1692020	1890920	2358540	2603320	10976880	20723120	14160020	17539980
318	31800000	1007940	926040	1724620	1815880	2535350	2583800	10532890	21267110	14071790	17728210
319	31900000	1159700	1057990	1705190	1641130	2404410	2541430	10330640	20269586	14210980	17689020
320	32000000	1019560	964790	1735130	1722760	2391000	2546360	10396760	21099391.7	13790350	18209650
321	32100000	889330	1063900	1709400	1755920	2479860	2480830	10722570	21301670.81	13746850	18353150
322	32200000	894900	1026470	1630310	1854180	2375280	2455850	10431660	19079322	13848480	18351520
323	32300000	1070120	970810	1668030	1861510	2343480	2522410	10610530	20208898	13671060	18628940
324	32400000	1065370	978290	1609030	1686570	2397680	2389240	10399450	19104891	13692430	18707570
325	32500000	826210	1200270	1672180	1896340	2329170	2640110	10782610	20005586	13890990	18609010
326	32600000	991300	948140	1739730	1844080	2275650	2487660	10296360	17233924	13484200	19115800
327	32700000	852540	989040	1705190	1731980	2284890	2448630	10511070	18082603	13865010	18834990
328	32800000	983190	1057360	1738480	1747220	2391730	2457880	10379480	18230342	13153480	19646520
329	32900000	903280	1019480	1695580	1683440	2275850	2456440	9977710	17300655	13450300	19449700
330	33000000	1063590	907690	1691030	1773620	2319390	2378320	10737420	19395559	13423310	19576690
331	33100000	918670	1046230	1599730	1761250	2319320	2516090	10364410	17501825	12938390	20161610
332	33200000	873580	939310	1620240	1817040	2321090	2216450	10107830	16918078	13318570	19881430
333	33300000	1050770	766640	1715570	1887740	2362880	2394130	10125620	16935951	13264450	20035550
334	33400000	947660	1039220	1655870	1742770	2287390	2489330	9931340	16402650	13181040	20218960
335	33500000	966940	1000310	1522230	1649000	2222440	2375390	9978840	15714690	13098690	20401310
336	33600000	901660	1021510	1619020	1705460	2232790	2459180	9868590	15943048	13279240	20320760
337	33700000	886100	985260	1480930	1763010	2130260	2314280	10187270	16115229	12918780	20781220
338	33800000	883590	974190	1742630	1692690	2262340	2470530	10030270	15454209	12541120	21258880
339	33900000	968820	849040	1509970	1804770	2342190	2284450	9878350	15533328	12990710	20909290
340	34000000	961560	1016580	1752450	1729740	2320280	2254680	9931560	15398752	13261250	20738750
341	34100000	1004520	984290	1616120	1798360	2244760	2322630	10018910	15357251	12831660	21268340
342	34200000	868230	846530	1567710	1783500	2213490	2377110	10147970	14922293	12549240	21650760
343	34300000	1003770	910100	1703600	1819510	2314770	2362130	9682670	14751753	12786840	21513160
344	34400000	892930	969050	1730930	1743190	2216880	2319010	9833270	14842980	12556780	21843220
345	34500000	840340	943670	1633170	1685840	2143950	2343900	9765020	14699730	13006940	21493060
346	34600000	831990	1033200	1645380	1718600	2186600	2290240	9450940	14171760	12759150	21840850
347	34700000	914380	810240	1598800	1814660	2125780	2500050	9819320	14820650	12526560	22173440
348	34800000	890470	921860	1712130	1676620	2242710	2257450	9574950	14391030	12474680	22325320
349	34900000	1070420	880380	1704190	1737370	2204350	2373940	9821910	14431460	12505080	22394920
350	35000000	868860	861160	1594330	1729750	2318520	2269700	9454850	14101220	12609460	22390540
351	35100000	871200	1041360	1550210	1573730	2184990	2368780	9562430	14429130	12240410	22859590
352	35200000	940310	934380	1506610	1558780	2148430	2357520	9857270	14440280	12186150	23013850
353	35300000	1001910	916960	1693560	1773790	2215780	2292600	9205500	13074870	12092550	23207450
354	35400000	851930	1017250	1685030	1801920	2224830	2281210	9341280	13290430	12323840	23076160
355	35500000	968860	871910	1551330	1676240	2150750	2298590	9585430	13752940	12166830	23333170
356	35600000	938060	834180	1448570	1568980	2221950	2340200	9599870	13979100	12123260	23476740
357	35700000	750930	1027400	1616520	1702620	2102500	2310200	9184100	12837150	12247620	23452380
358	35800000	969510	969990	1622380	1565680	1961090	2361240	9640950	13722370	12441560	23358440
359	35900000	973010	762060	1560250	1602970	2222880	2192960	9322020	13178920	12070310	23829690
360	36000000	988250	948820	1614310	1623870	2296680	2228610	9487960	13322390	11824430	24175570
361	36100000	812630	894100	1590500	1704200	2162910	2141830	9216150	13339240	12358840	23741160
362	36200000	836590	980300	1625310	1713100	2262730	2303870	9498750	13698520	12093680	23169255.8
363	36300000	856290	827260	1620420	1633260	2236680	2262270	9332720	12480460	11954930	22885433
364	36400000	965840	880780	1692060	1688500	2208160	2340490	9454430	13080650	12100540	22951535
365	36500000	1091300	1045520	1599300	1621860	2090610	2356720	9002060	12497680	11837470	22657794
366	36600000	953670	851500	1499550	1634440	2055280	2303310	9018210	12532050	11796830	22117833
367	36700000	861260	871770	1557140	1484780	1995950	2258890	9343780	12831480	11928870	21206848
368	36800000	878010	843190	1546950	1583600	2128600	2380040	9062120	12739540	12031820	21929643
369	36900000	850740	916440	1696170	1603240	1987920	2119810	9253770	12456680	11733750	20485835
370	37000000	951600	914120	1482060	1579190	2090480	2140830	8981480	11993960	11700090	20195764
371	37100000	922630	905790	1542700	1671840	2135640	2227220	8848880	12344270	11679010	20429921
372	37200000	947550	868570	1544880	1537040	2177680	2184750	9044950	12209000	11754610	19898935
373	37300000	800120	1029180	1477480	1587110	2142650	2257860	8941070	12159630	11748570	20195647
374	37400000	864760	843710	1656200	1561160	2040980	2186350	9057070	12037520	11271910	18779951
375	37500000	879290	941560	1409190	1659310	2082200	2202100	9097150	12072350	11825580	20134247
376	37600000	810990	926650	1468090	1587930	2054530	2190130	8644280	11591950	11657100	19127530
377	37700000	989720	857130	1543610	1607870	2038000	2213670	9056530	12081230	11707490	19234424
378	37800000	969710	872930	1532340	1744380	1937780	2074410	8780160	11878390	11700590	18933919
379	37900000	954100	852700	1471110	1456530	2168710	2211780	8885410	12084530	11614350	18247488
380	38000000	887550	851700	1434490	1662980	1960340	2077910	8636030	11683440	11335300	18662872
381	38100000	784390	861960	1490050	1495700	2150050	2090020	8877260	11510820	11261390	18063115
382	38200000	919920	906450	1648680	1304360	2048360	2148580	8890000	11615970	11364010	18144653
383	38300000	914240	957120	1397450	1583330	1945550	2093040	8732640	11586980	11376810	17671025
384	38400000	749450	903630	1461120	1328290	2161530	2028750	8559450	11459600	11254240	17809388
385	38500000	848440	940190	1505740	1572070	1977800	1983690	8939410	11669640	11098360	17240300
386	38600000	933020	783940	1491950	1460190	2076870	2244020	8639660	11718400	11113160	17029770
387	38700000	812610	843230	1498510	1522050	1944690	2121890	9139680	11418450	11021980	16986280
388	38800000	980720	993930	1416650	1461960	2071960	2056620	8521190	11393310	11159770	16618470
389	38900000	789540	824930	1323160	1578580	1952640	2124600	8459360	11097980	11083230	17080570
390	39000000	962400	926960	1489320	1486820	2073860	2103240	8760930	11331490	11257570	17109530
391	39100000	757850	924140	1479590	1521380	2053570	2088950	8738370	11219720	11038070	16707720
392	39200000	852580	749590	1584130	1521410	1995520	1988790	8305280	11049980	11155840	16338290
393	39300000	840360	805860	1436170	1503740	2023900	2083510	8340260	10999040	10805730	16143630
394	39400000	866820	806470	1467240	1454850	2075670	2005680	8408400	11107780	11205820	16729350
395	39500000	781730	989000	1391270	1459070	2086080	2032260	8678190	10990940	10743340	16248930
396	39600000	842180	925330	1537790	1399450	1886980	2150580	8519510	10835710	10919760	16114810
397	39700000	875350	819610	1433210	1505390	1835540	1964270	8363360	10895860	10988260	16206160
398	39800000	899520	782560	1588080	1397180	1989620	2014430	8776320	11030050	10903430	15634290
399	39900000	800930	947320	1407660	1493100	2036550	2003670	8238550	10974450	11081480	16121180
400	40000000	774240	908980	1436570	1394520	2053050	1998450	8568730	11009290	10517920	15293770
401	40100000	721130	969360	1560680	1551270	1882780	2085720	8099690	10517720	10846310	16020520
402	40200000	884390	728470	1387060	1286360	1910230	2211880	8272380	10345050	10778260	15532230
403	40300000	827720	927800	1422000	1517190	1966390	2036280	8648170	10867580	10572340	15529300
404	40400000	807590	688700	1504040	1528360	1819250	2028030	8370970	10712790	10862460	15975900
405	40500000	811230	743830	1351750	1481230	1972250	2079620	8488330	10779650	10637280	15054590
406	40600000	759520	973730	1283100	1513730	2009270	2133600	8549860	10797840	10721710	14858460
407	40700000	746890	807160	1435320	1342450	2045570	2159240	8321390	10391470	10759130	15331850
408	40800000	793130	735980	1414490	1496180	2008410	2029260	8217620	10443170	10477850	14735270
409	40900000	871930	771320	1473510	1483980	1791400	2072220	8114820	10259280	10881910	15380250
410	41000000	833800	831990	1460630	1487240	1938080	2006400	8117300	10228000	10460580	14922470
411	41100000	745400	772020	1493550	1265960	1883510	2053290	8044820	9778510	10617100	14632370
412	41200000	717320	836090	1520060	1353350	1925440	2023920	8297840	10458660	10365570	14667670
413	41300000	834000	905940	1424450	1482930	1863090	2009220	8148240	10279220	10542550	14638480
414	41400000	723680	744420	1179450	1387850	1978410	2118570	8134250	10173620	10600920	14743350
415	41500000	763900	803970	1436780	1411170	1972690	2062070	8183260	9995940	10233800	14375590
416	41600000	726190	777190	1486360	1625210	1929810	1949870	7936200	9621320	10391640	14563370
417	41700000	781560	760170	1434660	1300340	1893550	2027930	8180390	10095430	10210700	14179820
418	41800000	797560	750000	1301060	1415800	1900040	2002320	8189660	10086220	10233380	13873400
419	41900000	677140	901230	1443790	1362440	1734280	2081830	8167970	9732700	10369420	14107820
420	42000000	656310	993640	1331420	1356920	1928650	2122570	8060040	10299970	10371320	14344510
421	42100000	942480	871540	1242590	1417950	1972350	2112820	8251530	9990380	10053240	13913610
422	42200000	763160	783940	1489600	1494630	1935470	2037610	8064290	9952830	10725580	14078950
423	42300000	813000	736270	1442310	1429080	1841970	1894490	8175130	9946790	10375330	13844100
424	42400000	763150	773810	1338380	1297050	1853930	1861970	8064340	9543270	10233010	13633040
425	42500000	773470	845260	1417180	1442130	1827990	2005770	8134860	9717970	10254570	13735680
426	42600000	716080	807100	1263220	1571270	1889080	2056410	7566610	9773060	10140460	13935580
427	42700000	681670	851740	1437090	1460600	1966650	2024970	7673820	9627390	10317810	13659960
428	42800000	631290	800540	1351560	1431970	1950060	1942770	7653920	9475320	10289570	13595820
429	42900000	613570	675450	1259190	1261000	1729790	2007630	7970370	9737760	10000650	13373940
430	43000000	878700	957480	1417940	1348870	1824190	1945630	7875260	9767960	10106880	13430860
431	43100000	854100	947580	1369050	1366130	1785510	1866900	8062970	9657830	9903610	13171960
432	43200000	731020	659710	1428280	1348450	1808510	2046120	7933930	9611130	9571660	13349670
433	43300000	801290	887350	1252790	1482090	1929810	1975780	7897900	9420730	10232950	13474070
434	43400000	762720	791530	1483000	1314960	1750390	1884240	7804830	9413570	9825090	13356720
435	43500000	718490	616440	1358470	1454820	1771720	1926230	8024360	9720060	10023580	13083970
436	43600000	770830	660130	1353650	1286180	1757370	1894510	7792230	9411420	10174290	13068940
437	43700000	904290	611760	1283840	1372510	1778620	1885740	8468440	11081440	9747380	12904930
438	43800000	843660	870390	1428710	1370240	1879440	1842710	8058400	9315140	9796640	12721600
439	43900000	865650	667110	1330390	1332060	1796140	1747810	7801560	9258430	10305050	12739660
440	44000000	651850	737330	1175040	1349920	1719510	1817610	7746790	9368580	10063750	13214540
441	44100000	771710	702280	1358460	1351000	1909410	1796780	7612460	9145990	9835350	12972910
442	44200000	868010	728310	1229850	1391690	1729750	1979900	7659240	8888400	9698500	12927280
443	44300000	722370	753110	1242870	1393580	1679300	1778570	7775510	9280510	9801890	12475250
444	44400000	742800	760030	1289810	1422600	1970570	1824920	7509500	9106830	9835440	12690300
445	44500000	718710	811960	1319150	1451450	1936150	1960960	7644940	9327260	9884750	12444970
446	44600000	827120	823780	1276580	1319650	1719890	1925380	7878440	9188550	9879390	12694520
447	44700000	627250	692220	1338600	1405730	1870010	1849630	7568700	8812540	9822940	12555550
448	44800000	769240	749620	1397940	1437920	1703420	1818360	7851240	8839760	9666350	12478560
449	44900000	682590	636760	1357350	1265040	1775320	1808250	7580970	9000480	9682120	12527950
450	45000000	729730	790590	1284480	1287050	1776120	1866500	7611860	8905620	9805890	12507000
451	45100000	707910	717940	1263400	1392740	1808730	2021850	7424700	8823910	9708390	12259160
452	45200000	856720	770280	1314540	1293620	1946270	1831290	7566410	8793140	9617630	12134790
453	45300000	809980	672320	1136450	1332190	1863980	1923970	7308190	8786020	9382010	12069190
454	45400000	669710	673680	1289750	1199370	1916830	1895270	7392620	9101520	9703080	12287720
455	45500000	726210	777570	1292470	1360620	1680090	1867580	7484220	8969030	9544560	12279800
456	45600000	673330	764520	1278000	1358470	1814880	2041090	7356720	9032000	10110500	12280160
457	45700000	556840	785830	1378180	1457690	1923170	1771340	7347340	8565250	9235410	11962950
458	45800000	809490	781430	1335110	1393790	1727350	1874980	7475950	8841730	9405690	11998810
459	45900000	678380	766920	1186920	1387650	1766940	1901790	7143360	8936930	9567920	12128610
460	46000000	732330	869280	1323970	1355800	1732180	1692220	7326920	8842030	9544720	11723700
461	46100000	811260	735530	1203630	1413330	1747870	1712490	7602370	8722910	9582290	11960080
462	46200000	725810	598530	1221050	1264290	1758820	1786000	7293910	8475170	9263730	11942450
463	46300000	839890	716950	1188710	1267500	1692240	1754780	7123420	8826360	9292870	11716500
464	46400000	636450	805740	1365140	1309210	1757110	1906280	7509710	8520750	9459100	11556910
465	46500000	807340	644930	1228070	1428230	1658110	1754290	7203130	8534490	9532320	11656890
466	46600000	469830	735830	1257140	1206890	1678170	1794420	7491550	8847860	9480220	11618670
467	46700000	801070	729040	1097330	1220430	1618960	1876150	7543750	8834340	9786500	12058770
468	46800000	782160	775820	1289700	1353070	1734030	1751500	7179350	8572980	9134380	11897610
469	46900000	711730	651270	1094500	1213920	1732560	1671470	7709670	8530950	9208790	11537180
470	47000000	550000	708100	1240610	1194060	1789130	1753240	7196430	8501870	9343330	11250230
471	47100000	802680	700590	1393720	1338910	1794650	1781140	7235540	8658560	9273470	11630320
472	47200000	852540	701470	1351980	1243350	1620110	1705280	7332570	8257200	9119500	11558600
473	47300000	875890	674910	1303980	1354700	1535870	1743460	7437420	8428290	8995640	11221440
474	47400000	754020	772970	1212280	1292500	1749230	1667070	7414860	8381550	9294270	11128980
475	47500000	725050	723640	1297820	1188910	1744950	1718870	7074210	8134550	9432100	11405760
476	47600000	797010	625070	1228550	1419020	1845090	1807450	7096830	8472710	9158020	11261440
477	47700000	944510	730080	1327750	1250940	1781010	1734440	7461670	8387760	9034050	10864110
478	47800000	838610	678710	1105120	1354080	1749640	1756610	7495850	8452380	9334390	11037330
479	47900000	748890	813760	1279100	1307070	1708820	1670600	7002800	8219690	9214360	11358710
480	48000000	846960	677850	1130260	1180460	1714810	1643980	7159940	8039480	9073400	10904060
481	48100000	689990	632040	1256730	1288260	1782410	1707900	7147070	8481810	9169690	11607170
482	48200000	824900	660270	1266360	1236650	1689970	1822280	7169540	8170300	9246180	11259870
483	48300000	662250	651970	1133780	1161890	1720960	1804440	6726320	8394350	9182810	11185550
484	48400000	736790	743280	1207020	1310040	1692580	1694700	7251460	8285450	9039320	10886220
485	48500000	665430	859170	1366170	1263130	1707720	1719400	7220320	8169190	8756430	10915930
486	48600000	635880	657850	1312530	1209680	1695450	1687890	6950980	8091180	8932110	11004420
487	48700000	708810	692770	1203040	1224710	1804980	1618340	7016980	8196170	9061790	10879580
488	48800000	673000	774590	1248490	1285030	1613190	1772350	7048120	8205070	8962970	10988060
489	48900000	781320	552430	1147870	1107150	1616000	1769840	7353450	7925750	9059850	10806240
490	49000000	691170	688780	1190590	1296410	1669630	1710380	6977980	8115250	8841860	10714670
491	49100000	802030	577980	1213650	1221590	1623200	1593620	7165020	7999070	9197250	10935710
492	49200000	801760	820400	1153420	1213130	1743900	1749840	7240830	8394880	8678100	10837220
493	49300000	727910	901910	1170890	1228980	1676030	1780210	7034820	8097950	8737550	10901420
494	49400000	766130	708900	1229060	1318610	1665260	1747110	7129750	8033160	8855220	10671910
495	49500000	722130	709880	1235390	1205600	1700210	1612230	7029480	7991750	9005160	10544100
496	49600000	795930	713610	1330450	1223050	1689880	1777990	7049150	8089320	8469560	10741810
497	49700000	715390	698850	1149010	1181660	1656190	1677090	7086520	7767250	8812030	10602640
498	49800000	667610	673740	1215490	1173690	1578550	1703900	6989490	8124000	8946410	10818840
499	49900000	758760	740250	1186760	1317940	1628530	1774360	6652920	7617150	8687760	10530550
500	50000000	769960	720940	1074260	1295120	1601120	1691350	6953390	7907080	8873820	10121080
501	50100000	668240	730450	1346020	1280230	1710390	1735160	6858490	7886470	8786100	10764270
502	50200000	798540	770130	1133520	1174960	1647060	1716190	7107450	8146080	8622320	10451410
503	50300000	786800	755520	1145310	1362310	1607780	1587300	6744810	7491830	8870380	10556960
504	50400000	741660	666190	1275250	1194530	1666140	1835850	6735930	7553470	8822900	10260870
505	50500000	733910	661400	1228970	1286530	1765910	1653560	6919410	7470200	8723220	10242370
506	50600000	653230	720060	1156060	1198060	1608630	1754540	6945900	7623330	8744880	10715820
507	50700000	677110	581920	1108200	1295140	1618210	1587520	6647780	7590920	8986840	10935960
508	50800000	749010	605800	1273520	1129110	1456300	1616300	6562720	7609350	8936350	10351470
509	50900000	682080	716520	1136370	1105180	1658390	1695880	6636970	7662010	8602370	10327230
510	51000000	679110	581670	1115900	1263810	1625050	1668230	6671370	7504650	8304840	10006070
511	51100000	637920	719110	1280880	1301660	1433070	1636630	6605870	7627380	8545250	10278890
512	51200000	627070	745930	1208560	1307460	1636760	1551560	6623660	7695430	8437200	10148280
513	51300000	779670	794160	1164390	1207460	1590550	1630420	7036580	8080880	8545670	9896400
514	51400000	547850	839030	1108890	1080450	1613290	1669720	6271190	7240430	8679750	10171790
515	51500000	540720	710380	1219100	1257570	1625780	1664950	6672730	7639820	8484200	10061240
516	51600000	687040	692850	1171500	1176170	1754810	1630100	6446250	7512980	8466030	9797160
517	51700000	688120	535880	1122030	1192210	1619790	1639030	6613720	7507900	8524100	10082020
518	51800000	554040	640760	1231050	1135750	1637380	1694090	6743670	7565330	8530750	9948310
519	51900000	599400	879730	1171920	1244960	1566410	1731060	6495720	7571610	8710210	10057600
520	52000000	735190	627560	1133350	1335000	1582100	1642540	6730010	7567810	8489520	9685940
521	52100000	642510	619060	1223060	1223840	1661300	1630280	6986560	7382560	8357290	9991250
522	52200000	580260	627900	1152290	1177920	1545250	1582560	6699970	7626240	8472230	9805660
523	52300000	678770	658640	1114800	1125420	1584330	1624190	6652220	7418770	8197680	9798880
524	52400000	852420	620670	1092200	1067650	1550480	1506630	6288350	7175510	8369740	9985170
525	52500000	706090	703040	1160290	1324140	1505200	1471060	6591710	7363820	8413490	9825950
526	52600000	543710	695580	1222690	1197910	1524080	1643610	6699120	7416340	8080030	9989860
527	52700000	653920	715430	1168250	1377960	1644770	1666300	6469710	7254460	8354000	9498600
528	52800000	818170	747280	1030960	1092660	1485540	1678660	6749060	7273920	8490230	9808490
529	52900000	652670	804730	1150190	1133820	1490240	1630560	6433110	7380030	8125170	9680840
530	53000000	600810	665940	1100060	1165840	1459110	1720350	6786730	7425430	8254410	9663710
531	53100000	577870	499600	1102980	1205120	1653890	1564840	6481250	7191480	8217760	9639140
532	53200000	599290	798760	1194130	1168870	1649520	1674670	6432040	7205350	8296340	9646900
533	53300000	681620	702190	1108100	1283460	1623140	1617620	6579470	7325980	8414000	9709140
534	53400000	787760	720310	1247170	1256390	1554710	1540560	6524910	7268140	8217660	9725910
535	53500000	556140	660970	1073260	1059680	1482040	1563980	6762000	7293950	8227000	9507590
536	53600000	674390	736320	1181340	1062860	1654210	1575030	6090500	7304240	8142200	9815570
537	53700000	742060	668050	1083500	1198310	1626200	1654530	6376520	7412850	8348040	9823510
538	53800000	737060	578340	1107150	1126350	1620460	1651100	6555850	7655410	8219380	9328840
539	53900000	651000	695120	1124610	1137670	1481270	1772650	6563300	7300070	8138300	9559500
540	54000000	579330	624840	1146620	1060490	1600200	1591850	6243150	7151170	8063820	9149140
541	54100000	556010	721320	1111370	1177280	1443710	1593960	6415590	7337040	8283370	9713910
542	54200000	735070	593600	1126250	1108760	1490010	1593390	6260120	7367400	8046080	9625330
543	54300000	711940	537660	1163490	1131570	1495330	1498320	6388730	7169380	8088940	9387800
544	54400000	680450	605040	1119580	981500	1521560	1663260	6298170	7307320	8224220	9592180
545	54500000	686570	733450	1141590	1075940	1616310	1680160	6860420	7023490	8163300	9249860
546	54600000	735150	608950	1074320	1176450	1524890	1577980	6344270	7131540	8261520	9409690
547	54700000	733670	799110	1114900	1209480	1553390	1533380	6526690	7030880	8383150	9544860
548	54800000	668370	593600	1080060	1153210	1696250	1533550	6484820	7122490	7791080	9351790
549	54900000	644140	731920	1140450	1137860	1463450	1504470	6561310	7376140	7979610	9152220
550	55000000	641410	677730	1137950	1003610	1447130	1572970	6420020	6872020	7778340	9249120
551	55100000	540960	455370	1061380	1075960	1384440	1453320	6277140	7197570	8018600	9033840
552	55200000	595050	590600	1160120	1080560	1574830	1534840	6229470	7128090	7980590	9439720
553	55300000	570730	587580	1120260	1282240	1522450	1601390	6312910	6944430	8154600	9085050
554	55400000	615290	617200	1145640	1135920	1471250	1503410	6367820	7096070	7921200	9409970
555	55500000	600710	641870	1135520	1060080	1537300	1560480	6250780	6937280	7940680	9324940
556	55600000	663550	580250	1051970	1102740	1424810	1508170	6227930	7078930	7988880	9223830
557	55700000	634330	664530	1015710	1216660	1458710	1597360	6072470	7009740	7870580	9157180
558	55800000	659900	597480	931120	1239290	1411390	1537900	6475690	6846880	8020990	9209220
559	55900000	644950	591950	1109620	1059360	1488170	1402190	6145460	7051250	8104910	9023070
560	56000000	769950	664590	1197330	1135860	1603510	1475420	6337180	6786290	8091750	9032980
561	56100000	639690	558370	1146590	1239130	1506800	1355790	6296980	6753180	8006320	9163330
562	56200000	673170	764010	978050	1113130	1418930	1570340	5958860	6673550	7528570	9151030
563	56300000	709290	583480	962260	1089440	1460500	1644770	6276140	6827570	7921400	8696240
564	56400000	549850	667250	1169990	1196210	1522360	1475650	6355910	6618550	7946560	9196310
565	56500000	621750	632840	1113630	903980	1480680	1648090	6131740	6587810	7598750	8822150
566	56600000	786890	586400	1083990	1104580	1388250	1506500	6148870	6670180	7630350	9058570
567	56700000	695390	593290	1028940	1101810	1424240	1499020	6134150	6628730	7775230	8894480
568	56800000	676730	580820	1188220	1237870	1408320	1627370	6331980	7001620	7802720	8750550
569	56900000	573210	559130	916450	1007970	1540190	1534430	6184080	6998400	7789910	8745040
570	57000000	500950	530640	1068160	1088430	1400920	1424490	6316200	6975630	7632250	8692540
571	57100000	594010	594220	1155780	1021370	1580700	1420590	6299220	6487860	7840660	8868680
572	57200000	568550	746010	1174890	1075070	1487830	1564160	6299340	6685010	7599590	8903520
573	57300000	610310	631740	1138390	1112510	1573490	1331090	6258180	6821050	8031220	8824710
574	57400000	675830	702860	1028720	1042890	1433220	1360330	6219410	6914100	7749300	9094310
575	57500000	560910	756050	1153200	1102170	1493230	1494780	5816010	6390820	7663360	8800670
576	57600000	595000	604370	963600	1166160	1461540	1389120	6025880	6583530	7718280	8738300
577	57700000	595720	541620	1101080	1084340	1529430	1517750	6207590	6929030	7600270	8922350
578	57800000	623170	674680	1084090	1111980	1481020	1478070	5679880	6633590	7420610	8578510
579	57900000	574970	693390	1000260	1102730	1377070	1529870	6197980	6596410	7454550	8437840
580	58000000	713640	679190	980200	1005120	1348460	1526050	6232070	6524710	7508320	8803410
581	58100000	604520	700930	975420	984710	1375550	1540640	6114290	6783170	7905890	8750870
582	58200000	747940	629400	1040910	1025780	1463040	1473280	6207250	6759800	7794130	8632180
583	58300000	723040	493590	993760	1079650	1380290	1544100	6086750	6491260	7489480	8651620
584	58400000	588350	696780	1121560	1243970	1560220	1481210	5815340	6616150	7581260	9029630
585	58500000	512550	607980	1019290	1051360	1371300	1311740	6123730	6660360	7315840	8551560
586	58600000	672290	484680	1045610	943410	1613720	1446090	6087890	6691910	7726790	8323560
587	58700000	557160	600120	998070	1100580	1467020	1592240	5752100	6558630	7413510	8660260
588	58800000	555530	642420	1115640	1037410	1523080	1576070	5821010	6483230	7559380	8283080
589	58900000	617680	496050	1120620	1184460	1257430	1496980	5596580	6495920	7945480	8754470
590	59000000	624260	552180	984360	1016610	1393190	1585370	5754460	6673940	7294180	8733410
591	59100000	553310	552150	930730	1039380	1317560	1467390	6043320	6800460	7505860	8643220
592	59200000	403900	544150	1026390	1095320	1642120	1648360	6104830	6519280	7689540	8308250
593	59300000	644760	754660	995470	1072750	1401390	1370320	5866690	6246350	7541830	8285050
594	59400000	765820	523280	983250	916760	1486110	1449790	5724630	6261390	7460920	8757810
595	59500000	658600	681440	1051460	1006990	1472090	1493340	5700270	6006620	7578650	8430630
596	59600000	692620	590710	1004150	965740	1414870	1497190	5598560	6179010	7306130	8277660
597	59700000	591420	563590	1056390	1090910	1542490	1245510	5548880	6343210	7491490	8480360
598	59800000	722080	652840	958930	1110220	1539900	1424080	5746090	6233860	7517810	8394470
599	59900000	622110	713630	933860	881780	1396510	1394860	5838820	6523610	7276030	8518900
600	60000000	700550	712150	1000690	1195860	1404480	1514900	5857720	6472120	7378790	8301680
601	60100000	657630	575830	1189010	1048550	1466050	1484810	5924810	6440910	7501750	8258820
602	60200000	643840	744420	1040570	1152300	1374440	1328350	5758160	6097500	7694110	8629150
603	60300000	729060	711370	1113950	985730	1360420	1472890	5748900	6155100	7423720	8351990
604	60400000	535640	492320	1055530	1098150	1384960	1360270	5999260	6474890	7380940	8222480
605	60500000	504030	658850	1093620	1034130	1358440	1532120	5615230	6499120	7462590	8349170
606	60600000	627190	662530	1047570	936570	1441470	1410350	6087760	6277450	7534770	8270190
607	60700000	568910	701530	927050	1031010	1297550	1260480	5866250	6397680	7478120	8721620
608	60800000	523780	597900	1094580	1014210	1478430	1394460	5895260	6371610	7508440	8241210
609	60900000	587460	587350	1040600	950420	1377280	1405250	5891220	6264370	7264850	8353670
610	61000000	597850	602620	904000	1065030	1484890	1275520	5818550	6426500	7385500	8178990
611	61100000	616430	723540	1046580	1113400	1318140	1476590	5531900	6601800	7171930	8074390
612	61200000	583250	607760	1094690	1218110	1410660	1409280	5893990	6621880	7260990	8307320
613	61300000	596590	631200	987040	1232590	1388010	1600730	5799380	6243320	7284700	8091640
614	61400000	630330	560200	1021850	902990	1434090	1452460	5783330	6320250	7280220	8343610
615	61500000	500730	646590	1093560	1083840	1333410	1321840	5762200	6173030	7369790	8276870
616	61600000	704970	678860	1015530	1117750	1317800	1444760	5525450	6362960	7230520	8096980
617	61700000	542080	546330	940710	969860	1394720	1422720	5743830	6001440	7218880	8041950
618	61800000	532500	571120	1036300	1064340	1264020	1373900	5768180	6131260	7244970	8073410
619	61900000	477480	457270	904400	1021520	1396730	1488110	5471720	6207030	7438120	8151100
620	62000000	646450	508000	969260	1059390	1351980	1392790	5778440	6176290	7327580	8248270
621	62100000	466480	649040	1065830	1046490	1527700	1309060	5573770	6037180	7163740	8140770
622	62200000	397690	577420	928700	1025810	1373680	1290770	5794030	6170390	7276830	7982510
623	62300000	505350	628750	969940	1067220	1446230	1278780	5690650	6215330	7198090	8170580
624	62400000	595390	483680	1079520	1008360	1465540	1515720	5762920	6216970	7005250	7990880
625	62500000	503220	525050	981420	1079680	1384290	1356200	5386710	6040860	7395580	7842080
626	62600000	496000	569280	1128850	993380	1324060	1499270	5524420	6003190	7306590	8092820
627	62700000	691460	587580	878530	877710	1269540	1452630	5336960	5938460	7060260	8058580
628	62800000	519520	536450	1008700	951050	1383550	1365050	5571540	6153680	7035760	7737450
629	62900000	522910	614900	1083500	1114590	1318600	1473450	5433480	6049570	6935590	7767340
630	63000000	514720	645880	943290	1005600	1332480	1410990	5672980	6057850	7123170	7692580
631	63100000	588720	619640	890700	882540	1318960	1436520	5531600	5937980	6817100	8035890
632	63200000	490120	738000	917750	961420	1344690	1360730	5509510	5972980	7296680	8187600
633	63300000	591920	750200	933870	970620	1343100	1440810	5873870	5916010	7131040	7809680
634	63400000	451590	497240	1023270	1042850	1269260	1430270	5393300	5768230	7343940	8070660
635	63500000	588350	547860	952440	942830	1410620	1244370	5869970	6321750	7063580	7824660
636	63600000	723000	422480	914410	874200	1493310	1364980	5278980	5850660	7430520	7719520
637	63700000	589970	592190	942050	1090240	1303700	1335820	5228680	6037870	7211300	7698910
638	63800000	559600	577510	1032810	883340	1224100	1406880	5711330	6042500	7238180	8133140
639	63900000	444550	618990	1167270	1110340	1318030	1385920	5307840	6349480	7097460	7855430
640	64000000	689270	735410	918270	898710	1456400	1275410	5662810	5865350	7119210	7890560
641	64100000	553790	514300	901020	933270	1434420	1412640	5350180	5825750	7073660	7482410
642	64200000	577830	570100	998280	923850	1416050	1434910	5454200	5971110	6677270	7393460
643	64300000	401160	549720	867770	1026570	1190620	1403140	5638650	6088080	7103940	7542070
644	64400000	567050	529070	906750	901820	1341250	1389540	5432880	6057380	6824170	7766240
645	64500000	517180	508620	940330	948880	1166370	1257860	5390650	6097680	6892590	7608010
646	64600000	578010	532260	987110	1022330	1324360	1381410	5465320	5749150	6877180	7758300
647	64700000	558250	671090	954380	1002910	1331420	1446850	5397420	6008660	6759840	7622380
648	64800000	705520	474610	890050	924360	1386100	1607550	5477510	6003450	6607160	7608150
649	64900000	500580	603510	1024890	971710	1362760	1449630	5360520	5714160	6843330	7747310
650	65000000	531250	620310	1114100	1036180	1317600	1386650	5710720	6062000	6911490	7868420
651	65100000	570200	586720	959840	985990	1385670	1303160	5395570	6046300	6683950	7738730
652	65200000	610470	437930	1006910	955800	1354020	1338920	5757930	5972380	7212860	7648270
653	65300000	462230	440690	872160	1021690	1325720	1407180	5354690	5651930	7103800	7613370
654	65400000	529020	454200	905830	1016330	1438160	1422770	5370360	5787010	6836620	7638130
655	65500000	634680	453220	806800	991120	1277380	1377060	5186790	5706280	6811520	7360040
656	65600000	537040	692300	932620	955270	1234410	1332380	5733920	6000280	6985600	7666830
657	65700000	524490	432040	860740	962340	1276750	1326980	5705590	5962860	6795280	7561340
658	65800000	509150	546420	933810	829610	1391790	1440040	5459090	5796510	6926460	7862020
659	65900000	643690	559890	958650	814760	1271750	1300630	5406090	5940400	6741160	7566280
660	66000000	447240	631950	1104120	1059750	1230150	1328080	5367560	5834030	6667280	7438080
661	66100000	529760	466450	1008800	959400	1395890	1418180	5500570	5932650	6949420	7721110
662	66200000	594960	458720	909810	835590	1288540	1276550	5381050	5481360	6821970	7192130
663	66300000	593980	542250	1084570	953330	1302550	1184530	5530300	5722700	6649270	7826170
664	66400000	614360	760490	937540	858740	1352050	1353580	5379450	5661370	6446250	7385970
665	66500000	462470	665350	844290	1109750	1330300	1399240	5380350	5781490	6688380	7488860
666	66600000	512530	491430	869870	1008350	1309940	1384540	5368690	5494120	7087120	7336640
667	66700000	529440	519360	932650	1048230	1259500	1333810	5347090	5796560	6504850	7099460
668	66800000	604730	564340	864700	1015520	1333730	1082310	5324250	5676400	6707550	7416810
669	66900000	518180	703680	1022630	884320	1391050	1155210	5237560	5915620	6755410	7516070
670	67000000	598520	476110	869370	1046380	1221670	1237060	5128820	5802380	6571990	7403340
671	67100000	410800	489140	912960	915680	1369450	1182250	5419680	5426380	6545540	7355230
672	67200000	594570	565120	919410	999880	1167100	1202930	5418280	5703880	6591540	7337010
673	67300000	555580	492710	1103730	884290	1324660	1350630	5533590	5770490	6796800	7602920
674	67400000	533670	551250	826850	967490	1264890	1356300	5351760	5694470	6390920	7004390
675	67500000	622520	476910	981880	924240	1300480	1389180	5545260	5626150	6990340	7317230
676	67600000	494620	472890	854400	902240	1454910	1360340	5109390	5591060	6549250	7337270
677	67700000	561700	624990	1149940	984060	1284690	1262770	5360520	5824360	6351830	7251490
678	67800000	485230	432130	935870	967430	1360470	1388350	5185820	5833340	6781300	7457110
679	67900000	487190	578640	1003690	834370	1151240	1254150	5145530	5555850	6598870	7433120
680	68000000	588660	526020	838890	944870	1349060	1316280	5228460	5290550	6892750	7410130
681	68100000	563910	693000	1035850	991010	1289880	1327240	4770720	5751430	6455180	7102710
682	68200000	574200	432550	798450	893600	1269830	1438080	5212820	5734510	6789970	7429870
683	68300000	570560	535030	825380	1063940	1341170	1451740	5105220	5720040	6651390	7390990
684	68400000	429460	616780	867130	922270	1356240	1258770	5182870	5846250	6849300	7396380
685	68500000	550430	524330	819240	873310	1422390	1278330	5133330	5747230	6761510	7080690
686	68600000	557880	537360	891260	985390	1251070	1243950	5148170	5675730	6762780	7198740
687	68700000	406470	562810	903050	1006270	1230180	1229920	5164380	5686820	6622290	7284150
688	68800000	460410	546200	825350	804560	1358470	1329040	5264210	5665650	6806720	7470540
689	68900000	552800	416200	937180	984020	1201180	1274610	5101230	5449450	6604510	7100500
690	69000000	623120	722020	1050260	887910	1270260	1311740	4695180	5565310	6683540	7360410
691	69100000	439870	554040	1113220	890420	1363860	1249360	5094470	5588680	6324140	7263220
692	69200000	562590	607110	992330	983160	1334870	1272080	5273070	5540950	6322730	7219260
693	69300000	518370	628780	912960	844210	1440800	1257540	5416190	5709320	6697560	7025010
694	69400000	714580	502180	925150	914270	1343510	1284300	5193990	5550720	6353560	7047910
695	69500000	572980	548560	901090	1034470	1375390	1201690	5062600	5839100	6886050	7289360
696	69600000	592680	608800	946040	898370	1280260	1338070	5034460	5290480	6766250	7094810
697	69700000	492000	419100	990900	936260	1167540	1273930	5135020	5576550	6582900	7033000
698	69800000	565350	543780	851550	915000	1313120	1291390	5170700	5548870	6130520	7236050
699	69900000	403430	377600	752640	925040	1345720	1373640	5122320	5344330	6441400	6921920
700	70000000	583750	534510	1006230	970010	1318870	1332940	5196870	5579000	6315130	7084120
701	70100000	525760	580460	865210	908260	1238630	1146680	5128180	5368530	6579810	7261320
702	70200000	584840	642650	927590	926740	1298090	1305790	5025860	5658120	6656190	6890000
703	70300000	470250	657220	876700	810990	1267120	1285920	4985030	5641540	6602130	6925870
704	70400000	515430	492840	839230	931290	1142100	1266320	5177180	5525600	6594600	6808910
705	70500000	492870	563410	799510	887360	1217100	1213800	5278860	5770260	6634150	7184450
706	70600000	410260	658330	905660	923710	1258190	1288410	5145130	5248780	6575970	6798720
707	70700000	374940	471180	1075190	832570	1282970	1307870	4860500	5327350	6431690	7023570
708	70800000	581460	567830	988180	973120	1332120	1176300	5101490	5431080	6165640	6959600
709	70900000	578330	473630	952290	979040	1238180	1340460	5278250	5357520	6421060	7175820
710	71000000	552510	475790	880050	1000520	1205770	1185520	5039630	5209290	6419560	6820990
711	71100000	506890	483300	990340	910540	1389690	1386290	5128170	5263600	6406110	7061600
712	71200000	603750	537570	855880	1045080	1175270	1305240	5052610	5642490	6662790	7142730
713	71300000	483500	570390	920970	850520	1267590	1259550	5328590	5402700	6538540	6715730
714	71400000	376600	618070	855320	879270	1199560	1238990	5067320	5457000	6359450	6857980
715	71500000	564090	430310	868510	866010	1300370	1220750	5124380	5513840	6275530	6843780
716	71600000	491830	406790	879400	885750	1349990	1230830	5167100	5172080	6283380	6637630
717	71700000	437620	576580	829250	876070	1093860	1378670	4804910	5265910	6164510	6884380
718	71800000	469320	525290	954760	968940	1087380	1103920	5077940	5022300	6292640	7045540
719	71900000	551890	525960	1032840	837650	1189450	1174720	5001990	5300240	6538380	6639930
720	72000000	592720	498400	868760	909420	1219250	1230400	4989350	5291450	6342450	7066640
721	72100000	512750	619240	883370	879370	1211790	1192580	4857470	5353860	6537480	7100540
722	72200000	416810	352950	886070	969360	1238950	1364150	5044310	5124220	6136900	6896030
723	72300000	584060	565290	941330	822430	1342860	1203310	5111730	5013400	6501370	7089760
724	72400000	497080	522480	974950	958570	1226010	1178250	4943300	5474640	6332480	6659550
725	72500000	430320	455170	866080	860870	1178960	1294570	5011150	5106580	6635200	7058260
726	72600000	406120	450600	963100	826610	1173070	1234980	5065580	5051320	6169510	6920950
727	72700000	481880	577790	1086640	960850	1158510	1258050	4895290	5563230	6565800	6715190
728	72800000	392300	399480	1020690	841150	1225460	1238560	4910410	5241710	6219680	6995760
729	72900000	393560	561940	983870	804190	1253000	1251030	4966500	5497670	6096100	7080150
730	73000000	588320	557140	839950	999180	1312690	1223410	5054260	5374920	6396070	6700180
731	73100000	517420	483060	936060	857640	1170090	1228450	5010230	5260010	6486530	6790730
732	73200000	447820	399030	850580	980390	1291660	1307200	4953150	5133570	6362090	7164670
733	73300000	573590	579490	919360	773060	1140260	1267950	4943760	5320620	6032310	6534470
734	73400000	616060	631870	901090	810030	1178790	1198540	4839120	5268380	6376040	6838520
735	73500000	571230	587360	1042360	756980	1295500	1116440	4841810	5106660	6240340	7096210
736	73600000	605360	495230	938760	911710	1114650	1194320	4854650	5259230	6231510	6735350
737	73700000	559720	486070	991010	751500	1191760	1307340	5107940	5173240	6311950	6915990
738	73800000	607290	609230	830090	909850	1307790	1138640	4862110	5169070	6309100	6649560
739	73900000	481560	411940	864010	883120	1213860	1307940	4901570	5146790	6209990	6710420
740	74000000	496880	538650	787510	979690	1210340	1124080	4756830	5219670	6114380	6726100
741	74100000	473590	529200	929960	919680	1191420	1376690	4975610	5025120	6046440	6782680
742	74200000	500720	630790	929330	956580	1034960	1104930	4673630	5045560	6383750	6731780
743	74300000	648210	403270	827180	841960	1283190	1195990	4635050	5251960	6351600	6537840
744	74400000	519880	600440	896060	911990	1145770	1275450	4870100	5107760	6213380	6537140
745	74500000	401720	524620	880760	943640	1033990	1189730	4951200	5343160	6195940	6566730
746	74600000	463460	573450	925150	996140	1326950	1224850	5035930	5275850	6250660	6495570
747	74700000	515560	510880	994950	816980	1060480	1277070	4907740	5203790	6459310	6727800
748	74800000	357970	476580	921960	830930	1162140	1232050	4868130	4936620	6414450	6699750
749	74900000	410350	614940	964890	934590	1299960	1106370	4665220	5013280	6159170	6653030
750	75000000	390390	547890	768780	836690	1166800	1264480	4816270	4999720	6061350	6601650
751	75100000	415620	568030	769320	915200	1232700	1219830	4762440	5161000	5939230	6494650
752	75200000	446280	396120	864590	949980	1228550	1163700	5042810	4948280	5920570	6723420
753	75300000	596820	420630	849340	879030	1168790	1241390	4851790	5503960	6072210	6568000
754	75400000	406750	447670	894170	775270	1156100	1213520	5110530	4950790	6025680	6684880
755	75500000	525040	478460	844590	879480	1184030	1261740	4756630	5115500	6089920	6524750
756	75600000	550510	510280	908220	844890	1127520	1217290	4821640	5355070	5973790	6229690
757	75700000	546630	621350	963730	847640	1280970	1071510	4716540	4921170	6478450	6514330
758	75800000	546710	536760	850000	765570	1161750	1217150	4797500	4947920	5941980	6391510
759	75900000	494840	495560	986860	886480	1115170	1254260	4891940	5192050	5949110	6349020
760	76000000	499420	488170	810930	745460	1039800	1137570	4954750	5293970	5777200	6547430
761	76100000	424850	459540	919260	774340	1290410	1228950	5064120	5312410	6103390	6756660
762	76200000	562060	490450	856890	897440	1203610	1178400	4946350	5089220	6124030	6570370
763	76300000	499720	609340	806720	820010	1160680	1148250	4696340	4929770	5983820	6413550
764	76400000	526300	521130	903020	735060	1152690	1034500	4759200	5161700	6127550	6440520
765	76500000	458330	506720	791360	832790	1206350	1073020	4671630	5073360	5695220	6491710
766	76600000	529130	514900	860300	954440	1126640	1081090	4820180	4857370	5946090	6451870
767	76700000	481030	514290	945160	766940	1170070	1172180	4712790	4929580	5909410	6236320
768	76800000	458600	692140	997640	764120	1201290	1205220	4771340	5125420	6270420	6630170
769	76900000	578750	503890	870220	1012530	956420	1231810	4895170	5191840	5926340	6661330
770	77000000	531140	447850	894560	928650	1284190	1184080	4716630	4981890	6005370	6194420
771	77100000	580960	341780	802240	894140	1151940	1256290	4405940	5269090	6077120	6406120
772	77200000	505050	606640	891770	758850	1123790	1059110	4873110	4944760	6179530	6387750
773	77300000	473640	520330	810220	735390	1069650	1275630	4569640	5040570	6027850	6268020
774	77400000	322210	534040	811370	856080	1060000	1304010	4634730	4982670	6121620	6493830
775	77500000	512200	398720	867180	693310	1125980	1172110	4636680	5108170	6114120	6317840
776	77600000	549280	590070	841880	857050	1161680	1203520	4763210	4972470	6013120	6211130
777	77700000	505870	441350	840870	853240	1193190	1280160	4896110	4859080	6050140	6350300
778	77800000	419170	670930	834620	843330	1252210	1219360	4942810	4724700	5467300	6387970
779	77900000	502760	367050	814650	775820	1172230	1146030	4698810	4912510	5999950	6213570
780	78000000	429580	400020	915310	899630	1068240	1125290	4920930	4714820	5944690	6300390
781	78100000	474460	416450	903800	837600	1129200	1139160	4801360	4733480	5947300	6490680
782	78200000	405710	557260	909560	869550	1091530	1233750	4489720	4920490	5812550	6368420
783	78300000	543620	646660	759280	912690	1141230	1173880	4567350	4803130	5855940	6130560
784	78400000	454620	357270	863940	670520	1112200	1147810	4683560	4875730	6254110	6138690
785	78500000	404700	530620	786700	782790	1146610	1142200	4775060	4765620	5920450	6469290
786	78600000	321600	646540	869120	938940	1060710	1189540	4381970	4842670	6020320	6141190
787	78700000	451280	490930	932120	755880	1139600	1257110	4526870	4827940	5987090	6465970
788	78800000	499510	416590	725020	756310	1107940	1102520	4652480	4862600	5873520	6257690
789	78900000	383410	451040	973240	848940	1090850	1158620	4793970	4698470	6249630	6428470
790	79000000	438500	584850	863390	671780	1118470	1262830	4217010	4551790	5788720	6319430
791	79100000	467890	321770	820260	807510	1048850	1074590	4501690	4887920	5941670	6234080
792	79200000	527970	299680	870320	945500	1094770	1168960	4460610	4812880	5703290	6409640
793	79300000	524090	562270	842020	966300	1154630	1137280	4842990	5083170	5973080	6347210
794	79400000	486310	621420	698500	823470	1252260	1223170	4725990	4740560	5894240	6213780
795	79500000	471810	494900	792030	710440	1036500	1213300	4401130	4875680	5753520	6245190
796	79600000	495180	517240	792000	894260	1142120	1033330	4855400	4741480	6284540	6279970
797	79700000	489740	453700	867550	809050	1089720	1217640	4813390	4724680	5848060	6345520
798	79800000	525850	326250	853570	758970	1170880	1067170	4542100	4819930	5612330	6149210
799	79900000	460380	419940	762110	751120	1055120	1127450	4752060	4800580	5825030	5964470
800	80000000	396980	540620	853440	926800	1090430	1136120	4863350	4800950	5634410	6001620
801	80100000	474670	536320	719810	818720	1095590	1202240	4866560	4961180	5718550	6122970
802	80200000	412390	450280	776070	800100	1070430	1128390	4569500	5052660	5888470	6657670
803	80300000	465200	450400	802320	825510	1087680	1189740	4472870	4564980	5760530	6422190
804	80400000	442210	458640	750390	674530	1112230	1057030	4504490	4723830	5726030	6216880
805	80500000	550620	522800	793770	821820	1257740	1162900	5103820	4799650	5956190	6269270
806	80600000	491860	524420	837960	757020	1206370	1204280	4464050	4640880	5725040	6180130
807	80700000	552480	491220	796590	739600	1079180	1121570	4469480	4615830	5661790	5944670
808	80800000	444760	457180	801650	821810	1169830	1230470	4800010	4834050	5712690	6231330
809	80900000	411770	337430	974190	912700	1049040	1179110	4457610	5033800	5991380	6346890
810	81000000	432640	592370	926290	829460	1032620	997920	4647970	4864000	5998410	6142090
811	81100000	321690	588560	908140	778460	1130300	1243800	4384410	4729310	5849540	6225790
812	81200000	468750	478750	860330	919160	1056120	1048390	4820670	4790520	5903130	6110490
813	81300000	439750	398370	736420	875160	1215950	1110470	4597900	4691600	5614850	6163880
814	81400000	498930	495410	824430	755170	1142940	1159740	4272450	4804540	5675950	5888560
815	81500000	459880	438650	852310	906710	1026460	1256410	4671690	4900920	5681880	5949780
816	81600000	377590	492280	699510	794430	1177000	1236590	4549220	4695070	5411260	6383490
817	81700000	496730	503930	851090	846010	1072320	1180620	4101040	4615430	5580900	5734940
818	81800000	550540	399320	908400	711670	1016630	1114300	4587720	4959120	5796500	6216980
819	81900000	516550	410360	678640	900840	1043070	1148440	4427640	4807420	5806100	5755490
820	82000000	433340	521130	830120	777970	1069650	1248470	4772540	5040790	5734840	5939050
821	82100000	459810	482310	767850	740420	1078200	1060530	4599850	4677030	5643090	6418900
822	82200000	299820	431970	776260	740720	1217340	1194950	4543910	4886650	5579430	6089870
823	82300000	492780	512360	713500	719230	1039610	1121050	4524050	4626830	5865350	6120010
824	82400000	434870	500680	710270	778070	1165940	1178810	4320520	4991110	5527490	5856450
825	82500000	517660	513570	942410	712770	1196580	1142050	4457270	4451790	5508090	5843490
826	82600000	561290	407610	827280	716610	999970	1042090	4288800	4481630	5842090	6011300
827	82700000	489290	511710	742110	866570	914930	1029850	4221750	4632390	5723990	5852830
828	82800000	439460	345880	788610	857850	1043200	1179000	4201920	4709480	5786210	5983900
829	82900000	408140	486220	797230	828770	1026670	1253990	4400750	4488930	5619670	6080320
830	83000000	470930	520630	713000	743250	1046490	1127430	4736000	4917940	5736880	5981420
831	83100000	367100	505160	717750	843200	994650	1130480	4633640	4647210	5695610	5942160
832	83200000	357480	472590	785700	891880	1073850	1134670	4461320	4804860	5492050	5788900
833	83300000	461980	491390	812380	781470	1134800	1128620	4760650	4603470	5518380	5856690
834	83400000	495180	601370	913190	763110	1089180	1020010	4565100	4550180	5894600	5891050
835	83500000	358950	502770	740430	821960	1002980	1179140	4308060	4893300	5223770	5678120
836	83600000	530460	489770	933560	679360	1105200	1250720	4159000	4440390	5710400	5916000
837	83700000	481780	484370	815070	800860	1125530	1070560	6040840	5246240	5470990	5656840
838	83800000	596560	469990	823060	723130	1054920	1151690	4342390	4804080	5262860	5986990
839	83900000	602120	555580	938130	777210	1220270	1122160	4281930	4617330	5629230	5695150
840	84000000	352450	326010	688980	809940	1075770	1117650	4371660	4512510	5722930	5907920
841	84100000	517660	504160	813250	902470	928120	1042570	4204600	4588150	5974220	6202100
842	84200000	604610	481080	774510	799110	1169370	1010620	4373050	4853930	5470070	5964140
843	84300000	537390	556880	769180	721670	1077630	1050670	4338980	4549710	5492540	5975570
844	84400000	306760	441170	741440	828890	1118340	1152900	4448720	4597710	5629880	5973030
845	84500000	374270	334370	796750	750140	1057400	1138410	4408880	4704970	5666630	5798460
846	84600000	439750	580770	978550	849580	1062000	1053110	4307670	4525770	5676910	5738000
847	84700000	464200	533810	732520	830640	1113760	1146030	4417380	4772400	5627840	6045230
848	84800000	436720	512140	840640	731660	1282050	1001410	4509270	4569090	5443780	5803220
849	84900000	395760	483100	876590	959390	1080650	1117390	4356980	4399110	5700020	6081190
850	85000000	626100	443750	662800	871060	1014170	1073010	4431740	4612250	5467440	5870790
851	85100000	519000	565350	852130	781090	1027200	1059360	4199500	4512590	5863330	5797300
852	85200000	415590	415270	885490	724790	1179520	1105630	4504880	4578410	5366100	5887310
853	85300000	443980	545360	814730	792540	1165120	1081480	4368370	4518950	5490270	5667760
854	85400000	454740	533860	799200	875170	996190	1028280	4412070	4809560	5326900	5693230
855	85500000	627470	308750	766130	767850	1012720	1138670	4450670	4407460	5545860	5853320
856	85600000	384690	483000	769040	884060	1164320	1037280	4036150	4506060	5566500	5843450
857	85700000	455100	421310	739190	824260	1051530	1161260	4603180	4536610	5520430	5751670
858	85800000	457300	514230	790020	741570	1079070	1112860	4416670	4358290	5375720	5881740
859	85900000	529660	521920	865700	702850	995980	1140260	4451040	4433540	5623120	5705380
860	86000000	381110	516840	668150	812420	1093960	1211940	4274630	4586060	5630720	5755300
861	86100000	347020	451720	692290	733900	1126500	1126880	4350600	4428340	5454030	5690700
862	86200000	461170	439190	844360	752860	1014540	1189180	4283230	4467770	5317610	5890120
863	86300000	439310	416300	914870	739650	930530	1087870	4317910	4250880	5260970	5941920
864	86400000	436160	340090	845910	837810	1007770	1120980	4418460	4246350	5410200	5742340
865	86500000	404980	450660	865990	833660	1006350	1029400	4129360	4299820	5467870	5865820
866	86600000	431710	500420	709650	925190	1071370	1029190	4180620	4522090	5520140	5768040
867	86700000	461450	439010	849600	790010	997260	1028750	4327810	4594700	5708010	6002260
868	86800000	508550	350190	791620	733980	1125230	1136790	4289160	4322010	5177270	5687240
869	86900000	489990	326490	728740	755630	1060900	1169630	4417820	4203840	5474370	5705690
870	87000000	520620	389310	747960	889590	1185970	1065880	4172180	4623610	5575190	5659520
871	87100000	362170	480850	852040	885590	859070	1034030	4143770	4437780	5588940	5645430
872	87200000	440820	424500	663840	572350	990720	1020510	4290840	4472540	5346860	5871200
873	87300000	442910	372600	765150	919230	952660	1105020	4479080	4650300	5331870	5502070
874	87400000	432930	521460	738260	722040	1066380	1179950	4207670	4402590	5289420	5615280
875	87500000	484440	505450	824990	610280	1244940	1064540	4239110	4494680	5200420	5453780
876	87600000	469890	393210	755000	816150	977610	1050300	4262430	4628100	5544450	5846990
877	87700000	432970	420170	664350	756660	1078230	1098540	4224050	4540710	5768000	5895870
878	87800000	360900	471200	745170	849230	983200	960660	4325370	4660580	5141890	5597990
879	87900000	388180	468740	690160	716890	967830	840800	4269220	4478240	5587020	5794170
880	88000000	447990	322720	775180	774950	989120	1065630	4180020	4367100	5603460	5775390
881	88100000	417730	461450	649450	693180	1048700	998030	4053950	4389380	5442660	5615940
882	88200000	427390	503250	692190	654910	1006530	1125060	4136630	4343580	5522160	5522760
883	88300000	492820	497440	931570	792330	1143660	1122330	4081120	4160430	5258240	5486320
884	88400000	424880	433530	793490	669410	1051110	1104200	4208800	4278620	5277730	5468000
885	88500000	384410	472350	655180	790000	1061850	1037270	4358060	4274600	5398310	5541910
886	88600000	285360	429950	705350	892910	1022160	963520	4520850	4351100	5550840	5539880
887	88700000	556590	452820	772220	743980	984920	1028060	4360800	4265260	5393440	5727460
888	88800000	358520	522380	752080	756930	1218780	1056750	4291800	4429150	5380140	5920690
889	88900000	383410	346470	871780	754530	1055870	1024480	4065270	4463410	5341420	5591140
890	89000000	471390	446140	727250	689710	1014570	1130580	3968330	4454390	5504280	5476380
891	89100000	498020	476720	777760	726710	1136240	985960	4031150	4428230	5263190	5716410
892	89200000	545450	404190	664360	958070	1089640	988800	4146190	4414180	5223400	5774090
893	89300000	458440	418330	736690	757390	983880	931560	4056950	4641920	5273610	5618450
894	89400000	455520	450460	750630	727610	915920	1003990	4373010	4286710	5290970	5753830
895	89500000	486830	373630	773330	822280	1127540	1070430	4381710	4349180	5530310	5228080
896	89600000	520870	497380	941440	817060	1188680	1041400	4171680	4411220	5362960	5540660
897	89700000	588730	485250	624010	765320	1062460	984390	4344430	4718220	5174320	5923870
898	89800000	233770	510830	826000	846030	1146720	1037080	3962530	4320490	5059940	5361960
899	89900000	471840	499010	661600	822410	1099580	1022460	3892600	5156000	5072710	5399180
900	90000000	279430	425980	804150	627470	900130	920790	4181570	4307730	5274260	5543990
901	90100000	462880	656030	768470	685610	904060	1227330	4036060	4332110	5150150	5525990
902	90200000	416590	546630	707950	731210	1031130	1016930	4200780	4214740	5136170	5543970
903	90300000	536360	408250	605210	735730	1140670	1126910	4266650	4314000	5216460	5574870
904	90400000	427410	309740	788000	692120	1016030	954280	4263430	4410150	5291140	5218270
905	90500000	386720	459030	760860	680450	1151430	942910	4110070	4093590	5216580	5543100
906	90600000	511220	495360	697480	796410	1110810	1101000	4013700	4302160	5564410	5358650
907	90700000	392890	375410	665750	735440	999360	1067450	4207590	4219690	5226520	5577000
908	90800000	398370	365520	685080	741870	982870	1029360	4226080	4365790	5115390	5373510
909	90900000	495980	461990	808830	707750	989080	943030	4140670	4208200	5407160	5092100
910	91000000	238120	595310	661890	786060	1095370	1105020	4148120	4217400	5117210	5435170
911	91100000	330200	428080	647730	696140	1195320	1045620	4142410	4341900	5027470	5523180
912	91200000	411710	346880	678750	751180	1016860	928250	4155340	4313900	4914560	5636160
913	91300000	553650	454160	845570	751320	1054660	1069490	4339980	4113430	5120360	5496210
914	91400000	378800	319110	769950	716240	1082880	1038480	4185520	3989750	5600900	5394150
915	91500000	505390	532040	687350	771140	1108660	1003100	3802010	3968480	5300510	5659010
916	91600000	498590	527980	739800	718070	1097890	1079680	4309230	4442710	5231350	5713800
917	91700000	455620	562300	780400	751220	1029910	1094030	3891180	4303660	5432140	5428010
918	91800000	511320	400220	723900	644040	1181250	998590	4085400	4140700	5288730	5452580
919	91900000	279760	210390	708300	654010	1057440	898180	4161950	4129890	5198940	5235940
920	92000000	369010	552440	819480	698180	963450	1155550	4022240	4191460	5292440	5233220
921	92100000	376790	456580	694240	666850	931280	929410	4115240	4227990	5106060	5801610
922	92200000	406950	297060	758580	657780	864510	1016210	3911710	4114520	5116010	5359430
923	92300000	313990	424060	797340	839670	1066450	1011390	4334070	4262970	5194970	5223040
924	92400000	358080	342430	712240	586270	901660	953730	4177380	4245550	5284400	5234420
925	92500000	502550	411690	848470	826170	1032110	1025010	4204130	4270810	5058120	5348520
926	92600000	583650	358360	731390	735930	829230	941830	4220230	4470400	5052950	5400310
927	92700000	292780	333460	845160	788610	1012650	882820	4114330	4063940	5089570	5346440
928	92800000	541970	496330	760970	641520	1075240	1051720	3663280	4177790	5324320	5212810
929	92900000	527860	293830	754040	713730	1088180	952400	4174100	4164650	5032330	5374750
930	93000000	426740	321500	737150	600610	1170500	944040	4178560	4065640	5311050	5492050
931	93100000	322210	374570	753330	941380	1097650	1025920	4239540	4170630	5249370	5324000
932	93200000	407840	425580	709200	629780	999820	1036950	4293660	4211460	5189800	5471660
933	93300000	457960	251820	770900	756230	1053810	1052840	3787880	4246030	5128390	5651340
934	93400000	385340	329570	816400	759770	880590	1106510	4060630	4221630	5062580	5342890
935	93500000	358240	385890	788640	631320	952760	1011330	3965930	4165100	5108290	5289310
936	93600000	399270	423810	703830	671950	916560	916420	4219180	3787580	4962000	5360530
937	93700000	428520	292950	742090	736630	999290	1088550	4007450	4172090	5212850	5392570
938	93800000	436640	442000	679520	780470	1026720	1181750	3924720	4197150	5034300	5267060
939	93900000	398870	396020	801170	870810	923030	980490	3753820	4098930	5349010	5096790
940	94000000	464220	584610	761320	792970	977200	904440	3942240	3950510	5073360	5247940
941	94100000	507260	356190	699250	692760	1031900	995210	4281250	4123770	5082010	5217480
942	94200000	450360	448500	744880	906020	954510	1109290	4179120	4125640	5107440	5264010
943	94300000	396110	368030	793050	636660	859640	944580	4217790	4179580	4901690	5442170
944	94400000	454680	524640	714380	714010	947600	985810	4197670	4092430	5016780	5150370
945	94500000	520160	467810	807290	769830	933290	1024660	4207370	4020070	5005610	5191370
946	94600000	349910	279560	746460	753450	1061440	1044910	4178850	4449780	4890980	5596380
947	94700000	307710	319100	718360	616700	1021530	1062320	3958600	4141590	5059050	5337530
948	94800000	365960	438940	744480	602100	1103340	948730	3975820	4190820	4824240	5178660
949	94900000	362470	451430	685520	649850	962210	987690	3733460	3902740	4878110	5174350
950	95000000	514500	403830	680470	660410	1064560	1035520	3928690	4289060	5252900	4963250
951	95100000	373240	454900	661220	589190	1067570	879780	4073170	4286270	5009670	5189660
952	95200000	275910	448350	675120	660850	1120910	1022650	4142790	4227300	5073350	5117620
953	95300000	435950	470830	794030	863130	1010910	921630	4055430	4090580	5112450	5266540
954	95400000	493130	576050	684870	738250	1092520	1007820	3911150	4149720	5041740	5166010
955	95500000	349590	586860	909450	769110	972580	1131950	4091790	4058670	5004670	5447940
956	95600000	444390	391500	669610	674630	939320	972270	3834120	4039380	5128460	5039300
957	95700000	491890	554680	628570	837320	967100	1002000	3826380	3985440	4972830	5207560
958	95800000	409210	393140	620160	742100	871920	945660	4121030	4099200	5106970	5370640
959	95900000	378210	498460	853870	739290	929770	1000340	3944000	4214840	5018460	5199720
960	96000000	449210	284330	638270	668360	1038370	985880	3883180	4313020	4773150	5170200
961	96100000	322040	483750	676630	729000	1032390	1133570	4116430	3900920	4792020	5276580
962	96200000	476520	349560	539060	821570	1060170	895440	4065160	4024150	4900290	5318860
963	96300000	444720	383820	673940	695260	1056210	887060	4036220	3774510	5007870	5106390
964	96400000	448320	475980	713610	854800	954560	963380	3988680	4220930	4969080	5198390
965	96500000	486020	470950	641110	848670	988150	1052370	3915600	4304790	5066980	5387860
966	96600000	453380	457030	768480	747860	926050	968730	3758290	4125120	4965000	5217790
967	96700000	557310	472600	716790	659010	1032780	970540	4070350	4101740	5016560	5018190
968	96800000	477280	331590	624450	639540	1034280	996090	3898070	4143120	4933060	5303890
969	96900000	386830	445270	611890	642770	931640	840500	3974060	3833610	4979670	4956520
970	97000000	402420	514730	788100	746990	890490	982110	3662930	4126170	5299580	5141550
971	97100000	305140	343720	709910	661030	987850	908480	3842530	3923320	5001250	5091790
972	97200000	473900	278900	799740	725560	878530	994210	3714010	3828270	4869710	5181990
973	97300000	261710	392310	642480	582500	916080	913190	4094370	3927650	4704440	5368690
974	97400000	542930	515750	797900	646780	937810	1036730	3946030	3973660	4883290	4938840
975	97500000	318800	399700	645560	806970	1000340	921810	3994280	3997530	5002860	4881300
976	97600000	355060	505600	629300	589560	893450	956860	3726640	4328000	4944770	4892820
977	97700000	474080	397220	787370	855430	819990	856280	3725170	4085910	4739930	4939060
978	97800000	459320	503140	655070	751520	812600	990020	3782080	3856300	4941210	5054480
979	97900000	463910	555260	811950	748380	968650	981860	3650810	4169350	5131820	5274630
980	98000000	265330	469030	933650	675170	961260	950840	3856520	3777190	4930070	5327580
981	98100000	488100	412500	787020	783860	1012700	910440	3738250	4233780	4947450	5419560
982	98200000	510700	313830	710810	767670	961040	851260	3974970	3612860	5035980	5151270
983	98300000	348360	379610	743990	626170	799350	1056330	3706770	3995470	4865960	5042440
984	98400000	415100	369740	764180	738710	941030	955740	3955620	3731300	5039210	5133440
985	98500000	358600	430420	626930	790540	872000	841860	3846660	3862560	4898230	5183250
986	98600000	484590	457050	811120	673470	928810	919110	3933380	3816090	4635610	5198150
987	98700000	396190	499240	712940	942130	877570	1010390	4105510	4108360	4759550	4863240
988	98800000	452360	345720	803790	784970	938010	954440	3798880	4139730	4850930	4992200
989	98900000	422310	249860	803560	750390	1049640	884940	3831910	4081880	5036650	5276380
990	99000000	492480	444830	689230	741560	901670	1106970	3839970	4225290	4995630	5216300
991	99100000	479550	398200	668660	762150	878400	980000	3880480	3823570	4922530	5056070
992	99200000	430690	421290	569140	709810	954980	898320	3866110	3944110	4703690	4814610
993	99300000	362570	483670	648180	596120	999010	942710	3941600	3714840	4945220	5087330
994	99400000	399400	428550	694080	825420	946570	899990	3869070	3988910	4913750	4893670
995	99500000	320350	454730	737920	637390	939760	1085040	4001280	3991340	4751000	4947220
996	99600000	415200	453630	725460	761310	988590	1044360	3466790	3923110	4937510	4984510
997	99700000	537300	417780	632520	810000	1053850	962480	4012940	4049230	5007510	5004760
998	99800000	344430	368290	690880	813680	837170	863950	3911870	3978450	5002580	4932270
999	99900000	465130	441040	624620	789860	944680	876910	3752510	3828200	4735720	4927710
1000	100000000	468430	323690	704570	750870	1036900	1118060	3854690	3830190	4828330	5223350
											
